2 -4.88728
2 -4.75674
0 -4.83714
3 -4.50417
0 -4.5762
5 -4.58952
4 -4.58298
0 -4.54275
0 -4.49682
5 -4.6462
2 -4.68328
0 -4.63928
0 -4.61518
4 -4.48362
0 -4.45455
0 -4.57427
5 -4.53089
0 -4.75457
1 -4.69855
0 -4.1195
0 -4.49654
0 -4.68142
1 -4.59794
3 -4.57351
0 -4.66191
0 -4.47703
2 -4.62299
5 -4.80023
1 -4.3845
4 -4.71341
0 -4.51341
1 -4.4903
0 -4.60027
0 -4.28706
0 -4.5261
0 -4.51674
2 -4.58332
0 -4.74966
64 -4.57287
2 -4.53239
2 -4.66994
0 -4.61156
0 -4.70097
0 -4.72057
0 -4.36231
0 -4.51598
9 -4.77895
2 -4.54155
0 -4.61701
1 -4.55976
4 -4.30941
0 -4.49626
2 -4.71322
5 -4.79808
6 -4.69551
0 -4.45575
0 -4.46203
1 -4.65407
0 -4.49105
1 -4.64803
4 -4.6169
5 -4.795
1 -4.26048
2 -4.60003
0 -4.6674
11 -4.5249
4 -4.63112
0 -4.34145
0 -4.3259
0 -4.31753
0 -4.36203
1 -4.46625
1 -4.67349
0 -4.38011
7 -4.2175
51 -3.58149
0 -4.48235
2 -4.14393
2 -4.35655
4 -4.53981
10 -3.79816
0 -4.40955
0 -3.73591
0 -4.36668
30 -4.34291
1 -4.34846
4 -4.3286
0 -4.66007
0 -4.34647
0 -4.4807
0 -3.46554
0 -4.37333
0 -4.3025
0 -3.50186
1 -3.51195
2 -4.31217
0 -3.9463
18 -3.94562
0 -4.63009
2 -4.06998
0 -4.50032
0 -4.43475
0 -4.23336
2 -4.29739
8 -3.83149
1 -4.52879
1 -4.35293
0 -4.41602
1 -4.53489
2 -4.16278
1 -4.36885
1 -3.93479
174 -3.20487
0 -3.79619
1 -4.60721
0 -4.65879
0 -3.83437
17 -3.90438
2 -3.79926
43 -3.8677
5 -4.29266
6 -4.08928
10 -4.01136
4 -4.10529
2 -4.38336
5 -3.83282
1 -4.43853
2 -4.35107
6 -4.1824
0 -4.31501
0 -4.313
0 -4.42748
0 -4.43168
1 -4.2131
0 -4.53494
0 -4.56922
0 -4.58567
4 -4.20246
0 -4.00882
1 -4.18211
0 -4.0845
0 -4.46054
7 -4.0162
17 -4.24843
12 -4.50982
0 -4.22012
0 -4.28201
2 -4.42057
0 -4.42314
0 -4.24911
0 -4.16094
4 -4.33525
16 -4.32327
2 -4.3728
7 -4.28826
0 -4.15248
1 -4.44052
1 -4.09653
68 -4.14011
9 -4.4406
1 -4.31758
15 -4.27112
0 -4.52124
3 -4.55411
28 -4.51334
19 -4.25411
0 -4.1635
24 -4.11988
0 -4.40739
67 -4.38744
5 -4.15573
18 -4.08946
0 -4.6723
0 -4.24038
62 -4.33982
0 -4.33242
1 -4.16014
0 -4.49465
5 -4.14966
0 -4.18147
42 -4.1228
1 -4.55203
0 -4.2712
5 -4.22343
32 -4.29693
0 -4.22131
0 -3.83244
5 -4.46496
0 -4.51538
5 -4.25493
2 -4.26678
5 -4.27181
35 -4.40352
6 -4.47356
28 -4.43127
3 -4.33181
94 -4.07953
5 -4.12316
0 -4.50337
4 -4.29637
5 -4.28617
0 -4.17198
1 -4.34525
122 -4.09437
26 -3.95176
124 -3.99257
0 -4.25941
4 -4.07577
3 -4.55887
1 -4.34394
5 -3.89304
63 -4.39999
7 -4.58977
1 -4.27291
32 -4.28574
1 -4.20744
1 -4.19422
1 -4.32528
0 -4.27731
1 -4.09715
2 -4.5477
3 -4.26396
0 -4.19336
10 -4.41808
1 -4.44349
3 -4.26995
0 -4.48004
0 -3.68663
3 -4.35374
4 -4.00462
0 -4.44227
0 -3.84151
1 -4.29426
2 -4.41212
0 -4.27869
5 -3.93784
0 -4.13652
1 -4.20621
0 -4.41554
1 -4.01647
11 -4.29397
25 -3.80369
5 -4.40578
50 -4.28167
11 -4.37925
1 -4.44293
18 -4.46733
1 -4.32283
7 -4.39887
5 -4.03312
5 -4.26154
2 -4.39627
0 -4.47461
0 -4.36381
0 -4.75049
1 -4.25119
0 -4.24495
3 -4.49847
19 -4.25941
0 -4.44835
0 -4.35418
0 -4.09948
8 -4.10192
11 -3.61731
0 -4.30199
3 -4.39484
3 -4.2225
0 -4.26341
9 -3.97673
3 -4.25412
0 -4.43051
1 -4.24863
0 -4.35437
1 -4.19935
7 -4.14526
3 -4.17307
0 -4.16794
51 -4.37761
0 -4.17582
0 -4.33698
0 -4.35227
16 -4.00738
6 -4.43028
35 -4.26161
1 -3.8841
1 -4.32051
0 -4.38893
6 -4.22482
0 -4.33065
0 -4.27948
9 -4.1692
16 -4.11636
1 -4.29641
0 -4.52349
0 -4.38268
1 -4.26231
0 -5.62355
0 -5.34635
0 -5.29555
0 -5.46458
0 -5.66886
0 -5.30629
0 -5.46556
0 -5.33634
0 -5.44693
0 -5.17347
0 -5.20884
0 -5.44901
0 -5.36758
0 -5.38735
2 -5.69534
0 -4.84055
0 -5.32018
0 -5.31556
0 -5.43129
0 -5.2454
0 -5.22554
0 -5.41606
0 -5.31535
0 -5.32589
0 -5.54503
0 -5.21103
0 -5.48755
0 -6.7609
0 -5.38957
0 -5.23522
0 -5.44267
0 -5.38627
0 -4.75172
0 -5.54567
0 -5.18385
0 -5.14292
0 -5.28417
0 -4.9594
0 -5.16508
0 -5.4818
0 -5.31541
0 -5.43755
0 -5.06228
0 -5.63484
0 -5.06756
0 -5.49738
0 -5.57525
0 -5.64144
0 -5.6639
0 -5.60401
0 -5.79299
0 -5.47794
1 -5.49398
1 -5.51629
1 -5.47541
0 -5.37728
1 -5.56755
0 -5.4812
67 -5.10663
0 -5.37767
0 -5.43893
3 -5.60297
0 -5.61127
1 -5.57575
20 -5.45984
0 -5.55915
0 -5.27806
0 -5.48284
0 -5.38593
0 -5.69016
0 -5.27512
0 -5.66234
0 -4.99157
0 -5.58908
1 -5.70917
0 -5.23732
0 -5.64234
0 -5.13621
0 -5.60911
0 -5.75381
2 -5.55267
0 -5.19246
0 -5.40461
0 -5.42323
0 -5.63314
0 -5.90529
0 -5.18447
8 -5.47931
0 -5.57211
2 -5.70097
0 -5.67535
9 -5.63445
0 -5.62602
0 -5.3454
0 -5.75496
0 -5.65117
0 -5.64419
0 -5.61521
4 -5.75175
4 -5.67367
6 -5.58497
0 -5.57008
2 -5.5324
0 -5.47417
0 -5.62417
0 -5.58842
0 -5.30576
0 -5.60056
0 -5.65434
0 -5.6784
0 -5.44079
1 -5.69597
1 -5.57682
0 -5.7442
1 -5.65022
0 -5.42199
0 -5.68633
0 -5.55955
0 -5.07966
0 -4.98039
0 -5.60829
1 -5.5536
0 -5.31717
2 -5.66381
2 -5.47626
1 -5.25694
1 -5.6566
0 -5.63543
0 -5.6592
0 -5.46789
1 -5.70749
0 -5.83275
1 -5.69642
0 -5.20137
1 -5.58295
0 -5.33813
0 -5.64321
0 -5.5293
0 -5.35086
0 -5.2709
0 -5.74426
18 -5.56372
0 -5.33786
2 -5.62889
0 -5.72054
1 -5.31291
0 -5.41316
1 -5.21599
0 -5.46412
0 -5.29145
0 -5.44884
0 -5.16405
0 -5.35828
0 -5.29954
0 -5.16185
0 -5.34646
1 -5.27516
0 -4.98541
0 -5.19599
0 -5.26426
0 -5.13848
0 -5.48119
1 -5.25077
0 -5.24472
2 -5.4607
0 -5.29696
0 -5.12356
0 -5.42367
0 -5.19312
0 -5.42722
0 -5.26114
1 -5.34758
0 -5.3031
0 -5.49089
0 -5.47952
2 -5.06842
3 -5.46817
0 -5.29978
3 -5.40942
0 -5.4262
0 -5.21247
1 -5.42999
0 -5.2806
0 -5.19332
0 -5.17174
0 -5.35999
0 -5.20267
4 -5.45558
0 -5.50895
9 -5.19866
2 -5.45497
0 -5.20811
1 -5.34409
8 -5.22616
0 -5.45101
0 -5.18491
1 -5.40151
0 -5.18477
2 -5.4266
0 -5.33833
0 -5.21873
0 -5.3611
0 -5.12653
0 -5.08025
0 -5.21479
0 -5.35458
0 -5.1241
0 -5.20065
0 -5.47737
1 -5.16486
0 -5.51381
0 -5.36973
0 -5.23428
0 -5.15647
0 -5.241
0 -5.49372
2 -5.15547
0 -5.239
0 -5.105
1 -5.45198
1 -5.49194
0 -5.24807
0 -5.05195
1 -5.31689
0 -5.41822
0 -5.19156
1 -5.20293
0 -5.49301
0 -5.32346
0 -5.42557
0 -5.4551
0 -5.2749
1 -5.12768
0 -5.27844
0 -5.38307
0 -5.39992
0 -5.46801
0 -5.74429
0 -5.7311
0 -5.82472
0 -5.63151
0 -5.85129
0 -5.92341
0 -5.89166
0 -5.92149
1 -5.95653
0 -5.87016
0 -5.60301
0 -5.86765
0 -5.87024
0 -5.93756
0 -5.79633
0 -5.82651
1 -5.97539
0 -5.85761
0 -5.91443
0 -5.67697
0 -5.89638
0 -5.85496
0 -5.89317
0 -5.65149
0 -5.89887
0 -5.66814
0 -5.60379
1 -5.87013
0 -5.68758
0 -5.95796
0 -5.90295
0 -5.9232
0 -5.82093
0 -5.8848
0 -5.82051
0 -5.68555
0 -5.83983
0 -5.89812
0 -5.84211
0 -5.91352
0 -5.94959
0 -5.82169
0 -5.88133
0 -5.68817
0 -5.89169
0 -5.95002
0 -5.82907
0 -5.8119
0 -5.94168
0 -5.81814
0 -5.6417
1 -5.75246
0 -5.85391
0 -5.68205
0 -5.92581
0 -5.69755
0 -5.93611
0 -5.49891
0 -5.67538
0 -5.91262
0 -5.85878
0 -5.77407
0 -5.78349
0 -5.76098
0 -5.88242
0 -5.86071
0 -5.89719
0 -5.71993
0 -5.73943
0 -5.62723
0 -5.86438
0 -5.90772
0 -5.7617
0 -5.90844
0 -5.89334
0 -5.84155
2 -5.7739
0 -5.79491
0 -5.90002
0 -5.60863
0 -5.83799
0 -5.80709
0 -5.88805
0 -5.90358
0 -5.77532
0 -5.84091
0 -5.64047
0 -5.7515
0 -5.62941
0 -5.65094
1 -5.8545
1 -5.75502
0 -5.64581
0 -5.95175
0 -5.90615
0 -5.95447
1 -5.79385
1 -5.85282
0 -5.89632
0 -5.50773
0 -5.46911
0 -5.52497
0 -5.25195
0 -5.25142
0 -5.44674
0 -5.58792
0 -5.48934
0 -5.39681
0 -5.35586
0 -5.34304
0 -5.22263
1 -5.04953
0 -6.24629
0 -5.44111
0 -5.499
0 -5.13608
0 -5.30446
0 -5.37003
0 -5.27409
0 -5.48212
0 -5.41622
0 -5.49651
0 -5.01651
0 -5.47427
0 -5.38938
0 -5.25016
0 -5.18628
0 -4.67289
0 -5.51797
0 -5.4988
0 -5.22304
0 -5.24193
0 -5.05639
0 -5.92632
0 -1.78745
0 -5.51536
1 -3.74717
0 -5.25267
0 -5.41165
0 -4.75557
0 -5.17524
0 -5.52407
0 -5.58177
0 -5.4773
0 -5.56001
0 -4.97602
0 -5.32094
0 -5.13075
1 -5.41977
0 -5.23607
0 -5.55583
0 -4.90722
0 -5.40253
0 -5.20552
0 -5.30988
0 -5.52581
0 -5.44899
0 -5.58001
0 -5.71157
0 -5.4899
0 -5.31608
1 -5.28893
0 -5.42755
0 -4.85126
0 -5.61788
0 -5.55443
0 -5.19425
0 -5.36112
0 -5.4178
0 -5.22323
0 -5.24812
0 -5.23544
0 -5.41834
0 -5.62705
0 -5.26512
0 -5.21191
0 -5.33589
0 -5.45562
0 -5.30619
1 -5.43572
0 -5.30812
0 -5.21199
0 -5.16956
0 -5.302
0 -5.1665
2 -5.24058
0 -5.38247
0 -5.57721
0 -5.17681
0 -5.45709
0 -5.15515
0 -4.3433
0 -5.55393
1 -5.32716
0 -5.26492
0 -5.20876
0 -5.48663
0 -5.01473
0 -5.45246
0 -4.4217
0 -5.42574
0 -5.36701
2 -5.1372
0 -4.56233
0 -4.49953
1 -4.85135
0 -4.91528
1 -4.61103
5 -4.48262
0 -4.0984
2 -5.07657
5 -4.55811
1 -4.92639
0 -4.74576
0 -4.92297
0 -4.34631
1 -4.75992
1 -4.80284
1 -4.6612
0 -4.77438
1 -4.62773
1 -5.0421
0 -4.8301
0 -4.86689
0 -4.69125
0 -4.48262
0 -4.75434
2 -4.73693
1 -4.23362
0 -4.32814
0 -4.72367
0 -4.4145
1 -4.94725
0 -4.61585
0 -4.40599
0 -4.53106
11 -4.67833
5 -4.50489
0 -4.3336
1 -4.89863
0 -4.67215
0 -4.79748
0 -4.64492
0 -4.80807
2 -4.72743
1 -4.68284
0 -4.60431
2 -5.01984
1 -4.76424
12 -4.87322
0 -4.14246
1 -4.80973
2 -4.6437
0 -4.91958
3 -4.80848
0 -4.80169
0 -4.7838
1 -4.40721
12 -4.80626
2 -4.77462
1 -4.47446
0 -5.03336
0 -4.25715
0 -4.22767
0 -4.55325
0 -4.58294
1 -4.73929
0 -4.43324
0 -4.30765
0 -4.36068
0 -4.55781
0 -4.54714
0 -4.90798
1 -4.61956
0 -4.776
0 -4.89238
0 -4.34277
3 -4.68027
1 -4.71067
1 -4.27033
0 -4.68098
0 -4.87402
0 -4.44739
0 -4.89984
0 -4.72564
0 -4.12651
1 -4.69429
0 -4.4448
1 -4.31599
6 -4.82888
1 -4.69246
0 -4.67525
32 -4.77475
0 -4.44301
0 -4.69346
0 -5.01495
1 -4.73914
0 -4.3348
0 -4.92562
3 -4.43291
10 -4.39916
0 -4.84759
1 -4.59698
0 -4.77041
0 -4.43325
2 -4.68575
0 -4.53065
2 -4.83729
0 -4.85348
3 -4.71519
0 -4.8544
1 -4.68018
0 -4.51889
0 -4.69624
0 -4.83726
0 -4.86627
3 -4.71935
1 -4.37841
0 -4.6311
0 -4.74159
0 -4.36875
0 -4.43127
3 -4.83439
2 -4.29962
0 -4.48318
3 -4.53245
0 -4.24632
1 -4.30797
0 -4.65142
0 -4.49412
0 -4.74435
2 -4.64897
3 -4.44275
0 -4.39667
0 -4.3574
0 -4.17501
0 -4.54227
0 -4.08906
0 -4.57479
4 -4.35993
0 -4.18857
0 -4.30539
1 -4.16831
1 -4.30782
0 -4.70117
0 -4.26389
0 -4.3188
0 -4.64831
5 -4.038
2 -4.42806
4 -4.37476
0 -4.4439
0 -4.42979
2 -4.47097
1 -4.42666
0 -4.32618
0 -4.41727
0 -4.58094
1 -3.95217
8 -4.36945
0 -4.1428
0 -4.28556
2 -4.15032
0 -4.54169
1 -4.34002
0 -4.51413
0 -4.23248
4 -4.17475
0 -4.11227
0 -4.27951
0 -4.2012
1 -4.24693
0 -4.26273
1 -4.26078
0 -4.52032
0 -4.26145
0 -4.26339
3 -4.35649
0 -4.43896
0 -4.28581
0 -4.68257
1 -4.22746
0 -4.52676
0 -4.37464
0 -4.30247
0 -4.02893
2 -4.47245
0 -4.96954
2 -4.97042
1 -4.86621
0 -5.00113
0 -4.91984
1 -5.00138
1 -4.95084
0 -4.98153
0 -4.75169
0 -5.03986
0 -4.82694
1 -4.97547
0 -4.85776
0 -4.73007
1 -4.6825
3 -4.83896
0 -4.95509
0 -4.93908
0 -4.80263
0 -4.84403
0 -5.10679
0 -4.98877
0 -5.07595
2 -4.58506
0 -5.42368
1 -5.20327
2 -5.23743
0 -5.45064
5 -5.2171
1 -5.28539
0 -4.96843
0 -5.14444
8 -5.19565
3 -5.23475
3 -5.3828
7 -4.73258
2 -5.07109
0 -6.05078
0 -6.39821
0 -5.67986
0 -5.93603
0 -5.9616
0 -5.93774
0 -6.26369
1 -5.68234
0 -5.91921
0 -5.90191
1 -5.60722
0 -5.65727
1 -5.66171
0 -5.61137
0 -6.07172
0 -6.2222
0 -6.50266
0 -5.88192
1 -5.81821
0 -5.99587
1 -6.45519
0 -6.41222
1 -5.75058
0 -6.25066
8 -5.74772
0 -5.91536
0 -6.05499
0 -5.81254
0 -5.7533
1 -5.62578
0 -6.20835
0 -5.84339
4 -5.62298
0 -5.72885
0 -6.1121
0 -6.35847
0 -5.859
3 -5.70752
1 -5.65221
0 -5.97826
4 -5.73687
0 -6.33179
0 -5.84022
1 -5.76646
0 -5.84779
0 -5.67626
1 -5.86823
0 -6.43116
0 -6.56804
12 -5.82149
0 -5.99819
0 -6.37089
0 -6.02321
0 -5.91449
0 -6.47622
2 -5.90017
0 -5.97456
2 -5.74526
0 -5.81674
0 -6.0839
0 -5.92279
1 -5.92845
19 -5.7184
0 -5.75978
0 -6.00339
0 -6.16112
0 -5.92041
0 -5.96903
0 -6.10691
0 -5.78273
0 -6.11545
0 -6.04187
2 -5.73224
3 -5.87017
3 -5.60559
1 -5.78616
0 -6.39684
0 -5.80098
0 -5.83764
0 -5.59083
5 -5.67271
18 -5.49768
0 -5.99148
0 -6.17417
1 -6.22096
0 -6.16138
0 -6.26571
0 -6.12254
0 -6.00297
0 -5.89594
0 -5.97524
0 -6.38488
1 -6.07613
0 -6.14344
0 -6.16505
0 -6.21767
0 -6.23321
0 -6.15625
0 -6.49065
0 -5.77517
0 -6.21654
3 -6.06589
0 -5.91657
0 -6.04506
0 -5.88952
1 -5.87726
0 -5.82964
0 -6.06944
0 -6.06659
2 -5.91648
0 -5.98982
0 -6.62585
0 -6.17677
0 -6.39107
0 -5.84025
0 -6.1823
0 -5.90498
0 -6.47964
0 -6.56193
0 -6.12801
0 -6.58594
0 -6.52034
0 -5.98068
0 -5.95884
0 -6.02761
0 -6.02662
0 -6.34445
0 -6.38657
0 -5.8618
0 -5.99164
0 -6.09835
0 -6.09987
0 -5.79677
0 -5.87664
0 -6.11273
0 -5.70489
0 -6.2065
0 -5.91256
0 -6.0833
0 -6.43682
0 -6.1817
0 -5.94978
0 -6.32242
0 -5.99262
1 -5.78051
0 -6.2746
0 -6.07296
0 -5.98899
0 -5.99145
0 -5.93748
0 -6.54867
0 -6.54161
0 -6.03886
0 -6.13276
0 -5.90589
0 -6.04761
0 -5.88768
0 -6.12631
0 -6.05326
0 -5.97858
0 -6.01965
0 -6.04076
0 -6.07617
0 -6.05537
2 -6.07484
0 -5.67624
0 -6.18793
0 -5.94624
0 -6.09888
0 -6.22123
1 -4.05287
0 -4.70769
0 -3.97079
17 -1.97962
0 -4.59239
3 -4.35887
1 -4.66762
2 -3.12448
0 -4.59084
1 -2.94258
0 -4.53499
3 -3.73663
0 -4.46289
0 -4.36672
1 -4.45677
0 -4.33057
32 -4.74553
2 -4.30778
0 -4.16852
1 -4.25114
0 -3.97777
0 -4.37736
1 -4.36465
3 -4.36265
10 -4.58552
5 3.05678
0 -4.09088
0 -4.19747
0 -4.72584
6 -4.32952
0 -4.07907
1 -4.40241
0 -4.15782
0 -4.35314
2 -3.6014
0 -4.75757
0 -4.36577
11 -3.14659
0 -4.27242
13 -1.69667
3 -4.76851
0 -4.12494
0 -4.25133
1 -4.41554
1 -3.62303
0 -4.29096
1 -4.61822
0 -4.69044
6 -3.16223
17 -1.62542
6 -2.59687
0 -4.16985
2 -4.31168
0 -4.50683
1 -4.3888
0 -4.18639
1 -4.31763
0 -4.75125
0 -4.70776
0 -4.29396
3 -4.66193
0 -4.06064
0 -3.99102
0 -4.38036
1 -4.22235
0 -4.33143
0 -4.29324
1 -4.18471
0 -4.54674
0 -4.6043
0 -4.71023
0 -4.2836
1 -4.78533
0 -4.1638
0 -4.57937
0 -4.34532
1 -4.22387
5 -4.42092
0 -3.6582
2 -2.97637
0 -4.48799
1 -3.41535
0 -5.23943
0 -5.3534
0 -5.32272
0 -5.23915
0 -4.96417
0 -5.13857
0 -5.10402
0 -5.16044
0 -4.93703
0 -5.21268
2 -5.38822
0 -4.79859
0 -5.35723
0 -5.26309
0 -5.14426
2 -5.11455
0 -5.43643
0 -5.02485
0 -5.30747
0 -5.06084
0 -5.23239
0 -5.21413
0 -5.25148
2 -5.45742
1 -5.53538
0 -5.25012
0 -5.21081
0 -5.23349
0 -5.04708
0 -5.07178
2 -5.43573
2 -5.37152
0 -5.08973
0 -5.07284
0 -4.67427
0 -5.42434
0 -5.30048
0 -5.30952
1 -5.21521
0 -5.27619
0 -5.29096
0 -5.21897
0 -5.06783
0 -5.2271
0 -5.20571
3 -4.97961
0 -5.06591
4 -5.21823
1 -5.00848
0 -5.40295
0 -5.31014
0 -5.22409
0 -5.10094
0 -5.3497
0 -4.99143
0 -5.24849
1 -5.35207
0 -5.25283
0 -6.99228
0 -4.86301
0 -5.29774
1 -5.04151
0 -5.0978
0 -5.32691
0 -5.24942
0 -5.09588
0 -4.7349
0 -5.14918
0 -5.24663
0 -5.22887
0 -5.07327
0 -4.74662
2 -5.13499
0 -5.38135
0 -4.95819
0 -5.21919
0 -4.9825
0 -4.45695
2 -5.09641
1 -5.22776
0 -5.22282
0 -5.24699
0 -5.4008
0 -5.05829
0 -5.23383
0 -5.1762
0 -5.26305
0 -5.21466
0 -5.55917
0 -5.1304
0 -4.89329
2 -5.481
0 -4.98115
0 -5.33832
0 -5.2238
5 -5.30147
0 -5.30375
0 -5.20918
0 -5.21292
1 -4.96392
0 -4.97966
0 -5.20545
0 -4.90015
0 -5.10087
0 -5.02821
0 -5.22799
0 -5.00609
0 -5.15573
1 -5.31696
0 -5.13885
0 -4.98621
0 -5.02038
0 -5.27427
0 -4.94851
4 -4.94331
0 -5.47479
1 -5.35953
0 -5.62637
0 -5.51278
0 -5.65519
0 -5.79119
0 -5.70323
0 -5.79586
0 -5.95465
0 -5.96438
0 -6.03595
0 -5.57028
0 -5.9075
0 -5.87839
0 -5.51478
1 -5.5675
0 -5.91352
0 -5.25677
0 -5.66007
0 -5.43644
0 -6.21485
0 -5.63163
0 -5.51908
1 -5.28702
1 -5.60525
0 -5.92635
0 -5.40898
0 -5.94924
0 -5.45815
0 -5.34783
0 -5.21942
0 -5.47418
0 -5.76749
0 -5.38042
0 -5.88899
0 -6.03795
0 -5.77435
0 -5.8146
0 -5.60945
0 -5.96839
0 -5.4309
0 -6.0821
0 -5.68394
0 -5.68371
0 -5.36109
0 -6.1135
1 -5.62395
0 -5.68501
0 -5.48295
0 -5.75646
0 -6.17492
0 -5.96436
0 -6.01903
0 -5.56519
0 -6.03832
0 -6.01879
0 -5.47376
0 -5.58252
0 -5.26871
0 -5.23865
0 -5.37911
0 -5.56905
0 -5.43903
0 -5.63795
0 -5.44592
0 -5.49265
0 -5.74411
0 -5.59955
0 -5.76968
0 -5.68522
0 -5.25336
3 -5.52631
0 -5.34141
0 -5.42117
0 -5.40663
0 -5.69237
0 -5.45119
0 -5.40451
0 -5.51043
0 -5.14303
0 -5.25923
0 -5.62703
0 -5.73841
2 -5.70463
0 -5.21321
0 -5.55971
0 -5.42823
0 -5.34352
0 -5.36946
0 -5.73915
0 -5.38005
0 -5.52196
1 -5.25482
0 -5.55525
0 -5.39507
0 -5.23768
0 -5.56607
0 -5.38536
0 -5.42991
0 -5.67957
0 -5.5147
0 -5.46651
0 -5.34881
0 -5.27322
0 -5.54151
0 -5.72617
0 -5.39252
0 -5.3725
0 -5.20399
0 -5.56159
0 -5.53038
0 -5.18237
0 -5.53112
0 -5.63926
0 -5.53495
0 -5.7183
0 -5.53755
0 -5.26397
0 -5.43597
0 -5.62576
0 -5.63834
0 -5.57065
0 -5.39809
0 -5.68469
0 -5.42299
0 -5.48829
0 -5.86145
0 -5.75034
0 -5.20547
0 -5.75427
0 -5.47479
0 -5.45106
0 -5.52252
0 -5.71561
0 -5.59849
0 -5.36929
0 -5.28278
0 -5.47145
0 -5.81391
0 -5.69539
0 -5.5325
1 -5.64426
0 -5.3813
12 -4.41641
2 -5.47189
1 -5.28257
0 -4.96201
0 -5.27331
0 -5.30159
0 -5.18211
0 -4.93006
1 -5.34086
0 -5.13467
0 -5.19637
0 -5.12981
0 -5.13626
3 -5.28648
0 -5.42467
1 -5.30669
0 -5.5574
0 -5.60951
0 -5.40016
0 -5.60868
1 -5.55995
4 -5.4652
2 -5.53259
0 -5.5263
1 -5.55675
0 -5.43732
0 -4.5584
7 -4.53279
1 -4.9055
2 -4.52702
0 -4.89564
1 -4.52104
5 -4.44635
0 -4.71039
10 -3.87803
1 -4.87571
3 -4.61022
4 -4.23191
13 -4.79324
7 -4.82199
4 -4.87551
2 -4.35593
0 -4.64608
2 -4.68284
1 -4.99401
2 -4.49566
2 -4.87219
11 -4.48103
0 -4.55907
0 -4.38381
0 -4.42426
0 -4.51805
1 -4.59182
0 -5.0197
1 -3.85643
1 -4.4004
1 -4.01563
0 -4.06381
0 -4.46991
0 -3.97509
0 -4.31009
0 -4.64901
1 -4.95658
1 -3.87911
0 -4.4595
0 -4.00702
0 -4.40954
0 -4.4597
1 -4.11607
0 -4.50699
1 -4.75483
1 -4.74941
1 -4.0635
5 -4.50569
0 -4.28019
0 -4.10672
1 -4.46294
1 -4.46339
0 -4.49549
1 -4.40592
1 -5.23336
0 -5.00789
18 -3.5103
0 -5.05655
0 -5.04911
0 -5.13982
0 -5.00439
0 -5.21588
0 -5.01326
1 -5.23828
0 -5.16885
0 -5.08277
1 -5.04232
2 -5.08526
0 -4.95308
0 -5.29887
0 -5.23886
0 -5.19804
0 -5.12235
0 -4.97602
0 -5.23219
1 -5.19329
1 -5.28083
38 -3.87462
0 -5.20552
0 -5.16453
0 -5.142
4 -5.10357
1 -5.09223
31 -4.66518
14 -3.93654
0 -5.11136
0 -5.1646
0 -5.15531
0 -5.213
4 -4.74417
0 -5.07474
1 -5.2227
0 -5.00225
1 -4.92069
69 -3.84974
1 -5.11498
17 -4.36346
5 -4.63321
0 -5.26896
0 -5.34125
1 -5.21508
0 -5.0473
0 -5.20739
0 -5.14059
1 -5.15385
49 -4.85047
0 -4.80029
0 -5.20002
0 -5.02545
1 -4.90501
1 -5.36596
0 -5.2228
4 -5.17205
20 -4.60299
0 -5.05045
0 -5.15254
0 -4.73591
0 -4.54608
0 -4.47873
1 -4.51703
0 -4.47788
1 -4.42991
0 -4.44642
0 -4.53552
0 -4.36227
3 -4.50339
0 -4.47069
0 -4.55839
0 -4.62242
0 -4.64061
0 -4.80384
0 -4.4628
0 -4.68095
0 -4.55874
0 -4.6782
0 -4.32967
0 -4.61736
0 -4.31311
0 -4.58342
0 -4.37876
0 -4.57319
2 -4.6804
1 -4.79829
0 -4.71306
0 -4.67726
0 -4.81495
0 -4.32947
1 -4.71786
0 -4.5621
3 -4.68864
0 -4.75704
0 -4.58955
0 -4.72808
0 -4.28166
0 -4.78471
0 -4.35864
3 -4.62154
0 -4.57207
0 -4.69761
0 -4.40196
0 -4.42288
1 -4.6542
0 -4.51608
0 -4.46135
1 -4.73551
0 -4.2456
0 -4.63291
0 -4.40304
0 -4.61694
1 -4.5305
0 -4.63061
1 -4.57284
0 -4.34015
0 -4.51902
0 -4.53103
6 -4.5277
0 -4.52957
0 -4.27649
2 -4.68259
1 -4.74357
0 -4.5296
0 -4.77231
1 -4.72644
0 -4.77894
0 -4.4302
0 -4.738
0 -4.49756
0 -4.60208
0 -4.84903
2 -4.61182
0 -4.48048
0 -4.64262
1 -4.51728
0 -4.14572
0 -4.77146
0 -4.71123
0 -4.58324
0 -4.35625
0 -4.66818
1 -4.61028
0 -4.78291
0 -4.67393
0 -4.31872
0 -4.38184
0 -4.33696
0 -4.57128
0 -4.66473
3 -4.7952
0 -4.59561
0 -4.46457
0 -4.49013
0 -4.68671
1 -4.56303
0 -4.61257
0 -4.78042
0 -4.31572
0 -5.91163
0 -6.15177
0 -5.75564
0 -6.33249
0 -5.96466
0 -6.11094
0 -6.12432
0 -6.24208
0 -6.30613
0 -5.90568
0 -6.21474
0 -5.89777
0 -6.12144
0 -5.88236
0 -6.12551
0 -5.99511
0 -6.34444
0 -5.84697
0 -5.92804
0 -5.98931
0 -6.02254
0 -5.97365
0 -6.22549
0 -5.85954
0 -5.59747
0 -6.02796
0 -6.19384
0 -6.10167
0 -5.89057
0 -6.1618
0 -6.38012
0 -6.32273
0 -6.27007
0 -6.05573
0 -6.26681
0 -6.09881
0 -5.70946
0 -6.04093
0 -5.90397
0 -5.19114
0 -6.07926
0 -6.10712
0 -6.11137
0 -6.21342
0 -6.18668
0 -6.06076
0 -6.23247
0 -5.02715
0 -5.28198
0 -5.27104
2 -5.24317
1 -5.02043
0 -5.30987
0 -4.99462
0 -5.14582
2 -5.24669
0 -5.05973
0 -5.21159
2 -5.23199
1 -5.11855
0 -5.16664
1 -5.17019
1 -5.18741
0 -5.21988
5 -4.94489
0 -5.24465
1 -5.39669
1 -5.30064
1 -5.2563
2 -5.21674
0 -5.0989
2 -5.07452
0 -5.45049
0 -4.95438
0 -5.25231
5 -5.22867
0 -5.10135
5 -5.09809
0 -5.33467
1 -5.15168
0 -5.05534
0 -5.32495
1 -5.1148
1 -5.10823
0 -5.18813
0 -5.24215
3 -5.07414
0 -5.04871
3 -5.26931
3 -5.29903
1 -4.9844
2 -5.25157
0 -5.20847
7 -5.2624
2 -5.27984
1 -5.19746
4 -5.13351
0 -5.17549
1 -5.24358
1 -5.04705
0 -5.30091
0 -5.19616
0 -4.97353
2 -5.17868
0 -5.16033
1 -5.1479
1 -5.14658
0 -5.05575
0 -5.27756
2 -5.33103
0 -5.07938
0 -5.14194
0 -5.01791
2 -5.19954
3 -5.20789
0 -5.341
1 -5.22883
1 -5.11384
0 -5.31194
1 -5.00668
0 -5.2838
0 -5.28229
3 -5.15462
4 -5.08176
5 -5.15953
2 -5.18372
1 -5.22698
1 -5.34507
0 -4.83399
1 -5.23671
2 -5.07379
0 -5.2087
0 -5.37527
0 -5.39274
0 -5.25249
0 -5.19903
0 -5.22031
0 -5.09468
0 -4.83767
0 -4.92731
0 -4.25613
0 -5.00006
0 -4.9556
0 -4.84346
1 -5.12385
3 -5.04486
0 -5.25857
1 -4.8973
1 -4.74239
2 -5.2025
0 -5.1466
1 -4.26246
1 -4.97532
0 -4.93368
1 -5.90374
2 -5.34816
0 -4.98761
0 -5.34922
0 -5.12574
0 -5.1071
1 -5.26434
1 -5.02119
1 -4.72787
0 -5.0612
0 -5.18044
0 -4.80173
0 -4.36628
2 -5.35639
0 -5.25332
0 -5.13422
0 -4.77967
0 -4.75334
0 -5.09008
0 -4.36966
0 -5.36929
1 -5.13475
0 -4.76912
0 -5.2613
1 -5.03102
1 -5.16821
0 -5.14993
1 -4.84918
0 -5.08316
0 -4.86676
0 -4.07338
0 -5.22629
0 -5.25851
0 -4.88582
1 -5.45715
0 -5.05988
1 -5.35967
0 -5.24436
0 -5.60779
0 -5.12358
17 -4.98911
0 -4.00921
2 -5.28928
1 -5.53105
0 -5.5254
1 -5.26985
1 -5.18275
0 -4.24067
2 -5.17634
1 -5.11138
0 -5.18953
0 -4.93948
0 -4.83635
33 -4.27452
2 -5.52583
0 -5.07977
0 -5.41818
1 -4.97463
0 -4.63504
0 -4.65725
5 -5.28953
1 -5.40242
2 -5.55133
0 -4.8699
0 -4.52472
0 -5.19291
0 -5.1479
0 -4.51
3 -4.17431
1 -4.17541
2 -3.53496
0 -4.70075
0 -4.02569
0 -5.44077
2 -5.32042
1 -5.24405
0 -4.94105
2 -5.47974
0 -5.03326
0 -5.57468
0 -4.51087
0 -5.67112
0 -5.13167
0 -5.50194
0 -5.43366
0 -5.58362
0 -4.73351
0 -5.25954
0 -5.2396
0 -5.03997
0 -5.54813
0 -5.63503
2 -5.1211
0 -5.09076
1 -5.17614
0 -4.95462
1 -5.09991
0 -5.33509
4 -5.21347
1 -5.27712
0 -5.35823
0 -4.74981
1 -5.33163
1 -5.4183
0 -5.26096
0 -5.4958
4 -5.26654
0 -5.30517
0 -5.26304
0 -4.80227
4 -4.96346
0 -4.99727
0 -5.03803
0 -4.95253
2 -4.69871
0 -4.9727
1 -5.09441
1 -4.87575
0 -5.1464
0 -4.95796
0 -5.06745
0 -4.86648
0 -4.87376
1 -4.88072
0 -5.01694
1 -4.91805
0 -5.00061
0 -4.9676
0 -4.99126
0 -4.87831
1 -4.85237
1 -4.69547
0 -5.12724
2 -5.04896
1 -4.7587
0 -5.28483
1 -4.96528
0 -4.80815
0 -4.88678
0 -4.90372
0 -4.83842
0 -5.06203
0 -4.86521
4 -5.05247
0 -4.77108
0 -5.06458
1 -4.78609
1 -4.72187
3 -4.95599
2 -5.08587
0 -5.00843
1 -5.00019
0 -4.90001
4 -4.85574
3 -4.7599
0 -5.00427
2 -4.83983
0 -4.97948
0 -4.97277
0 -4.25679
2 -4.94642
0 -4.9886
0 -4.86703
0 -4.97726
0 -4.77068
0 -4.80292
0 -5.0913
1 -5.08898
0 -5.00163
0 -5.03317
0 -5.08155
0 -5.07217
0 -5.02737
4 -4.92428
0 -5.01807
1 -4.85128
0 -5.26383
0 -5.23002
0 -5.24056
3 -4.83407
9 -5.28907
0 -4.52355
2 -4.63739
0 -4.37433
3 -4.59985
0 -4.3884
0 -4.47509
4 -4.59179
8 -4.64494
0 -4.41109
4 -4.51424
0 -4.69268
1 -4.67549
3 -4.5265
1 -4.33723
0 -4.47805
1 -4.49843
0 -4.48994
3 -4.68699
0 -4.56363
0 -4.63723
5 -4.549
0 -4.49368
8 -4.53727
0 -4.4797
0 -4.43356
2 -4.59522
0 -4.27489
4 -4.66656
2 -4.68995
4 -4.61061
0 -4.4162
5 -4.63648
0 -4.5163
3 -4.4125
0 -4.44802
0 -4.58816
8 -4.44377
1 -4.43841
0 -4.5733
9 -4.67593
0 -4.43284
5 -4.6548
1 -4.55455
0 -4.74764
1 -4.29076
1 -4.7964
0 -5.77736
0 -5.97058
0 -5.40386
0 -5.67874
0 -5.91884
0 -6.13073
0 -5.72061
0 -58.2064
0 -5.94131
0 -5.9229
0 -5.4265
0 -5.82508
0 -5.7725
0 -5.99267
0 -5.25234
0 -5.64846
0 -5.89587
0 -5.75033
0 -5.94777
0 -5.2668
0 -5.73092
0 -5.95065
0 -5.78393
0 -5.92789
0 -5.97428
0 -5.56034
0 -5.83482
0 -5.85956
0 -5.92243
0 -5.85238
0 -5.90204
0 -6.03317
0 -5.7566
0 -5.89286
0 -5.23559
0 -5.69735
0 -5.7343
0 -5.83958
0 -5.87942
0 -5.57684
0 -6.01425
0 -5.53063
0 -5.78771
0 -5.87313
0 -5.86221
0 -6.05447
0 -5.19083
0 -5.81164
0 -5.93098
0 -5.90753
0 -5.81294
0 -5.89518
0 -5.90902
0 -5.7296
0 -5.79177
0 -4.79051
0 -6.0094
0 -5.95291
0 -5.97717
0 -4.76734
0 -5.57543
0 -5.83945
0 -5.86266
0 -5.86095
0 -5.80843
0 -58.0816
0 -4.55221
1 -4.42576
0 -4.45918
0 -4.2787
2 -4.44788
4 -4.23071
0 -4.38743
0 -4.5188
0 -4.48577
0 -4.40381
2 -4.65685
0 -4.36024
0 -4.25058
0 -4.27156
0 -4.47817
0 -4.46118
0 -4.38882
0 -4.46483
4 -4.54934
0 -4.42135
0 -4.47775
1 -4.6017
1 -4.62924
0 -4.4679
0 -4.39833
2 -4.4023
5 -4.61938
0 -4.40429
0 -4.50079
4 -4.52101
0 -4.14129
2 -4.56
3 -4.3193
0 -4.27578
0 -4.356
0 -4.22397
0 -4.60372
1 -4.38144
1 -4.53878
0 -4.55633
0 -4.47487
0 -4.4451
0 -4.52494
0 -4.40573
3 -4.51467
0 -4.19666
2 -4.57378
0 -4.53914
0 -4.44995
13 -4.28951
0 -4.34467
1 -4.45371
0 -4.48021
0 -4.41475
1 -4.2981
0 -4.22927
2 -4.49775
0 -4.27855
0 -4.4951
3 -4.46952
0 -4.36222
0 -4.36116
1 -4.769
0 -4.47026
1 -4.38149
0 -4.64725
0 -4.40311
0 -4.53601
0 -4.40474
0 -4.25103
0 -4.47811
0 -4.3076
0 -4.45796
2 -4.64436
7 -4.62868
0 -4.38329
0 -4.16883
1 -4.39031
57 -4.23266
1 -4.48366
0 -4.45935
1 -4.52096
3 -4.59483
1 -4.60592
0 -4.52612
0 -4.35421
1 -4.38026
0 -4.30558
1 -4.36639
1 -4.56184
0 -4.34816
1 -4.58136
0 -4.42033
0 -4.67231
2 -4.6495
3 -4.60834
0 -4.20781
11 -4.52687
0 -4.15388
0 -4.89488
0 -4.80753
1 -3.77668
0 -4.53817
1 -4.35404
0 -4.63463
1 -4.43477
0 -4.6948
3 -3.87712
3 -4.60352
28 -3.99614
0 -4.66765
0 -4.68606
0 -4.60469
9 -4.55101
15 -4.19004
0 -4.35247
0 -4.23034
0 -4.42515
0 -2.81016
0 -4.60397
0 -4.43326
0 -4.60324
1 -4.27853
0 -3.85311
1 -4.62591
164 -1.55572
0 -4.49374
0 -4.89815
0 -4.6539
0 -4.26633
1 -4.26237
4 -4.49172
0 -4.55057
0 -4.95366
0 -4.10736
0 -4.53735
0 -4.58764
39 -4.7248
0 -4.53385
1 -4.36242
4 -4.55463
0 -4.38611
0 -4.29316
2 -4.79888
0 -4.79946
0 -4.46303
0 -4.18421
0 -4.00382
0 -3.97045
2 -3.83088
0 -4.78804
85 -4.16833
1 -4.1485
0 -4.18718
0 -4.77772
21 -4.73792
3 -4.15664
1 -4.4255
0 -3.27935
0 -4.69121
1 -3.47364
0 -4.61939
3 -4.10331
0 -3.90848
7 -4.56246
14 -3.48972
1 -4.69511
0 -4.34907
0 -4.85749
3 -4.50511
0 -4.40451
0 -4.11968
0 -4.50775
19 -4.11154
0 -4.71695
0 -4.62756
0 -3.68177
1 -4.23684
14 -4.08313
0 -4.19572
0 -4.63908
0 -4.43328
0 -4.08825
0 -4.04259
0 -4.87532
4 -4.85432
8 -4.59414
0 -4.43509
4 -4.3926
0 -4.17147
0 -4.25488
0 -4.506
0 -4.62223
0 -4.62819
2 -4.61577
111 -3.92715
2 -4.64911
0 -5.30918
0 -4.45764
7 -4.42559
0 -4.89711
3 -4.56561
434 -2.04424
0 -4.51816
0 -4.35533
1 -4.78221
0 -4.80808
0 -4.48374
0 -4.25169
0 -3.62074
4 -4.7269
1 -4.8678
0 -4.51273
0 -4.86312
0 -4.15095
4 -4.49352
0 -4.4001
17 -4.21488
0 -3.04044
5 -3.28736
5 -4.65322
0 -4.4635
0 -3.90962
8 -4.63748
0 -4.70278
0 -2.78306
0 -4.67708
0 -4.63684
0 -4.41102
0 -4.75912
1 -3.80628
4 -3.63042
0 -4.3781
0 -4.88657
0 -4.28761
0 -4.57577
0 -3.4486
0 -4.17333
0 -4.49608
5 -4.58482
3 -4.38058
0 -4.63013
0 -4.76045
0 -4.0644
0 -4.71855
8 -4.38722
0 -4.04012
1 -4.38798
3 -4.4701
0 -4.07217
0 -4.46065
0 -4.49748
0 -4.14999
0 -4.44593
0 -3.92312
2 -3.29551
0 -4.21917
0 -4.17776
11 -4.32153
0 -4.44559
0 -4.46547
0 -4.17346
0 -4.86339
11 -4.55233
0 -4.4765
0 -4.63093
0 -4.5784
1 -4.48572
0 -4.50136
0 -4.35578
0 -4.25769
20 -3.81746
0 -4.70295
0 -4.79979
9 -4.48209
1 -4.64845
0 -4.63176
1 -4.8461
1 -4.26031
2 -3.91815
5 -4.48045
1 -4.50233
0 -3.57663
0 -4.66192
2 -4.96475
0 -4.34821
0 -4.37156
0 -4.68577
0 -3.87853
1 -3.99242
0 -4.9931
0 -4.44451
6 -4.74561
0 -4.35737
1 -4.59458
0 -4.46315
1 -4.40463
0 -4.43902
7 -3.87863
0 -4.39031
0 -4.16336
0 -4.34224
0 -4.64725
1 -4.40611
0 -4.70962
32 -4.53866
0 -4.71604
16 -2.16079
0 -4.64504
0 -4.30773
0 -4.66372
0 -4.17621
0 -4.29726
42 -4.44852
8 -4.53766
0 -3.92912
0 -4.15753
0 -4.60997
1 -4.53784
2 -4.42373
36 -4.30255
2 -4.52232
2 -4.53726
2 -4.63875
0 -3.88959
2 -3.869
1 -3.59188
0 -4.60084
8 -4.04061
3 -4.53446
3 -4.36753
0 -4.24994
1 -4.58121
4 -3.06082
1 -4.10608
0 -4.79566
0 -4.85138
3 -4.63349
12 -2.01043
16 -4.65532
1 -4.2559
0 -4.2061
2 -4.84525
3 -4.63756
0 -4.21829
2 -4.74075
0 -2.86553
0 -3.23493
0 -5.10384
0 -5.24563
0 -5.14973
0 -4.89732
0 -5.13972
2 -5.14784
0 -5.04856
0 -4.89486
0 -5.03132
0 -4.9055
1 -5.08669
0 -5.11475
0 -5.04015
0 -5.2797
0 -5.17496
0 -4.97841
0 -5.34387
6 -4.83699
0 -4.33883
1 -5.16234
1 -4.96173
1 -5.12898
1 -5.35814
1 -5.17538
1 -5.22175
0 -5.18182
0 -4.8303
0 -4.95389
1 -5.06271
0 -5.55631
0 -5.15613
0 -5.50622
0 -5.44585
0 -5.91813
0 -4.61661
1 -5.54245
0 -5.4811
0 -5.38316
0 -5.5249
0 -5.28636
0 -5.57156
0 -5.34617
0 -5.38075
0 -4.47989
0 -5.16356
1 -4.98984
0 -5.0317
0 -4.41282
0 -4.5582
0 -4.80548
0 -4.12447
0 -4.66812
0 -4.84394
0 -4.9016
0 -4.59415
0 -4.37874
0 -4.90096
0 -4.87919
0 -4.8488
1 -4.25483
1 -4.7409
0 -4.59701
0 -4.58065
0 -4.43142
1 -4.84246
0 -4.81927
0 -5.0086
0 -4.81833
0 -4.80011
0 -4.89706
0 -4.38932
0 -4.70269
0 -4.5768
0 -4.97437
0 -5.00174
0 -4.65231
0 -4.57162
0 -4.66393
0 -4.25269
0 -4.92118
0 -3.75009
0 -4.45054
1 -4.60827
0 -4.87633
0 -4.82042
0 -4.72678
0 -5.19137
3 -4.51778
0 -4.5844
0 -4.25204
0 -4.66995
0 -4.39843
0 -5.07949
0 -5.11127
0 -5.05281
0 -5.26409
0 -5.00247
0 -4.73778
0 -5.11324
0 -4.93827
0 -5.08964
0 -5.11917
0 -5.05417
0 -4.97236
0 -5.03125
0 -4.96904
1 -4.69185
0 -5.08552
0 -4.57287
1 -5.20014
0 -5.14409
0 -4.85138
0 -4.98966
0 -5.0431
1 -5.36841
0 -5.31722
0 -4.89426
1 -5.28435
0 -5.17758
0 -4.8149
2 -4.6792
0 -5.1988
0 -5.00821
7 -4.95741
0 -5.32541
1 -4.87433
1 -5.35345
0 -5.0033
3 -5.33155
0 -3.99723
0 -4.98115
1 -5.18087
0 -5.30347
0 -4.80835
0 -5.14344
0 -5.0483
0 -5.10306
4 -5.32709
5 -5.17404
1 -4.97314
0 -4.80005
0 -5.09612
1 -5.04693
1 -5.18868
0 -4.99424
1 -5.10952
1 -5.11815
1 -5.0359
0 -4.67971
5 -5.19624
0 -5.20276
0 -4.69567
0 -4.94842
0 -5.09406
0 -5.11099
0 -4.9817
1 -4.99946
1 -4.91937
0 -5.00083
0 -5.14504
0 -4.2204
0 -4.77584
0 -4.96624
0 -5.0732
0 -5.28913
0 -5.19231
0 -4.77585
0 -5.12596
0 -5.39129
0 -5.05188
0 -5.22356
0 -4.88774
6 -5.18448
0 -5.0349
0 -5.28854
0 -4.91682
1 -5.0606
1 -5.07463
1 -5.21155
1 -4.69458
0 -4.73443
0 -4.56745
0 -5.31785
0 -4.8267
0 -4.96282
4 -5.29709
3 -5.42778
0 -4.9281
0 -4.92891
1 -4.84139
0 -5.29812
1 -4.77983
0 -4.84093
1 -5.1062
3 -4.50341
0 -4.91975
1 -5.20157
0 -4.94793
0 -4.01635
0 -4.8642
0 -4.60082
0 -4.80817
1 -4.73109
0 -4.46261
0 -4.96342
0 -4.96467
1 -4.54697
0 -4.82354
1 -4.81006
0 -4.93176
0 -4.64107
0 -4.55144
0 -4.8139
1 -5.12782
0 -5.05908
0 -5.1525
1 -5.05588
0 -5.11985
0 -5.06029
0 -5.11186
3 -4.98792
1 -4.85201
0 -5.02388
1 -5.11724
2 -4.87704
2 -5.06186
0 -4.94337
0 -5.0634
1 -5.06362
3 -5.07672
1 -5.34533
0 -5.64225
0 -5.68169
0 -5.13409
1 -5.24567
4 -5.34392
0 -5.51272
0 -5.24268
0 -5.46017
0 -5.42467
0 -5.30635
1 -5.36099
0 -4.93321
0 -5.90478
0 -4.96761
6 -4.95725
0 -5.58676
0 -5.28782
0 -5.48535
0 -5.22946
0 -5.87053
1 -4.97682
0 -5.34836
0 -5.09651
0 -5.43075
10 -5.42427
0 -5.867
0 -5.05054
0 -4.90796
1 -5.09489
0 -5.89686
0 -5.59448
0 -5.52642
0 -5.07509
0 -5.51139
0 -5.02563
0 -5.5364
0 -5.0962
0 -4.61697
0 -5.04157
0 -4.51091
0 -4.68884
0 -5.08435
0 -4.89699
0 -4.77054
0 -4.55916
0 -4.77438
1 -4.5836
0 -4.78431
0 -4.95892
0 -4.69775
1 -4.76982
0 -5.0694
2 -4.90962
0 -4.80362
0 -4.91396
0 -5.03322
0 -4.91432
0 -4.75819
0 -4.62834
1 -4.52021
0 -4.33773
0 -4.83025
0 -5.03334
0 -4.91544
2 -4.632
0 -4.82712
1 -4.33001
0 -4.86219
0 -4.56557
0 -4.82733
0 -4.55269
1 -5.04717
1 -4.79029
0 -4.95713
0 -4.70063
0 -4.61
1 -5.00219
0 -4.5962
0 -4.61605
0 -4.84996
0 -4.80967
0 -4.53846
0 -4.72617
0 -4.7069
0 -4.68386
0 -4.57507
0 -4.80991
0 -4.54596
0 -4.83203
0 -4.80806
0 -4.98345
0 -4.53335
0 -5.80306
0 -6.3067
0 -6.0753
0 -6.23086
1 -5.97216
0 -5.9228
0 -6.10469
0 -5.96691
1 -6.12999
0 -5.99755
0 -5.87991
0 -5.82992
0 -5.80479
0 -5.86992
0 -6.20199
0 -6.24683
0 -6.04708
1 -6.00233
0 -6.22376
0 -5.88239
0 -6.01208
0 -5.83661
0 -5.85442
0 -5.87653
0 -5.85716
0 -6.1288
0 -6.02615
0 -5.83187
0 -5.88565
1 -5.80049
0 -6.03926
1 -5.86468
0 -5.7851
0 -6.11588
0 -6.14799
0 -6.01274
0 -5.94767
0 -6.49489
0 -5.82883
0 -5.35025
4 -5.60579
0 -5.91988
0 -6.22887
0 -5.93152
0 -5.9724
0 -6.04449
0 -5.9686
0 -6.04745
0 -6.06618
0 -5.95984
0 -6.04573
0 -5.7286
0 -5.83699
0 -5.80317
1 -6.1078
1 -6.12478
0 -5.87271
0 -6.01856
0 -6.10908
0 -5.90701
1 -6.0754
0 -5.93858
0 -5.7728
0 -6.07805
0 -5.69707
0 -6.16275
1 -6.0005
1 -5.96249
0 -6.03559
0 -5.79462
1 -5.91758
0 -6.00204
0 -5.25384
0 -5.55983
0 -5.69076
1 -5.11625
0 -5.46872
0 -5.64749
0 -5.35919
0 -5.34315
0 -5.49486
0 -5.60623
0 -5.2067
0 -5.64084
0 -5.40347
0 -5.47276
1 -5.7096
0 -5.31632
0 -5.76912
0 -5.79193
1 -5.54982
0 -5.46658
0 -5.67457
0 -5.51241
0 -5.69193
13 -4.37555
0 -4.82959
1 -5.05169
1 -4.9879
3 -5.14012
0 -4.76072
6 -4.73382
1 -4.55572
0 -4.98631
10 -4.34639
0 -4.83831
1 -4.92143
10 -3.86419
1 -4.80655
6 -4.51384
14 -4.82414
0 -4.75456
7 -5.46341
89 -4.25164
2 -4.55493
2 -4.92565
0 -4.95214
0 -4.62638
12 -4.37628
1 -5.30188
0 -5.07573
12 -4.807
1 -4.85668
4 -5.07427
34 -4.50272
5 -5.09854
1 -5.13432
9 -4.43671
12 -5.00581
0 -4.68202
17 -4.27493
19 -4.73886
14 -4.63525
0 -5.36933
7 -4.471
3 -4.88474
23 -4.18341
3 -4.67062
1 -4.98754
0 -5.03855
1 -5.2027
1 -4.88665
0 -4.80738
3 -4.68258
7 -5.0378
1 -4.89684
0 -4.97967
10 -4.35765
1 -4.91752
1 -4.98038
2 -4.93298
2 -5.04531
4 -4.80924
0 -4.9846
7 -4.98347
0 -4.83423
0 -4.77073
0 -4.33282
3 -4.95463
0 -5.0438
0 -5.09634
0 -4.97595
0 -4.32303
0 -4.27507
0 -4.68839
0 -5.02088
0 -4.94079
3 -4.62572
0 -4.84423
3 -5.11813
0 -4.96472
0 -5.08258
2 -5.04585
0 -5.01147
0 -4.83557
0 -4.93548
0 -5.19004
0 -5.08983
0 -4.89536
0 -4.50635
0 -4.97993
6 -5.02535
0 -4.96617
0 -4.91888
0 -4.67438
1 -4.92665
2 -5.05128
0 -4.45995
0 -4.99723
0 -5.08843
1 -4.98129
0 -4.74892
0 -5.27381
0 -4.87643
0 -4.88922
0 -4.88875
0 -4.60221
0 -4.97092
0 -5.12161
0 -4.96692
0 -4.99427
0 -4.10114
0 -4.62241
0 -4.99453
0 -4.74333
0 -5.28019
0 -4.47612
0 -4.62091
0 -4.91958
0 -4.98106
0 -5.06274
0 -5.12996
0 -5.07813
1 -5.00604
0 -4.99664
11 -4.91958
14 -5.002
1 -5.19733
1 -5.21306
7 -4.97641
8 -5.20752
0 -5.19046
0 -5.12464
