1 -4.58434
9 -4.55691
1 -4.54513
0 -5.20881
0 -5.23223
0 -5.06064
0 -5.08215
0 -5.01763
0 -5.19757
0 -5.36456
0 -5.29743
0 -5.24087
0 -5.07373
0 -5.06603
0 -5.04764
0 -5.29796
0 -5.18553
1 -5.47029
0 -5.10578
0 -5.00763
0 -5.08533
0 -5.42851
1 -5.33332
0 -5.13993
0 -5.3986
1 -4.89315
1 -5.03542
0 -5.29252
0 -5.1337
0 -5.18714
0 -5.03687
0 -4.82985
0 -5.40013
0 -4.75896
0 -4.91089
0 -5.36082
0 -5.42282
0 -4.87835
5 -5.08745
1 -4.91887
0 -5.05237
0 -5.20061
1 -5.24688
2 -5.18632
0 -4.90613
0 -5.08901
2 -5.18154
0 -4.97364
0 -4.99683
0 -4.93054
0 -5.12534
0 -5.16722
30 -4.72789
7 -5.27485
3 -5.12179
0 -4.77392
0 -4.90708
1 -5.25418
0 -5.27279
0 -5.27849
0 -5.18641
3 -5.26016
0 -4.8034
1 -5.23552
0 -5.24442
1 -5.05132
0 -5.08727
0 -5.20771
0 -4.82801
0 -4.97507
1 -4.95166
3 -5.14457
0 -5.44025
0 -4.98785
13 -4.44064
59 -3.48399
0 -5.2955
0 -4.71553
1 -4.87604
0 -5.10935
4 -4.0839
0 -5.13425
0 -4.12961
0 -5.21686
7 -4.79223
3 -5.14364
0 -4.52528
0 -5.26536
0 -5.14434
0 -5.20465
0 -4.22304
0 -5.24551
0 -4.988
0 -4.08802
1 -3.70863
0 -4.80279
2 -4.29891
17 -4.49305
0 -5.32189
0 -4.34712
0 -5.27282
0 -5.14128
0 -5.09602
2 -4.54384
5 -4.37871
1 -5.2486
0 -4.99166
0 -5.15864
2 -5.09925
2 -4.66932
0 -4.77937
0 -4.19257
150 -3.00847
0 -3.67345
2 -4.9702
1 -5.44419
0 -4.12044
43 -4.16669
10 -4.27516
44 -3.94761
3 -4.79045
5 -4.44004
15 -4.35641
0 -4.65944
1 -4.83965
7 -4.36731
1 -5.27692
5 -4.7804
12 -4.30444
0 -4.59663
0 -4.94907
0 -5.27429
0 -5.12325
5 -4.46354
1 -5.2801
0 -5.35785
0 -5.28338
0 -4.91683
0 -4.84448
0 -4.93642
0 -4.93901
2 -5.23827
0 -5.25361
0 -5.15843
2 -5.14183
0 -5.16969
0 -5.17704
1 -5.08167
0 -5.25061
0 -4.92746
1 -4.97879
0 -4.89993
2 -4.88943
0 -5.08408
0 -5.19456
0 -4.98411
1 -4.81131
0 -4.6928
1 -5.12155
1 -4.96524
1 -4.88972
2 -4.62393
0 -5.14556
1 -4.92101
2 -5.14643
2 -5.13619
0 -4.87011
1 -4.87414
0 -5.02353
3 -5.00098
0 -5.02728
0 -4.92404
1 -5.45071
0 -5.04565
0 -5.25183
0 -5.11983
0 -5.08294
0 -4.78778
1 -4.99203
0 -4.96356
3 -4.85664
0 -5.18294
0 -5.08555
0 -5.06472
3 -5.13443
0 -5.04027
0 -4.52311
0 -4.95525
0 -5.37095
0 -4.87288
0 -4.72035
0 -4.79287
0 -5.27352
0 -5.03915
1 -5.18209
0 -5.60634
10 -4.87879
0 -4.7497
0 -5.2879
3 -4.65289
0 -5.02526
0 -4.70434
1 -5.07536
12 -4.91332
0 -5.02517
0 -4.9219
0 -5.07111
0 -5.13498
1 -5.21632
0 -5.42498
0 -5.12517
0 -5.20238
0 -5.36343
0 -5.15849
1 -5.20809
0 -5.20339
1 -4.98039
0 -5.05497
0 -4.84475
0 -5.24582
0 -5.18572
0 -5.22575
0 -5.09594
0 -5.14775
0 -5.3327
0 -4.78119
0 -5.31149
0 -4.59913
1 -5.11063
0 -4.9288
0 -5.23611
0 -4.4263
0 -4.96257
2 -5.30249
0 -4.82747
0 -5.03199
0 -5.06907
1 -5.05608
0 -5.19448
1 -4.99929
1 -5.27207
0 -4.76999
2 -5.03196
0 -5.23793
3 -5.33721
0 -5.29361
0 -5.26344
0 -5.07604
0 -4.97544
0 -4.97414
0 -5.15541
1 -5.03437
0 -5.24115
0 -5.15382
0 -5.00604
0 -4.99641
0 -5.00926
1 -5.14416
1 -5.07062
0 -5.2452
0 -4.91074
0 -4.92575
0 -5.05267
0 -5.06447
0 -4.92206
0 -5.08785
0 -4.96152
0 -5.10105
1 -4.74626
0 -5.00807
0 -5.12804
0 -5.03738
0 -5.08603
0 -5.08939
0 -4.77968
1 -5.03619
0 -5.02891
0 -5.21153
0 -5.07058
1 -5.17185
0 -4.89524
0 -5.08886
0 -4.82997
1 -5.21147
0 -5.06469
0 -5.04997
0 -5.0943
1 -4.78112
0 -5.07694
0 -5.06656
0 -5.20031
1 -4.66736
0 -5.21576
0 -5.33762
0 -5.10311
0 -5.12434
2 -5.55095
0 -5.23373
1 -4.63581
0 -4.72696
0 -5.59655
0 -5.2204
0 -5.16394
0 -5.1286
0 -5.58621
0 -5.38665
0 -5.39783
0 -5.50062
2 -5.67069
0 -5.04335
0 -4.37582
0 -5.13314
0 -5.90772
0 -5.17808
0 -5.32452
0 -4.88339
0 -5.61553
0 -5.46238
0 -5.27572
0 -5.39681
0 -5.62223
0 -5.20496
1 -5.67808
0 -6.04454
0 -5.36402
0 -5.83618
0 -5.25928
0 -5.77648
0 -5.06726
1 -5.91656
0 -4.93579
0 -5.04536
0 -5.62789
0 -4.78774
0 -5.2113
0 -5.25895
0 -5.16989
0 -5.26101
0 -5.34183
0 -5.65733
0 -5.22751
0 -5.42061
0 -5.79321
0 -5.65731
0 -5.84405
0 -5.53438
0 -5.92508
0 -5.46427
0 -5.59994
0 -5.502
1 -5.72008
0 -5.41693
0 -5.55166
0 -5.5881
80 -5.34958
0 -5.45704
0 -5.65115
0 -5.82405
1 -5.59848
0 -5.6586
28 -5.61918
0 -5.79317
0 -5.40212
1 -5.69819
0 -5.35428
0 -5.77009
0 -5.52631
0 -5.67328
0 -5.23796
0 -5.51427
0 -5.98188
0 -5.42229
0 -5.61675
0 -5.24185
0 -5.63807
0 -5.95056
0 -5.80353
0 -5.4491
0 -5.67261
0 -5.56145
0 -5.59348
0 -5.98989
0 -5.47814
6 -5.66107
1 -5.70479
4 -6.04114
0 -5.79542
26 -5.57298
1 -5.77526
0 -5.44149
0 -5.84565
1 -5.79305
0 -5.63067
0 -5.66189
2 -5.96312
1 -5.67914
0 -5.54418
0 -5.42735
1 -5.5199
0 -5.44201
0 -5.79419
0 -5.65311
0 -5.53927
0 -5.57877
0 -5.73841
0 -5.73363
0 -5.40164
0 -5.55569
0 -5.592
2 -5.86181
0 -5.79506
0 -5.51061
0 -5.68981
0 -5.50137
0 -5.38246
0 -5.23458
0 -5.73648
1 -5.65421
0 -5.40469
0 -5.76648
0 -5.51851
0 -5.42411
2 -5.62039
0 -5.62486
0 -5.4675
1 -5.51799
0 -5.85245
0 -5.99854
1 -5.72857
0 -5.41099
1 -5.6047
0 -5.4895
0 -5.67127
0 -5.57239
0 -5.47718
0 -5.40444
0 -5.87674
12 -5.76954
2 -5.55439
1 -5.83346
0 -5.83328
0 -5.39476
2 -5.52453
0 -5.31695
0 -5.59571
0 -5.38028
0 -5.54176
0 -5.26058
0 -5.46103
0 -5.31347
2 -5.11376
0 -5.3783
0 -5.34582
0 -4.90845
0 -5.12816
0 -5.36524
0 -5.26032
0 -5.58341
0 -5.32768
0 -5.181
2 -5.38647
0 -5.38002
1 -5.09533
0 -5.38852
0 -5.35366
0 -5.35039
0 -5.28056
0 -5.44105
0 -5.26507
0 -5.57196
0 -5.46157
0 -4.97727
0 -5.47093
0 -5.38307
1 -5.51154
0 -5.47879
0 -5.29886
1 -5.62634
0 -5.38704
0 -5.24103
0 -5.36653
1 -5.39609
0 -5.15321
0 -5.41896
1 -5.37583
1 -5.33734
0 -5.48077
0 -5.26135
1 -5.39318
1 -5.29917
0 -5.39837
0 -5.18405
0 -5.4612
0 -5.2538
0 -5.43553
0 -5.34348
0 -5.54841
0 -5.33194
0 -5.2207
0 -5.03086
0 -5.24441
0 -5.29307
0 -5.04907
0 -5.12542
1 -5.56209
0 -5.12766
0 -5.44017
0 -5.35955
0 -5.30946
0 -5.30965
0 -5.35862
0 -5.39542
0 -5.16414
2 -5.31762
0 -5.04636
0 -5.4548
0 -5.49636
0 -5.1947
0 -5.12442
3 -5.33791
0 -5.47371
0 -5.25448
0 -5.37032
0 -5.61514
0 -5.36607
0 -5.46257
0 -5.53735
0 -5.18827
0 -5.11069
0 -5.38275
0 -5.49076
0 -5.46154
0 -5.45231
0 -5.74235
0 -5.69532
0 -6.06485
0 -5.57419
0 -5.7772
0 -5.95561
1 -6.01443
1 -5.89836
0 -6.01162
0 -6.01961
0 -5.69078
0 -5.91756
0 -5.85838
0 -5.88695
0 -5.78001
0 -5.9263
0 -6.04756
0 -5.92462
0 -5.99909
0 -5.78687
0 -5.98921
0 -6.18686
0 -5.95707
1 -5.62443
0 -5.95406
0 -5.6053
0 -5.66444
0 -6.05205
1 -5.65862
1 -6.04892
2 -6.08618
0 -6.02684
0 -5.95586
0 -5.9437
0 -5.91542
0 -5.68612
0 -5.88165
0 -5.98148
0 -5.84408
0 -5.93162
0 -5.98946
0 -5.87999
0 -5.82993
0 -5.66092
0 -6.05419
0 -6.10102
0 -5.83168
0 -5.85894
0 -5.95853
0 -5.87353
0 -5.61905
3 -5.74616
0 -5.98881
0 -5.63551
0 -6.12936
0 -5.58681
2 -5.99315
0 -5.54785
0 -5.71477
0 -6.00593
0 -5.86064
0 -5.70529
2 -5.79013
0 -5.84327
0 -5.71761
0 -5.99112
0 -5.89654
0 -5.68912
0 -5.74941
2 -5.64403
0 -5.98207
0 -6.00351
0 -5.78124
3 -6.14766
0 -5.9932
0 -5.89599
3 -5.85198
0 -5.76228
0 -5.84903
0 -5.64475
0 -5.86596
0 -5.88786
0 -5.84454
1 -6.01787
0 -5.80281
0 -5.90833
0 -5.63026
0 -5.76649
0 -5.56432
0 -5.59017
0 -5.93922
0 -5.74984
0 -5.67614
0 -5.92198
0 -6.11383
0 -6.08811
0 -5.83335
0 -6.13903
0 -5.92992
0 -5.33007
0 -5.33796
1 -5.4768
0 -5.29838
0 -5.56585
0 -5.23034
0 -5.52564
0 -5.57606
0 -5.47364
0 -5.44841
0 -5.2661
0 -5.66498
0 -5.49304
0 -5.793
0 -5.6899
0 -5.4453
0 -5.51823
1 -5.43095
0 -5.19321
0 -5.7612
0 -5.74968
0 -5.47211
1 -5.55676
0 -5.33547
0 -5.48674
0 -5.653
0 -5.70726
1 -4.40825
1 -5.02336
0 -5.49879
1 -5.87981
0 -5.66626
0 -5.62008
0 -4.41136
0 -4.35842
0 -5.49233
0 -5.53388
0 -5.33867
0 -5.17757
0 -5.62317
0 -4.43639
0 -5.51083
0 -5.62481
0 -5.57446
0 -5.73732
6 -5.50645
0 -4.48916
0 -5.31706
0 -5.39519
0 -5.34444
0 -5.66526
0 -5.6154
0 -5.68955
0 -5.2813
0 -5.72238
0 -5.29236
0 -5.72539
0 -5.56799
0 -5.76949
0 -4.53644
0 -5.48948
0 -5.79911
0 -5.5008
0 -5.62126
0 -5.3634
0 -5.63993
0 -5.35582
0 -5.51715
0 -5.75585
0 -5.45003
0 -5.59771
0 -5.71017
0 -5.53055
0 -5.7668
0 -5.69051
0 -5.49219
0 -5.57465
0 -5.56848
0 -5.62399
0 -5.53062
0 -5.80714
0 -5.51283
0 -5.48116
0 -5.56091
0 -5.74476
0 -5.60763
0 -5.49509
0 -3.9681
0 -5.57911
0 -5.58731
0 -5.76297
0 -5.43006
0 -5.30718
0 -4.49502
0 -5.33552
1 -5.74264
0 -5.50747
0 -5.69252
0 -5.42748
0 -5.68286
0 -5.37246
0 -5.43257
0 -5.33369
0 -5.10004
0 -4.6918
0 -4.52565
0 -4.89788
0 -5.13384
0 -4.62892
0 -4.80214
0 -4.59494
0 -5.11944
2 -4.86119
0 -5.22517
0 -4.78358
0 -5.15392
0 -4.51827
0 -4.68421
0 -4.82474
0 -4.69347
0 -4.87361
1 -4.85564
0 -5.08187
0 -5.0366
0 -4.90901
0 -4.94794
0 -4.55216
1 -4.97811
0 -4.9067
0 -4.38377
0 -4.4582
0 -4.81392
0 -4.52586
0 -4.93455
0 -4.59869
0 -4.78698
0 -4.76593
0 -4.84592
0 -4.87987
0 -4.64391
0 -4.94132
0 -4.73958
0 -4.87694
0 -4.802
0 -4.89114
0 -4.95676
0 -4.64412
0 -4.70916
0 -5.14886
0 -4.78338
0 -4.91589
0 -4.42984
1 -4.93625
0 -4.55761
0 -5.01647
0 -4.7718
0 -4.96288
0 -4.98456
0 -4.52795
1 -4.68801
0 -4.87867
0 -4.83117
0 -5.07387
0 -4.43414
0 -4.33343
0 -4.69058
0 -4.60315
0 -4.86492
0 -4.60522
0 -4.34941
0 -4.56417
0 -4.70572
0 -4.51674
1 -5.01557
0 -4.73556
0 -4.86991
0 -5.15534
0 -4.43091
0 -4.75669
0 -4.76553
0 -4.46995
0 -4.81964
0 -5.03982
0 -4.63014
0 -4.95709
0 -4.85206
0 -4.59885
0 -4.87893
0 -4.42698
0 -4.47811
0 -4.92799
0 -4.77116
0 -4.77387
0 -4.791
0 -4.85389
0 -4.79356
0 -4.96647
0 -4.84038
0 -4.45121
0 -4.88272
0 -4.48356
0 -4.62932
0 -4.72476
0 -4.52538
0 -4.82762
0 -4.69536
0 -4.82742
0 -4.55372
0 -4.95629
0 -4.81946
0 -4.63606
0 -4.78854
0 -4.69004
0 -4.67778
0 -4.90318
0 -4.85267
0 -4.89986
1 -4.72131
0 -4.68677
0 -4.58236
0 -4.88749
0 -4.54265
0 -4.49431
0 -5.00133
0 -4.86168
0 -4.92342
1 -4.93653
0 -4.73387
0 -4.78812
0 -4.98563
0 -4.81466
0 -5.09203
2 -4.99959
3 -5.02373
0 -4.98146
0 -4.94358
0 -4.90141
0 -4.95303
0 -4.89286
0 -4.97459
3 -4.94203
0 -4.73121
0 -4.91806
0 -4.73238
0 -5.13674
0 -4.87351
3 -4.72102
0 -4.75068
0 -5.0433
6 -4.46344
0 -4.96326
0 -5.1197
0 -4.76891
1 -5.03526
0 -5.01373
1 -5.04168
1 -4.90566
0 -4.90132
0 -4.80342
0 -4.28751
0 -5.03422
0 -4.44705
1 -4.77818
0 -4.92336
0 -4.91638
0 -4.89255
0 -4.89314
1 -4.65976
0 -4.65317
0 -4.85039
0 -4.55812
0 -4.75452
0 -4.7182
0 -4.80658
0 -4.7917
3 -4.97284
2 -4.86304
0 -4.86059
1 -4.77996
0 -4.92641
0 -4.78399
0 -5.29388
0 -4.6914
0 -5.0484
0 -4.88169
0 -4.87773
0 -4.91084
0 -4.95451
3 -5.30894
25 -4.84552
40 -4.8226
0 -4.89249
0 -4.69815
3 -4.99988
0 -4.84083
3 -4.96502
0 -4.6304
8 -5.00259
0 -5.10266
17 -4.94163
25 -4.95148
0 -4.61305
71 -4.84825
40 -4.84972
0 -4.78881
2 -4.94538
0 -4.4506
1 -4.73848
0 -5.15606
1 -4.68615
2 -4.58197
21 -4.54511
0 -4.71812
1 -5.19403
2 -4.74166
0 -4.85456
11 -5.0261
0 -5.12116
3 -4.78627
0 -4.9588
12 -5.18366
9 -5.16533
1 -5.20126
7 -4.52517
4 -5.0165
0 -5.83744
0 -6.10188
1 -5.44049
0 -6.0099
0 -5.77317
0 -5.87549
0 -6.14437
1 -5.57934
1 -5.88138
0 -5.64361
2 -5.45427
0 -5.44567
1 -5.55093
0 -5.51061
0 -5.86064
0 -6.00472
0 -6.38408
0 -5.84839
0 -5.71598
0 -5.82621
0 -6.2597
0 -6.27446
0 -5.67308
0 -5.98955
3 -5.74775
0 -5.87276
0 -6.02063
0 -5.80933
0 -5.81267
0 -5.51958
0 -6.05221
0 -5.59458
2 -5.61836
0 -5.64901
0 -5.81418
0 -6.20359
1 -5.87586
1 -5.6566
2 -5.47513
0 -5.88797
2 -5.68085
0 -5.99931
0 -5.5413
1 -5.75011
0 -5.64223
1 -5.75961
3 -5.85103
0 -6.09156
0 -6.32879
14 -5.93073
0 -5.56715
0 -6.18465
0 -5.56862
0 -5.92298
0 -6.15242
0 -5.92469
0 -5.84296
0 -5.75351
0 -5.80731
0 -6.06461
0 -5.51702
0 -5.74827
16 -5.78519
0 -5.28681
0 -5.95203
0 -5.99574
0 -5.84741
0 -5.84606
0 -5.95483
0 -5.73238
0 -6.02263
1 -5.90982
2 -5.73544
2 -5.89628
0 -5.4713
0 -5.61411
0 -6.13829
0 -5.71832
0 -5.73543
0 -5.40118
6 -5.83891
15 -5.57986
0 -5.74083
0 -6.23963
0 -6.53393
0 -6.57867
0 -6.5103
0 -6.45019
0 -6.34942
0 -6.1014
0 -6.2338
0 -6.26803
0 -6.32437
0 -6.41932
0 -6.36199
0 -6.49322
1 -6.65135
0 -6.49449
0 -6.53973
0 -5.9228
0 -6.48476
6 -6.37186
0 -5.96456
0 -6.47456
0 -5.94863
0 -5.98376
0 -5.93883
0 -6.17554
0 -6.49547
8 -6.32676
0 -6.13305
0 -6.51565
0 -6.62328
0 -6.62436
0 -5.74892
0 -6.40973
0 -6.24804
0 -6.86647
0 -6.68882
0 -6.30015
0 -6.54036
0 -6.70402
0 -6.17442
0 -5.99224
0 -6.08118
0 -6.2919
0 -6.68955
0 -6.6761
0 -5.98515
0 -6.28348
0 -6.38599
0 -6.44434
0 -5.90596
0 -5.91139
0 -6.28241
0 -5.69722
0 -6.62681
0 -6.12349
0 -6.53781
0 -6.72353
0 -6.23556
0 -6.03194
0 -6.7084
0 -6.39223
2 -6.15414
0 -6.58238
0 -6.20308
0 -6.20875
0 -6.11696
0 -5.95193
0 -6.82855
0 -6.51938
2 -6.35278
1 -6.47697
0 -6.14827
0 -6.39567
0 -6.02128
0 -6.53107
0 -6.40356
0 -6.36453
0 -6.43997
0 -6.12722
0 -6.50631
0 -6.06262
1 -6.48455
0 -5.87706
0 -6.64307
0 -6.10297
1 -6.37553
0 -6.22729
0 -4.98313
1 -4.86216
0 -4.94688
0 -4.92025
0 -4.74604
0 -4.63465
0 -4.8632
0 -5.00484
0 -4.52413
0 -4.74718
0 -4.99555
0 -5.01571
0 -4.66915
0 -4.6309
0 -4.95024
0 -4.95131
2 -5.04169
1 -5.01726
0 -4.91952
0 -5.05694
0 -5.02041
0 -4.95993
0 -4.77987
2 -4.81073
2 -5.01226
0 -4.71898
0 -4.67428
0 -4.76804
2 -4.94877
2 -4.89662
0 -4.94439
0 -4.81642
0 -4.74414
2 -5.12071
0 -4.89124
0 -4.94299
2 -4.99295
1 -4.99345
1 -4.7815
0 -4.86231
0 -4.73477
0 -4.73004
1 -4.94685
0 -4.89445
1 -5.19863
0 -4.82366
0 -4.7998
0 -4.76171
0 -4.88625
1 -4.79242
0 -4.90427
0 -4.69122
0 -4.81138
0 -4.77018
0 -4.89947
0 -5.01154
0 -4.7637
0 -4.74927
0 -4.82234
0 -4.68678
3 -5.2969
0 -5.09365
0 -4.68136
2 -4.95786
0 -4.93443
1 -4.85065
0 -4.80287
0 -4.7293
0 -4.96063
1 -4.8344
0 -4.77687
0 -4.71142
2 -4.88221
0 -4.68795
0 -5.18948
0 -4.74866
0 -5.08155
0 -4.71112
0 -4.75285
0 -4.79177
0 -4.79887
0 -4.87202
0 -5.1665
0 -5.36478
0 -5.4252
0 -5.11759
0 -5.05579
0 -5.02443
0 -5.07028
0 -4.96991
0 -5.16781
0 -5.16401
1 -5.32508
0 -4.97978
0 -5.31271
0 -5.1832
0 -5.03449
0 -5.26041
0 -5.29073
0 -5.08374
0 -5.25564
0 -4.90901
0 -5.21083
0 -5.17532
0 -5.14958
0 -5.41139
0 -5.33435
2 -5.25832
0 -5.24172
0 -5.09419
0 -5.00107
0 -4.96207
0 -5.26137
0 -5.27038
0 -4.94466
0 -5.0036
1 -4.75179
0 -5.34656
0 -5.23993
0 -5.32854
3 -5.07064
0 -5.31368
0 -5.34428
0 -5.10106
0 -4.91597
0 -5.32159
0 -5.17659
0 -5.04535
1 -5.08727
1 -5.13705
2 -4.95549
1 -5.37072
0 -5.19962
0 -5.13723
0 -4.98423
1 -5.27628
0 -4.9396
0 -5.16252
0 -5.24791
0 -5.20903
0 -5.25191
0 -4.91726
0 -5.12382
0 -5.08124
0 -5.08094
0 -5.2959
0 -5.29635
0 -5.06407
0 -4.89209
0 -5.07836
0 -5.18124
0 -5.0735
0 -5.00521
0 -4.83334
0 -5.05254
0 -5.44548
0 -5.13025
0 -5.19826
0 -4.95119
0 -4.65741
0 -5.26725
1 -5.10807
0 -5.11105
0 -5.17634
0 -5.38131
1 -4.96098
0 -5.16777
0 -5.19089
0 -5.20978
0 -5.13198
0 -5.35785
0 -4.99617
0 -5.00619
2 -5.4477
0 -4.90306
0 -5.32591
0 -5.18859
9 -5.2497
0 -5.20761
0 -5.21244
0 -5.19494
0 -5.09688
0 -5.06443
0 -5.07424
0 -5.0341
0 -5.03408
0 -5.04269
0 -5.17821
0 -4.96964
0 -5.10807
0 -5.21583
0 -5.02649
0 -4.99559
0 -4.95451
0 -5.33816
0 -4.8679
3 -4.87222
0 -5.33116
0 -5.20021
0 -5.73299
0 -5.46429
0 -5.32218
0 -5.78633
0 -5.6333
0 -5.84765
0 -6.01703
0 -6.1717
0 -6.08898
3 -5.09753
0 -5.93174
1 -5.81385
0 -5.43271
2 -5.51426
0 -5.95605
0 -5.26308
0 -5.52992
0 -5.13882
0 -6.29294
2 -5.48844
0 -5.39101
0 -5.26873
0 -5.45237
0 -6.13508
0 -5.47292
0 -6.15782
0 -5.30671
0 -5.16752
0 -5.48816
0 -5.51208
0 -5.76886
0 -5.27154
0 -5.87732
0 -6.16792
0 -5.73525
0 -5.71694
0 -5.36149
0 -6.02254
1 -5.17334
0 -6.24906
0 -5.86681
1 -5.60938
0 -5.38409
0 -6.28096
5 -5.30093
0 -5.44708
0 -5.29005
0 -5.6642
0 -6.20669
0 -5.81797
0 -6.24454
0 -5.34057
0 -6.07924
2 -5.83963
0 -5.92226
0 -5.54728
0 -5.57619
0 -5.47873
0 -5.57893
0 -5.63789
0 -5.70985
0 -5.63261
0 -5.59625
3 -5.79252
0 -5.72844
0 -5.60765
0 -5.47998
0 -5.65536
0 -5.69012
0 -5.76377
0 -5.64857
0 -5.64856
0 -5.42517
0 -5.66869
0 -5.61747
0 -5.38562
0 -5.70701
0 -5.33304
0 -5.62921
0 -5.6107
0 -5.65654
1 -5.51599
0 -4.62209
0 -5.65487
0 -5.80171
0 -5.36871
0 -5.7713
0 -5.79591
0 -5.63698
0 -5.64761
1 -5.44333
0 -5.79966
0 -5.85589
0 -5.39592
0 -5.58398
0 -5.64785
0 -5.58619
0 -5.7815
0 -5.59883
0 -5.66534
0 -5.53598
0 -5.55647
0 -5.53648
2 -5.69727
0 -5.48728
0 -5.40069
0 -5.31962
0 -5.54102
0 -5.75264
0 -5.44997
0 -5.75468
0 -5.68712
0 -5.82282
0 -5.79836
0 -5.63115
0 -5.55395
0 -5.81601
0 -5.60401
0 -5.68302
0 -5.7829
0 -5.53525
0 -5.69764
0 -5.55048
0 -5.5894
0 -5.61087
0 -5.52945
0 -5.34771
0 -5.794
0 -5.73341
0 -5.6604
0 -5.59767
0 -5.65951
0 -5.66489
0 -5.62129
0 -5.28702
0 -5.6484
0 -5.76533
0 -5.70183
0 -5.94134
0 -5.73627
0 -5.62327
18 -4.81526
0 -5.37235
2 -5.36217
0 -5.08757
0 -5.22655
0 -5.46549
0 -5.15256
0 -5.08302
0 -5.5759
0 -5.20237
0 -5.38218
0 -5.44206
0 -5.38642
3 -5.40746
0 -5.26531
0 -5.13831
0 -5.60145
0 -5.69122
0 -5.55727
0 -5.74225
0 -5.7208
2 -5.34762
0 -5.47314
4 -5.47928
0 -5.42579
0 -5.54759
1 -4.21176
19 -5.05562
3 -4.56194
3 -4.27082
0 -4.50453
0 -4.32069
10 -4.68905
1 -4.49951
8 -4.0449
12 -5.07343
5 -4.75889
11 -4.60966
6 -4.61048
16 -5.07355
11 -4.53073
6 -4.68531
0 -4.51878
7 -4.96727
0 -5.40012
8 -4.7883
0 -5.1676
12 -4.98049
0 -5.03408
0 -4.87632
0 -4.79994
0 -5.13532
0 -5.05253
0 -5.08624
1 -4.48032
0 -4.81635
0 -4.51124
0 -4.31247
0 -5.02099
0 -4.41304
2 -4.83897
0 -5.05545
0 -5.15968
0 -4.33824
0 -4.78436
0 -4.42593
3 -4.99881
0 -4.97969
1 -4.46592
0 -4.95358
2 -5.04385
0 -5.10421
0 -4.45557
2 -4.81384
0 -4.78898
0 -4.60268
0 -4.72569
0 -4.85492
0 -5.06862
2 -4.93844
1 -5.24243
0 -5.14715
13 -3.78487
1 -5.11842
0 -5.12369
0 -5.24585
0 -4.91779
0 -5.3569
1 -5.10882
0 -5.55487
0 -5.17751
0 -5.17903
0 -5.00573
6 -5.35502
4 -5.02766
0 -5.71365
0 -5.59397
0 -5.26527
1 -5.05779
1 -4.94422
0 -5.27502
0 -5.29164
0 -5.42135
34 -3.86025
0 -5.19035
0 -5.03981
0 -5.25984
11 -5.06949
0 -5.18291
27 -4.68431
24 -4.04244
0 -5.02869
1 -5.48042
5 -5.29386
1 -5.2783
11 -4.9575
0 -4.91654
0 -5.27006
0 -5.13508
2 -5.38364
31 -3.77329
0 -5.19946
7 -4.45841
9 -5.02328
1 -5.62531
1 -5.51212
0 -5.37317
0 -5.03826
0 -5.29175
0 -5.21426
0 -5.31449
32 -4.95564
1 -5.07722
0 -5.32987
3 -5.1465
1 -5.11526
1 -5.68795
0 -5.25633
2 -5.10838
16 -5.37244
0 -5.13514
0 -5.16914
4 -4.86127
0 -4.85103
0 -4.60791
0 -4.8343
0 -4.70223
0 -4.73337
0 -4.47922
0 -4.69927
1 -4.69288
1 -4.64548
2 -4.85543
0 -4.82369
1 -5.01936
0 -4.89847
0 -4.46735
0 -4.41296
0 -5.06707
1 -4.82264
1 -4.75673
0 -4.75232
0 -4.8018
0 -4.98816
0 -4.98358
0 -4.64127
0 -4.68824
1 -4.95633
0 -4.36054
0 -4.76772
1 -4.94936
0 -5.16331
0 -4.57096
2 -4.92161
1 -4.59281
8 -4.82345
1 -4.90628
1 -4.94349
0 -4.81312
0 -4.49512
1 -5.09498
0 -4.51659
12 -4.82728
0 -4.44023
0 -4.75906
0 -4.78648
1 -4.93873
0 -4.65798
0 -4.78055
0 -4.49024
0 -5.19431
0 -4.75531
3 -4.94979
0 -4.48365
2 -4.75177
0 -4.60137
2 -4.93318
0 -4.91274
0 -4.79223
0 -4.76357
1 -4.56607
11 -4.89474
0 -4.88938
0 -4.79004
0 -4.94925
2 -4.70559
2 -4.75496
0 -4.83602
1 -4.9993
3 -5.00158
0 -4.34531
0 -4.52201
0 -4.80672
0 -4.57957
0 -4.9314
10 -4.6427
1 -5.06467
0 -4.89661
1 -4.98027
0 -4.5989
1 -4.85084
0 -5.06834
0 -5.02522
0 -4.72066
0 -4.91167
0 -5.05621
0 -5.05397
1 -4.82934
0 -4.60112
0 -4.86837
0 -4.38575
0 -4.98638
0 -4.80535
22 -4.88682
0 -4.61401
0 -4.52609
0 -4.81119
3 -4.75784
0 -4.81002
1 -4.6642
0 -4.92668
0 -4.65386
0 -6.04151
0 -6.66685
0 -6.21087
0 -6.85517
0 -6.07253
0 -6.56053
0 -6.42786
0 -6.93642
0 -6.75942
0 -6.24719
0 -6.55779
0 -6.11202
0 -6.56407
0 -6.11248
0 -6.55462
0 -6.06651
0 -6.65122
0 -5.9859
0 -6.0214
0 -6.31343
0 -6.42183
0 -6.22266
0 -6.684
0 -6.06135
0 -6.19176
0 -6.40216
0 -6.41611
0 -6.3294
0 -6.27825
0 -6.53653
0 -6.76053
0 -6.79093
0 -6.72599
0 -6.82034
0 -6.71989
0 -6.56234
0 -6.2232
0 -6.49081
0 -6.26738
0 -5.39906
0 -6.19059
0 -6.47807
0 -6.52173
0 -6.59442
0 -6.6589
0 -6.39408
0 -6.78209
1 -5.08509
1 -5.35393
0 -5.32955
0 -5.08011
0 -5.33379
0 -5.34744
0 -5.19522
0 -5.40032
3 -5.34032
0 -5.31171
0 -5.29592
0 -5.4168
0 -5.22281
0 -5.47721
0 -5.36195
0 -5.48472
0 -5.28657
4 -4.99934
0 -5.30562
0 -5.43871
2 -5.32072
1 -5.30777
0 -5.40961
0 -5.33757
6 -5.22935
4 -5.42331
0 -5.33354
0 -5.27018
0 -5.45935
0 -5.31121
2 -5.16119
0 -5.41925
0 -5.22414
0 -5.28067
0 -5.4366
0 -5.24649
0 -5.47069
0 -5.26664
0 -5.32926
0 -5.26905
0 -5.27685
0 -5.42577
0 -5.06955
0 -5.318
0 -5.34912
0 -5.25036
0 -5.24603
1 -5.34048
0 -5.3983
0 -5.31517
2 -5.26866
1 -5.36107
0 -5.34138
0 -5.42408
1 -5.3074
0 -5.15708
5 -5.34375
0 -5.3868
0 -5.23626
0 -5.33755
0 -5.28885
0 -5.22716
0 -5.45618
0 -5.36267
0 -5.41429
0 -5.21091
0 -5.2679
0 -5.28133
0 -5.37669
0 -5.29316
0 -5.355
0 -5.34369
1 -5.27039
0 -5.36902
0 -5.41271
1 -5.31221
1 -5.20768
0 -5.22337
0 -5.37149
0 -5.26395
0 -5.47306
0 -5.51818
1 -5.38172
0 -5.33493
0 -5.29874
0 -5.41583
0 -5.43113
0 -5.32062
0 -5.26786
0 -5.28903
0 -5.47953
0 -5.3853
0 -5.3966
0 -4.88184
0 -5.36756
0 -5.39244
0 -5.27625
1 -5.50605
0 -5.41292
0 -5.4217
0 -5.30347
0 -5.31041
3 -5.52183
0 -5.39231
1 -4.99137
1 -5.39284
0 -5.2945
1 -5.82057
1 -5.6107
0 -5.36365
0 -5.40357
0 -5.5478
0 -5.50047
0 -5.50123
0 -5.39995
1 -5.25805
0 -5.46911
0 -5.17039
0 -5.4178
0 -5.11843
0 -5.41246
0 -5.51981
0 -5.48329
0 -5.28367
0 -5.04508
0 -5.53151
0 -5.10221
1 -5.55284
0 -5.44138
0 -5.19515
1 -5.36741
0 -5.34145
0 -5.46645
1 -5.47309
0 -5.17275
3 -5.48227
0 -5.23167
0 -4.81828
0 -5.63559
0 -5.41874
0 -5.25459
0 -5.604
0 -5.43545
0 -5.58163
0 -5.50389
0 -5.72892
0 -5.38771
10 -5.30966
4 -4.98121
0 -5.54013
0 -5.70214
0 -5.44064
0 -5.50334
0 -5.46253
0 -5.00196
1 -5.47352
1 -5.40104
0 -5.48034
0 -5.23357
0 -5.36568
16 -5.06367
0 -5.77208
0 -5.36421
0 -5.67641
1 -5.36314
0 -5.06031
0 -5.10843
6 -5.55561
0 -5.65925
0 -5.72865
0 -5.36013
4 -5.15233
0 -5.58999
0 -5.52617
0 -5.10987
3 -5.04907
1 -4.95632
0 -4.35919
0 -5.36416
0 -4.81842
0 -5.51354
3 -5.40274
1 -5.26408
0 -5.06036
0 -5.75037
0 -5.19967
0 -5.65953
0 -4.75603
1 -5.70887
0 -5.28227
0 -6.11354
0 -5.35259
0 -5.60736
0 -5.14723
4 -5.38955
0 -5.49906
0 -5.25559
0 -5.40476
0 -5.3909
1 -5.08608
0 -5.14312
0 -4.94157
2 -5.21661
2 -5.12024
0 -5.64146
5 -5.39544
0 -5.15322
0 -6.00854
0 -4.76993
1 -5.55935
1 -5.32952
0 -5.07659
0 -5.72555
1 -5.44339
0 -5.57621
0 -5.3205
0 -4.91967
1 -5.22232
0 -5.19481
1 -5.26455
0 -5.14805
1 -4.57559
0 -5.09503
0 -5.28017
10 -4.78332
0 -5.44744
0 -5.08527
0 -5.33979
0 -4.92047
0 -5.07982
3 -4.81794
0 -5.20814
0 -5.11876
0 -5.2641
1 -5.12073
0 -5.08219
0 -5.03317
0 -5.06025
2 -4.49574
0 -5.2844
2 -5.05038
0 -5.04867
0 -5.08772
0 -5.07622
0 -5.09428
0 -5.23576
0 -5.02604
0 -4.98623
0 -5.19473
0 -5.04395
0 -5.19239
1 -4.77834
0 -5.22022
2 -4.76101
2 -4.79543
0 -5.00185
0 -5.21812
0 -5.21432
0 -5.15391
0 -5.09491
0 -4.9876
12 -4.70611
0 -5.16731
2 -4.97037
0 -5.10316
0 -5.01944
3 -4.00709
0 -5.46246
1 -5.06318
2 -4.86626
0 -5.15353
0 -5.08777
0 -4.95701
1 -5.14245
1 -5.33988
0 -5.21381
0 -5.1134
0 -5.21836
0 -5.25668
0 -5.11257
2 -5.1528
0 -5.08555
4 -4.95412
0 -4.73507
5 -4.84609
1 -4.60974
5 -4.65192
0 -4.77925
0 -5.47431
5 -5.32837
2 -5.11458
0 -5.42472
0 -4.94526
0 -5.06775
1 -4.68401
2 -4.87154
0 -4.96883
4 -4.65885
0 -5.2106
1 -5.1798
1 -4.97839
0 -4.75088
0 -4.73984
0 -4.98393
0 -4.93384
1 -4.97259
0 -5.32456
0 -5.24966
6 -4.97033
3 -4.61458
6 -5.21371
0 -5.44131
3 -4.82899
5 -4.83949
0 -4.55649
1 -5.18989
2 -5.15711
0 -5.40411
0 -4.92641
17 -5.3294
0 -5.396
0 -4.82225
2 -5.0686
1 -5.33563
2 -5.41668
5 -4.92131
5 -5.23269
3 -5.29901
0 -5.19218
1 -5.2431
0 -5.10815
0 -5.33696
0 -4.69428
2 -5.24472
0 -5.76039
0 -5.98892
0 -5.56417
0 -5.53384
1 -5.89491
1 -6.26838
0 -5.73175
0 -5.03183
0 -5.984
0 -5.98581
0 -5.37364
0 -5.91043
0 -5.73167
0 -6.05759
0 -5.36794
0 -5.73391
0 -5.8904
0 -5.93007
0 -5.90127
0 -5.32851
0 -5.65026
0 -6.0681
0 -5.8636
0 -6.05242
0 -6.09217
0 -5.5276
0 -6.02861
0 -5.8517
0 -5.97259
0 -5.80045
0 -5.97787
0 -6.14118
0 -5.69478
0 -5.9496
0 -5.43198
0 -5.64011
0 -5.87537
0 -5.75199
0 -5.83421
0 -5.36687
3 -6.02396
0 -5.58157
0 -5.72359
0 -6.01222
0 -6.09452
1 -6.15851
0 -5.29422
0 -5.7548
0 -5.86162
0 -5.86452
1 -5.99806
0 -6.03771
0 -5.95593
0 -5.92847
0 -5.75422
0 -4.95966
0 -6.16913
0 -6.07237
0 -6.05342
0 -4.92146
0 -5.62058
0 -5.78886
0 -5.83028
0 -5.91406
0 -5.74861
0 -5.04901
0 -4.68119
0 -4.70715
0 -4.74317
0 -4.72687
0 -4.7151
0 -4.88994
0 -4.46446
0 -4.68652
0 -4.86962
0 -4.83487
0 -4.8841
0 -4.89526
0 -4.53716
0 -4.51316
0 -4.62626
0 -4.71804
0 -4.64774
0 -4.4813
2 -4.72124
0 -4.71547
0 -4.62721
0 -4.87887
0 -4.82782
0 -4.67063
0 -4.33189
0 -4.74876
0 -4.88201
2 -4.90053
0 -4.68863
1 -4.88459
0 -4.46396
0 -4.7592
2 -4.90107
0 -4.51047
0 -4.64223
0 -4.72139
0 -4.82512
0 -4.6124
0 -4.94343
0 -4.91143
0 -4.7874
0 -4.70292
0 -4.82573
0 -4.57982
0 -4.68248
0 -4.59268
3 -4.72202
0 -4.67087
0 -4.71602
0 -4.94085
0 -4.81067
0 -4.88865
0 -4.71946
1 -4.9187
0 -4.71852
0 -4.20091
0 -4.80517
0 -4.65761
0 -5.0729
0 -4.97708
0 -4.72497
1 -4.68491
1 -4.97851
0 -4.78525
0 -4.4028
0 -4.92663
0 -4.49161
0 -4.78359
0 -4.54002
0 -4.76655
1 -4.57031
0 -4.66573
1 -4.67489
0 -4.78752
1 -4.8852
0 -4.46599
0 -4.66252
1 -4.67698
12 -4.68775
0 -4.71027
0 -4.76191
0 -4.83666
1 -4.77289
0 -4.83839
0 -4.58883
0 -4.79318
1 -4.49956
0 -4.58687
0 -4.58087
1 -4.89545
0 -4.80952
0 -4.8829
0 -4.51046
7 -4.97433
0 -4.89586
0 -4.77841
0 -4.64617
7 -4.78222
1 -4.6817
0 -5.15828
0 -5.33055
0 -4.60366
0 -4.99909
0 -4.82404
0 -4.92806
3 -4.92593
0 -4.93809
5 -4.56673
21 -4.9379
31 -4.45718
2 -4.91906
0 -5.12579
0 -5.15363
1 -5.07733
23 -4.74202
10 -4.78818
0 -4.55049
0 -4.9754
0 -4.36161
0 -4.88662
0 -4.86787
1 -4.87912
2 -4.73128
0 -4.44809
0 -4.92549
44 -4.94763
0 -4.88087
0 -5.29253
0 -5.08789
0 -4.80177
0 -4.78675
1 -4.6818
0 -5.04491
0 -5.23007
0 -4.62953
0 -4.93495
0 -4.83454
34 -4.99886
0 -5.10664
0 -4.99664
0 -4.91871
0 -4.77249
0 -4.5563
2 -4.99519
0 -4.91966
0 -4.9922
0 -4.77939
1 -4.45319
0 -4.47083
0 -4.05773
0 -5.18279
51 -4.37546
0 -4.56277
0 -4.63439
0 -5.05659
29 -4.93974
0 -4.83892
1 -4.86518
0 -4.23055
0 -5.12549
0 -4.2434
0 -4.90483
5 -4.63744
0 -4.1757
6 -4.83587
9 -4.25342
0 -4.86963
0 -4.71011
0 -5.05991
0 -5.09275
0 -4.79728
0 -4.64099
0 -4.95941
28 -4.69278
0 -4.97053
0 -4.85419
1 -4.30862
0 -4.6175
6 -4.52813
0 -4.67031
0 -5.01177
0 -4.82743
0 -4.72067
0 -4.68602
0 -5.33322
1 -5.11614
2 -4.95068
1 -4.83375
0 -4.87923
0 -4.70143
0 -4.87794
1 -5.12816
0 -4.65361
0 -5.23442
1 -5.05924
153 -4.47116
1 -5.02826
0 -5.41842
0 -4.72477
7 -4.80155
0 -5.48861
2 -4.78997
39 -4.59174
0 -4.78032
0 -4.81644
0 -5.05267
0 -5.01656
1 -5.03467
1 -4.6495
0 -3.94696
0 -4.995
0 -4.97231
0 -4.86286
0 -5.00505
0 -4.84725
0 -4.86386
0 -4.59899
5 -4.7332
1 -4.33993
3 -4.30943
4 -4.89039
0 -4.75582
0 -4.66296
5 -4.84466
1 -4.93827
0 -4.81771
0 -5.16004
0 -4.87715
0 -4.67825
0 -5.10547
0 -4.25632
2 -4.32011
0 -4.65577
0 -5.10276
1 -4.75851
3 -4.80608
1 -4.44823
0 -5.01603
0 -4.94327
0 -4.96707
4 -4.85052
0 -4.83217
0 -5.18345
0 -4.8258
1 -5.09539
0 -4.91832
0 -4.60957
0 -4.69158
6 -4.7966
0 -5.13115
2 -4.85986
0 -5.00415
1 -4.55334
0 -4.78738
0 -4.63361
1 -3.83816
0 -4.59912
0 -4.56417
6 -4.78249
3 -4.742
0 -4.91271
0 -4.76333
0 -5.06973
18 -4.97544
0 -4.67937
0 -5.09315
0 -4.97867
0 -4.75132
0 -4.68339
0 -4.88325
0 -4.63692
26 -4.49188
0 -4.87853
0 -5.23648
1 -5.03353
0 -4.86185
1 -4.99335
3 -5.05185
0 -4.85926
0 -4.29698
0 -4.86363
1 -4.91945
0 -4.17372
1 -4.97887
1 -5.44098
0 -4.6288
0 -4.55426
0 -5.02212
0 -4.24375
0 -4.70531
0 -5.35966
0 -4.77385
1 -5.08709
0 -4.67085
1 -4.81073
0 -4.89971
0 -4.73014
1 -4.90652
6 -4.59339
0 -4.74701
0 -4.39674
0 -4.77889
0 -4.92898
0 -4.82599
0 -4.94533
6 -4.88773
0 -5.15046
0 -4.12615
0 -4.87962
0 -4.7133
0 -5.00311
0 -4.49072
1 -4.94662
29 -4.64895
3 -4.87312
0 -4.38359
0 -4.65014
0 -4.98392
0 -4.76029
1 -4.78275
39 -4.71984
1 -4.85363
1 -4.89567
0 -4.99718
0 -4.55693
4 -4.25243
1 -4.13636
1 -4.91935
7 -4.75358
1 -4.8718
2 -4.98659
0 -4.8672
0 -5.04381
16 -4.02951
0 -4.78761
0 -5.19053
0 -5.14254
0 -5.02576
1 -4.45808
20 -4.9461
0 -4.85394
0 -4.74005
1 -4.96489
0 -5.00772
0 -4.71603
0 -4.99576
0 -4.23437
0 -3.93634
1 -4.98733
2 -5.39951
0 -4.71728
1 -4.87054
0 -5.15265
10 -5.38998
0 -5.03986
0 -5.13299
0 -5.17328
0 -5.34101
0 -5.21735
0 -5.07682
0 -5.25357
0 -3.44849
1 -4.68159
0 -5.18623
0 -4.62395
18 -5.32237
0 -4.80646
1 -4.84021
0 -5.11864
0 -5.34341
1 -5.35758
0 -4.98524
5 -5.12456
1 -5.38232
0 -4.96651
0 -5.34331
5 -4.73288
0 -5.70273
0 -5.6842
0 -5.61094
0 -5.74376
0 -5.74968
0 -4.8749
0 -5.69594
0 -5.68137
0 -5.66135
0 -5.50005
0 -5.55609
0 -5.86818
0 -5.40206
0 -5.54156
0 -4.79968
0 -5.04483
0 -5.00666
0 -4.78843
0 -4.65301
0 -4.8444
0 -4.69448
0 -4.50898
0 -4.88806
0 -4.81983
0 -4.93116
0 -4.80903
0 -4.87026
0 -4.89869
1 -4.89165
1 -4.99483
0 -4.60923
0 -4.74908
0 -4.81791
0 -4.51946
0 -4.59213
1 -5.0007
0 -4.85414
0 -4.99511
0 -4.8262
0 -4.94333
0 -4.88359
0 -4.795
0 -4.84408
0 -4.79057
1 -4.96214
0 -4.95381
0 -4.84063
1 -4.72828
0 -4.51723
0 -4.76396
0 -4.92072
0 -4.42956
0 -4.64485
0 -4.96786
0 -4.85707
0 -4.95428
2 -4.63331
0 -4.93617
1 -4.9764
0 -4.77524
0 -4.55847
0 -4.63748
0 -4.79363
2 -4.49457
1 -5.44226
0 -5.47103
1 -5.41428
1 -5.32589
0 -4.49466
0 -5.3039
10 -4.98273
0 -5.50247
0 -5.49633
0 -5.42657
0 -5.43144
0 -5.51735
0 -5.08857
0 -5.01548
0 -5.35221
0 -4.87553
0 -5.49815
1 -5.19998
0 -5.10437
0 -5.12747
0 -5.30739
2 -5.58843
1 -5.34164
0 -5.43809
0 -5.24842
0 -5.434
0 -4.83849
0 -5.04271
0 -5.22155
0 -4.84841
83 -4.90395
0 -5.20895
0 -5.30224
0 -5.75837
0 -5.36579
2 -5.55673
0 -4.36877
0 -5.50471
0 -4.74525
0 -5.90426
0 -5.13013
0 -5.42044
0 -5.155
2 -5.4178
1 -5.45452
5 -5.50947
1 -5.4094
0 -4.80816
0 -5.46831
0 -5.12612
1 -5.01345
0 -4.62628
0 -5.32002
0 -4.87779
0 -4.88994
0 -4.9781
18 -5.25757
0 -5.46654
0 -4.8166
0 -5.16051
0 -5.1884
0 -4.70133
0 -5.29522
0 -4.76454
0 -5.38557
0 -5.32144
0 -5.05255
0 -4.50981
2 -4.12375
0 -4.80975
1 -5.17977
2 -5.49773
0 -5.4065
0 -5.29678
0 -5.44624
1 -5.73377
0 -5.3243
0 -5.1306
0 -4.78119
12 -5.12704
0 -5.49524
0 -5.27411
0 -5.43315
1 -5.5129
0 -5.49036
0 -5.51437
0 -5.00002
0 -4.99715
0 -4.74072
0 -5.60135
0 -5.17665
0 -5.16722
3 -5.54856
3 -5.33656
0 -5.00831
0 -5.10676
0 -5.2685
0 -5.46738
2 -4.90003
0 -5.23992
0 -5.29496
0 -4.83289
0 -5.34638
0 -4.90982
0 -4.93755
0 -4.53705
0 -4.89129
0 -4.70601
0 -4.68465
0 -5.04364
0 -4.60918
0 -4.96919
0 -4.85844
0 -4.86587
0 -4.79579
0 -4.91042
0 -4.92811
0 -4.80298
0 -4.69529
0 -4.93864
1 -5.07491
1 -5.06083
1 -5.24275
1 -4.92569
0 -5.48325
0 -5.29148
0 -5.45105
1 -4.95389
1 -4.70191
0 -5.06404
0 -5.17718
1 -4.8836
1 -5.39081
1 -5.43775
0 -5.60263
0 -5.17008
2 -4.7706
0 -5.69285
0 -5.60334
0 -6.17052
0 -5.44315
0 -5.24315
2 -5.40287
0 -5.55532
0 -5.25524
0 -5.82611
0 -5.65235
2 -5.66219
0 -5.83964
0 -5.24546
0 -5.62423
0 -4.88042
17 -5.11458
2 -5.64295
0 -5.85121
0 -5.99918
0 -5.23885
0 -6.10605
0 -5.10627
0 -5.54215
0 -5.54705
0 -5.60255
14 -5.51726
0 -5.69661
0 -4.95204
0 -5.0021
7 -5.07365
0 -6.04167
0 -5.75571
1 -5.68537
0 -5.32053
1 -5.6517
0 -5.07697
0 -5.75089
0 -5.45951
0 -4.87817
1 -5.25488
0 -4.7922
0 -5.04339
0 -5.29595
1 -5.25106
0 -5.14649
0 -4.87641
0 -5.16285
0 -4.83839
0 -5.162
0 -5.21082
1 -5.0319
0 -5.18334
0 -5.29636
0 -5.23376
0 -5.17987
0 -5.2995
0 -5.11276
5 -5.13012
0 -5.11166
0 -4.88667
0 -4.70016
0 -4.75841
0 -5.20869
0 -5.19304
0 -5.21946
0 -5.11709
0 -5.30685
0 -4.76417
0 -5.28358
0 -4.87948
0 -5.17435
1 -4.74828
0 -5.26854
0 -5.1314
0 -5.2771
0 -4.99745
0 -4.97703
0 -5.31337
0 -4.9982
0 -5.01996
0 -5.24057
0 -5.14697
0 -4.99248
0 -5.04349
0 -4.94946
0 -5.24269
1 -4.9281
0 -5.05574
0 -4.51502
0 -5.2191
0 -5.21683
0 -5.29101
0 -4.85769
0 -6.00699
0 -6.03414
0 -6.19428
0 -5.98662
0 -6.07511
0 -6.12987
0 -6.30595
0 -6.01557
0 -6.22824
0 -6.16785
0 -6.05926
0 -6.05087
2 -6.02033
0 -5.92789
0 -5.7634
1 -6.09351
0 -6.22684
0 -6.2857
0 -6.24427
0 -6.03883
0 -6.08317
0 -6.06275
0 -5.98396
0 -6.00262
1 -6.04639
0 -6.13146
0 -6.40566
0 -5.95881
0 -6.06726
0 -6.1772
0 -5.82498
0 -6.08269
0 -5.9081
0 -6.2167
0 -6.25375
0 -5.86382
0 -6.12126
0 -6.21977
0 -5.98446
0 -5.51285
4 -5.42981
0 -6.1499
0 -6.22194
0 -6.19408
0 -6.17345
0 -5.8764
0 -6.11941
1 -6.14158
0 -6.26272
1 -6.08393
0 -6.07441
1 -5.81518
0 -6.15477
0 -5.96743
0 -6.11514
1 -6.33586
0 -6.08638
0 -5.9123
0 -6.20952
0 -5.95117
0 -6.19017
0 -6.13458
0 -6.02372
0 -6.16985
1 -5.80465
0 -6.15316
1 -6.09267
4 -6.07424
0 -6.17543
0 -5.9485
0 -6.03861
0 -6.16869
0 -5.02095
0 -5.46036
0 -5.70654
0 -4.94555
0 -5.34077
0 -5.5533
1 -5.39144
0 -5.46778
0 -5.4817
0 -5.54867
0 -5.18465
0 -5.31564
0 -5.18788
0 -5.51916
0 -5.39887
0 -5.3113
0 -5.53262
0 -5.6129
1 -5.49274
0 -5.49107
0 -5.14445
0 -5.55408
0 -5.76538
40 -4.83199
0 -4.74787
0 -5.03859
4 -4.82189
0 -4.96697
1 -4.69474
31 -5.39085
1 -4.7898
3 -4.98669
7 -4.60802
0 -4.62335
1 -5.08285
0 -4.16504
1 -5.09214
7 -4.90741
2 -5.19637
0 -4.9426
0 -5.43193
145 -4.22322
2 -4.68331
5 -5.38113
1 -5.06795
0 -5.09226
6 -4.85052
0 -5.38601
0 -5.10249
5 -4.97327
1 -5.17182
3 -5.04241
63 -4.57377
8 -4.97149
1 -4.87972
15 -4.8662
53 -5.36335
1 -5.11444
12 -4.60442
38 -4.90886
8 -5.0383
12 -5.55127
14 -4.63276
5 -4.83644
30 -4.41099
11 -4.94179
0 -4.80617
0 -4.96454
0 -5.1705
12 -5.44789
9 -5.29247
6 -5.04697
0 -5.05819
0 -4.73102
0 -4.88941
4 -4.51991
1 -5.05824
7 -4.78974
10 -5.1284
0 -4.87717
0 -5.08128
0 -5.43814
1 -5.26433
0 -5.23818
0 -5.35348
0 -5.15674
1 -4.75197
0 -5.10382
0 -5.46715
0 -5.04308
0 -4.68321
0 -4.6649
0 -5.2424
0 -5.08549
0 -5.25586
2 -4.78449
0 -5.14605
3 -5.26557
0 -5.11963
0 -5.29424
4 -5.33266
0 -5.10485
0 -5.10139
0 -4.86667
0 -5.25853
0 -5.28727
0 -5.30051
0 -4.78543
0 -5.12293
3 -5.08787
0 -5.49216
0 -5.31576
0 -4.71584
0 -5.25566
1 -5.08123
0 -4.98772
0 -5.40413
0 -5.5055
0 -5.36086
0 -5.47096
0 -5.49482
0 -5.21033
0 -5.27165
0 -5.25742
0 -5.10577
0 -5.4305
0 -5.25344
0 -5.44957
0 -5.31218
0 -5.13771
1 -4.96946
0 -5.35294
0 -5.2444
0 -5.38043
0 -4.67203
0 -4.99406
0 -5.29783
0 -5.40117
0 -5.25452
0 -5.2471
0 -5.45401
1 -5.34206
0 -5.38866
11 -4.97828
18 -4.79685
1 -5.12698
3 -4.84953
8 -4.91174
2 -4.87357
1 -4.87803
1 -4.94554
