7 -4.4995
5 -4.39587
2 -4.41273
1 -4.13944
0 -4.0095
0 -3.91012
0 -4.00181
0 -3.86429
0 -3.88643
1 -3.85918
0 -4.1814
0 -3.99896
0 -3.95616
0 -3.94751
0 -3.90864
0 -4.00784
0 -4.03233
0 -4.02095
1 -4.41848
0 -3.76914
1 -3.94408
0 -3.83339
1 -4.00937
0 -4.1984
2 -4.08511
0 -3.80563
0 -4.01343
0 -4.1854
0 -3.84937
2 -4.09788
0 -4.18818
0 -4.12985
1 -3.74965
0 -3.82792
0 -3.8188
1 -3.91631
0 -3.96522
0 -4.15746
3 -4.04802
0 -4.18332
1 -4.29849
1 -4.3066
2 -4.11854
1 -4.26584
0 -3.80405
0 -4.00556
2 -4.36719
0 -3.93875
0 -4.30424
0 -4.07332
1 -4.03536
0 -3.91529
7 -4.21056
1 -4.06807
3 -4.24389
1 -3.67649
0 -3.98445
1 -4.0278
0 -4.20061
1 -4.11579
1 -4.00943
2 -4.1188
0 -3.78534
1 -4.02738
0 -4.08628
3 -4.08455
0 -4.15854
0 -3.99003
0 -3.68222
0 -4.1621
2 -3.49939
0 -3.78053
3 -4.14618
0 -3.6629
4 -3.66905
20 -3.19676
0 -3.49773
1 -3.88818
0 -3.83578
0 -3.88683
3 -3.54182
0 -3.59378
0 -3.47072
0 -2.58696
6 -3.81477
0 -4.02589
2 -3.71184
0 -3.85457
0 -3.66371
0 -2.77027
0 -4.32865
0 -3.95244
0 -3.6795
0 -3.43622
0 -2.95183
2 -3.71363
0 -3.60938
12 -3.44033
0 -4.54909
0 -3.61411
0 -3.77842
0 -3.82708
0 -2.1937
0 -3.68643
7 -3.44232
4 -3.85092
0 -3.37912
0 -3.74554
0 -3.27726
1 -3.74652
4 -3.67307
0 -3.56633
13 -2.55535
0 -3.35802
0 -3.94004
1 -4.15562
0 -3.49639
21 -3.34827
0 -3.35808
11 -3.41257
1 -3.66852
5 -3.41889
20 -3.51796
2 -3.50475
0 -3.85277
2 -3.35117
2 -4.03994
2 -4.00591
4 -3.60637
0 -3.67196
1 -2.82344
0 -3.02833
1 -3.67571
3 -3.69791
0 -3.97973
0 -3.99056
0 -3.853
0 -3.88053
0 -3.5058
0 -3.84188
0 -3.76347
0 -3.93551
0 -3.88283
0 -3.9167
4 -4.07518
0 -3.87596
0 -3.92643
5 -4.01712
0 -4.13841
0 -3.87824
0 -3.75943
0 -4.0964
1 -3.91883
0 -3.94435
1 -4.09667
0 -3.93599
2 -4.08509
0 -3.69424
4 -4.05481
2 -4.18534
0 -3.81984
2 -3.97184
0 -5.01084
0 -4.04113
1 -4.07094
0 -3.89154
0 -3.76199
0 -3.77383
1 -3.79097
5 -3.99557
2 -3.75798
0 -3.66663
1 -4.26083
0 -3.80104
4 -4.16505
0 -3.95524
0 -3.89513
0 -4.12939
2 -3.86584
0 -3.88879
6 -3.79737
0 -3.88798
0 -4.08914
1 -4.04448
3 -4.03156
0 -3.98871
0 -3.40191
0 -4.05633
0 -4.0745
0 -3.88271
0 -3.80175
0 -4.12256
6 -4.1867
3 -3.93548
1 -4.03334
0 -3.96731
6 -3.79128
0 -3.91709
0 -4.04232
1 -4.0514
3 -3.96089
1 -3.68623
0 -3.90434
11 -3.7371
0 -3.99169
8 -3.7144
1 -3.93781
0 -4.00341
0 -4.20733
0 -3.74454
0 -4.13901
2 -4.13207
6 -4.18252
0 -3.75143
1 -3.9596
0 -4.12747
0 -3.75857
3 -3.85486
0 -3.82785
0 -3.89359
1 -4.00354
0 -4.02724
0 -3.80012
4 -4.08567
0 -4.21576
0 -4.12639
0 -4.00001
0 -3.85137
1 -3.91466
3 -3.86614
0 -4.01696
1 -3.94171
0 -3.8357
0 -3.98892
0 -3.90418
2 -4.10227
0 -4.08535
0 -4.01473
0 -3.98982
0 -3.77659
3 -4.04451
1 -3.87667
1 -4.07383
0 -4.16061
0 -4.09015
0 -4.04375
1 -4.12785
0 -4.02194
0 -3.97378
0 -3.82437
2 -4.07446
3 -3.95371
0 -4.14357
0 -3.91605
0 -3.9396
0 -3.995
0 -3.9378
2 -4.08523
0 -3.94863
0 -4.06257
0 -4.01287
0 -3.65637
0 -3.95311
0 -4.04539
0 -3.84342
3 -3.91244
0 -3.86454
0 -3.88235
0 -3.75684
0 -3.95158
0 -3.89709
0 -3.838
3 -3.89529
2 -3.84594
1 -3.51542
0 -4.24333
0 -3.8366
0 -4.19617
0 -3.81083
0 -3.85373
0 -4.14578
1 -4.03316
2 -4.14192
0 -3.98093
2 -3.80989
0 -3.92178
1 -3.92163
0 -3.94013
0 -4.04746
1 -3.75779
1 -4.09279
0 -3.88205
0 -3.88588
1 -3.86166
0 -3.94721
0 -3.88881
0 -5.01569
0 -4.7399
0 -4.49076
0 -4.87524
0 -4.97279
0 -4.71046
0 -4.99588
0 -4.79491
0 -5.09795
0 -4.79299
0 -4.87576
0 -4.84865
1 -4.72986
1 -5.26128
1 -4.54836
0 -4.25516
0 -4.85829
0 -4.8137
0 -4.88294
0 -4.72249
0 -4.75428
0 -4.8521
0 -4.78361
0 -4.80186
0 -4.93731
0 -4.73608
1 -5.04174
0 -5.08073
0 -4.8278
0 -4.83655
0 -4.91323
0 -4.83627
0 -4.54926
0 -4.95947
0 -4.6986
0 -4.55553
0 -4.59675
0 -4.46852
0 -4.73412
0 -4.62203
0 -4.86338
0 -4.85121
0 -4.28727
0 -4.85355
0 -4.74765
0 -4.69158
0 -4.90525
0 -4.88986
0 -4.87878
0 -4.81557
0 -4.98945
0 -4.78892
0 -4.84059
0 -4.90018
1 -4.77254
0 -4.60469
0 -4.76708
0 -4.86168
58 -4.38563
0 -4.76422
0 -4.76808
2 -4.9012
1 -4.90196
0 -4.79931
18 -4.68954
0 -4.81127
0 -4.44092
0 -4.79718
0 -4.7452
0 -4.9261
1 -4.62249
0 -4.87882
0 -4.50209
0 -4.82697
1 -4.93471
0 -4.59456
0 -4.82552
1 -4.48764
0 -4.82082
1 -5.0013
0 -4.82068
0 -4.57059
0 -4.70913
0 -4.60045
0 -4.84838
0 -5.08253
0 -4.50113
6 -4.66576
1 -4.82813
0 -4.91424
1 -4.93533
13 -4.97164
3 -4.8656
0 -4.77869
0 -4.95293
0 -4.89555
0 -4.93849
0 -4.82061
3 -4.99701
3 -4.93535
1 -4.93406
1 -4.83223
1 -4.76577
0 -4.63671
0 -4.89009
0 -4.9273
0 -4.57728
0 -4.97327
0 -4.92331
0 -4.93495
0 -4.78332
0 -4.93157
0 -4.89535
1 -4.93181
3 -4.9477
0 -4.62483
0 -4.92489
0 -4.8013
0 -4.44854
0 -5.22714
0 -4.87202
1 -4.83024
0 -4.73653
1 -4.86591
0 -4.69371
1 -4.64502
3 -4.99861
0 -4.90212
0 -4.88916
2 -4.75564
1 -4.86591
0 -5.03323
1 -5.00024
0 -4.51298
1 -4.82391
0 -4.76141
0 -4.85598
0 -4.75583
0 -4.59711
0 -4.64911
1 -4.94165
12 -4.8101
1 -4.57813
3 -4.93248
0 -4.97753
0 -4.73674
0 -4.80878
1 -4.59478
0 -4.76056
0 -4.73274
0 -4.74512
0 -4.55034
0 -4.67376
1 -4.70098
0 -4.64414
0 -4.71133
0 -4.60091
0 -4.35172
0 -4.66265
0 -4.71408
0 -4.55472
0 -4.96827
0 -4.67582
0 -4.62751
0 -4.74866
0 -4.70896
1 -4.58992
0 -4.79176
0 -4.65245
1 -4.68404
0 -4.61762
3 -4.71061
0 -4.66365
0 -4.81692
0 -4.79856
0 -4.49644
0 -4.79147
0 -4.72302
1 -4.7441
0 -4.83255
1 -4.65387
0 -4.77865
0 -4.68518
0 -4.6748
0 -4.63476
0 -4.71118
0 -4.52828
2 -4.74354
0 -4.91493
6 -4.55127
1 -4.78758
0 -4.6046
0 -4.74695
1 -4.59635
0 -4.72982
0 -4.50453
0 -4.77647
0 -4.52455
0 -4.73094
0 -4.7133
0 -4.68652
1 -4.72044
0 -4.61209
1 -4.52172
0 -4.61177
0 -4.71482
0 -4.4678
0 -4.54388
0 -4.76405
0 -4.5819
0 -4.58319
0 -4.76924
0 -4.66583
0 -4.56313
0 -4.64899
1 -4.82677
0 -4.62916
0 -4.58039
0 -4.43193
0 -4.68517
0 -4.82464
0 -4.65855
0 -4.512
1 -4.57588
0 -4.71108
0 -4.5969
1 -4.54155
0 -4.78199
0 -4.78029
0 -4.78628
0 -4.75885
3 -4.62818
0 -4.58834
0 -4.72394
0 -4.84679
0 -4.68245
0 -4.82296
0 -4.79512
0 -4.78641
0 -4.94861
0 -4.64729
0 -4.91917
0 -5.0421
0 -5.03054
0 -4.97965
0 -5.00521
0 -4.98389
0 -4.75464
0 -4.94472
0 -4.90331
0 -4.98538
0 -4.90364
0 -5.03999
0 -5.01614
0 -5.06072
0 -5.07253
0 -4.78699
0 -5.0646
0 -5.02194
0 -5.06142
2 -4.80511
1 -5.03875
0 -4.74545
0 -4.22718
0 -5.02992
0 -4.88287
0 -5.14277
0 -5.12296
0 -5.02738
1 -4.9322
0 -5.03343
0 -4.87432
0 -4.80293
0 -5.0128
0 -4.99545
0 -4.92461
0 -4.97883
0 -4.96147
0 -4.91351
0 -4.98754
0 -4.8843
0 -5.02511
0 -4.95451
0 -4.97775
0 -5.03091
0 -5.06023
0 -4.98223
0 -4.85797
0 -4.9197
0 -5.06578
0 -4.86412
0 -4.99146
0 -4.84215
9 -5.12917
0 -4.63305
0 -4.72809
0 -5.1825
0 -4.97191
0 -4.93099
1 -4.93122
0 -4.87699
0 -4.89194
0 -5.03833
0 -5.0396
0 -4.81828
0 -4.85929
0 -4.82513
0 -5.09145
0 -5.13088
0 -4.84193
0 -5.01383
0 -5.14956
0 -4.9191
2 -4.98118
0 -4.90575
0 -5.01498
0 -4.6529
0 -4.97505
0 -5.00416
0 -5.01255
0 -5.19809
0 -4.91905
0 -4.99047
0 -4.72025
0 -4.7512
0 -4.7866
0 -4.67512
0 -5.03002
0 -4.95746
0 -3.73803
1 -4.98243
0 -4.92865
0 -5.10875
0 -4.98935
0 -4.96012
0 -4.88904
0 -4.45752
0 -4.51042
0 -4.64506
0 -4.19873
0 -4.48904
0 -4.5244
0 -4.68504
1 -4.37121
0 -4.48927
0 -4.16826
0 -4.47266
0 -4.60405
0 -4.28039
0 -4.6575
0 -4.65945
0 -4.58183
0 -4.37176
0 -4.21819
0 -4.35687
0 -4.74759
0 -4.65494
0 -4.7092
0 -4.62495
0 -4.19015
0 -3.92722
0 -4.72557
0 -4.80038
0 -4.11032
2 -3.99319
0 -4.63049
0 -4.7486
0 -4.61962
0 -4.63008
0 -4.25887
0 -4.29787
0 -4.58034
0 -4.3175
0 -4.41914
0 -3.88459
1 -4.54484
0 -4.26785
0 -4.42301
0 -4.68009
0 -4.62072
0 -4.69894
1 -4.65465
0 -4.2987
0 -4.01652
0 -4.37947
0 -4.45029
0 -4.69652
0 -4.6649
0 -4.64242
0 -4.48205
0 -4.66025
0 -4.36623
0 -4.65853
0 -4.53726
0 -4.73998
0 -4.30268
0 -4.64683
0 -4.98431
0 -4.12465
0 -4.52949
0 -4.29984
0 -4.73124
0 -4.53098
0 -4.60483
0 -4.77205
0 -4.53224
0 -4.82485
0 -4.82749
1 -4.63256
0 -4.76792
0 -4.75065
0 -4.35854
0 -4.68053
0 -4.377
0 -4.61258
1 -4.49226
0 -4.66226
0 -4.64128
0 -4.53826
0 -4.79682
0 -4.8453
0 -4.64923
1 -4.28946
0 -3.97457
2 -4.62024
0 -4.55831
0 -4.74043
0 -4.38267
0 -4.25398
0 -4.21629
0 -4.22051
0 -4.72719
0 -4.57197
0 -4.68304
0 -4.55047
0 -4.64766
0 -4.41159
2 -4.50077
0 -4.39337
0 -4.28895
0 -4.08575
0 -4.05347
0 -4.37162
0 -4.36447
0 -4.11565
0 -4.82925
0 -3.86565
0 -4.3961
2 -4.2727
4 -4.42485
0 -4.26717
0 -4.07544
0 -4.17612
3 -4.16772
1 -4.37934
0 -4.16475
0 -4.65587
0 -4.1477
0 -4.47368
0 -4.52429
0 -4.31567
0 -4.38662
0 -3.99156
0 -4.27973
1 -4.27205
0 -3.91906
0 -3.96024
1 -4.19056
0 -4.05478
1 -4.4098
0 -4.13114
0 -4.6403
0 -3.99072
4 -4.24258
0 -4.09222
0 -3.99599
0 -4.41255
0 -4.06925
0 -4.24549
1 -4.15012
0 -4.37311
0 -4.20775
0 -4.16526
0 -4.11588
0 -4.47097
0 -4.17889
1 -4.36212
0 -3.79293
1 -4.25281
0 -4.04029
0 -4.39887
1 -4.27353
0 -4.23982
0 -4.23283
0 -3.93409
7 -4.30673
2 -4.26595
0 -4.22882
0 -4.4494
0 -3.92979
0 -4.01418
0 -4.20098
0 -4.1709
0 -4.20439
0 -4.21253
0 -3.86098
0 -3.89476
0 -4.19377
0 -4.09428
0 -4.61249
0 -4.10338
0 -4.18724
0 -4.59404
0 -3.97997
0 -4.18363
1 -4.19263
0 -4.15309
0 -4.20087
0 -4.31856
0 -3.94859
0 -4.10054
0 -4.26674
0 -4.50704
0 -4.24846
0 -3.90332
0 -3.96437
0 -4.2952
0 -4.81707
0 -4.18504
0 -4.28871
0 -4.01017
0 -4.20412
0 -4.44986
0 -4.25392
0 -3.91097
0 -4.26355
0 -3.9653
1 -3.86189
0 -4.29601
1 -4.20707
0 -3.96961
0 -4.12575
0 -4.16633
0 -4.04372
0 -4.42138
0 -4.35829
2 -4.18587
0 -4.35488
0 -4.16252
0 -4.07346
0 -4.15072
0 -4.31341
0 -4.2793
1 -4.20449
0 -4.19557
0 -4.05502
0 -4.20058
0 -4.08767
0 -3.91936
0 -4.34221
0 -3.92772
1 -3.9756
2 -4.1583
0 -3.90231
0 -4.04293
0 -4.11155
0 -3.95496
1 -4.27101
1 -4.14664
3 -4.24383
0 -4.06876
0 -3.97698
0 -3.94187
0 -4.00262
0 -3.87884
0 -4.16488
2 -4.0168
0 -3.74254
0 -3.87557
0 -3.90652
1 -4.02759
0 -4.09343
0 -3.85747
0 -3.93867
0 -4.103
1 -3.86884
0 -4.27471
0 -3.82846
0 -4.08632
0 -4.22422
0 -4.12415
0 -4.13286
0 -3.8776
0 -4.01512
0 -4.09531
2 -3.72685
0 -4.03037
0 -3.88049
0 -3.956
0 -4.1026
0 -4.0601
0 -3.7793
1 -4.13662
0 -4.04541
0 -3.96994
0 -3.88631
0 -3.91699
0 -3.98966
0 -3.89529
1 -3.82418
0 -3.87464
2 -4.26272
0 -3.98979
0 -3.92623
1 -3.98738
1 -4.1415
0 -4.13192
1 -4.14655
0 -3.89123
0 -4.08584
0 -4.01191
0 -3.8846
0 -3.98245
0 -4.03673
0 -4.59925
6 -4.6643
29 -4.53062
1 -4.70445
1 -4.57263
8 -4.63278
0 -4.65214
3 -4.60642
2 -4.42549
8 -4.62852
1 -4.47563
6 -4.64454
6 -4.54656
0 -4.43072
25 -4.32638
19 -4.51402
1 -4.63423
0 -4.63565
0 -4.32898
0 -4.59424
6 -4.63971
1 -4.52561
1 -4.53585
20 -4.23628
0 -4.8839
0 -4.75774
0 -4.80447
0 -4.86501
4 -4.82621
0 -4.86969
1 -4.511
0 -5.00943
3 -4.80098
2 -4.80849
3 -4.92726
0 -4.29991
3 -4.87446
0 -5.27375
0 -5.52055
1 -4.91852
0 -5.33184
0 -5.19601
1 -5.17192
0 -5.26259
0 -4.80724
0 -5.1914
0 -5.17632
1 -4.79494
0 -4.63867
2 -4.74488
1 -4.71368
0 -5.29775
0 -5.54157
0 -5.52011
2 -5.13373
2 -4.96132
0 -5.09595
0 -5.60984
0 -5.40926
4 -4.86664
0 -5.45253
9 -4.99645
0 -5.20773
0 -5.21163
1 -5.28897
0 -5.1364
0 -4.72637
0 -5.41294
0 -5.13081
5 -4.73932
1 -4.89697
0 -5.37007
0 -5.29017
0 -5.05468
1 -4.81666
0 -4.75726
0 -5.09667
6 -4.91765
0 -5.43384
0 -5.06994
1 -5.01872
0 -5.06968
2 -4.86638
1 -5.02387
0 -5.51525
0 -5.68517
11 -5.08625
0 -5.25997
1 -5.39187
1 -5.19652
0 -5.08348
0 -5.35028
0 -5.19115
0 -5.06816
6 -5.0076
0 -5.02247
0 -5.29091
0 -5.15235
0 -5.09329
22 -4.93294
0 -5.04141
0 -5.22425
0 -5.40044
0 -5.06728
0 -5.14128
0 -5.23661
0 -5.04233
0 -5.35341
0 -5.14938
2 -5.01229
2 -5.12594
1 -4.68685
0 -5.21528
0 -5.56988
0 -4.96859
1 -5.10793
1 -4.85051
1 -4.90022
26 -4.76379
0 -5.136
0 -5.16043
0 -5.10545
0 -5.30798
0 -5.1511
0 -5.2174
0 -5.19396
0 -5.00499
0 -5.20626
0 -5.34535
0 -5.14278
0 -5.19633
0 -5.2441
0 -5.21312
0 -5.45054
0 -5.09603
0 -5.38569
0 -4.98982
0 -5.2662
1 -5.05155
0 -4.95256
0 -5.21406
0 -4.92954
0 -5.01449
0 -4.86003
0 -5.07512
0 -5.24206
1 -4.91047
0 -5.03434
0 -5.54732
0 -5.15137
0 -5.31108
0 -4.97968
0 -5.22366
0 -5.05318
0 -5.6069
0 -5.46553
0 -5.25567
0 -5.99376
0 -5.5857
0 -5.08732
0 -5.04545
1 -5.08659
0 -5.13245
0 -5.47179
0 -4.91012
0 -4.98675
0 -5.05936
0 -5.51211
0 -5.22045
0 -4.94275
0 -5.01674
0 -5.21644
0 -4.82847
0 -5.36118
0 -5.01602
0 -5.25691
0 -5.35052
0 -5.19373
0 -5.13111
0 -5.37184
0 -5.17721
2 -4.77421
0 -4.58672
0 -5.13618
0 -5.05117
0 -5.08416
0 -5.12873
0 -5.50458
0 -5.39184
0 -5.07891
0 -5.22473
0 -5.0142
0 -5.14084
0 -4.93411
0 -5.29827
0 -5.22417
0 -5.16636
0 -5.2829
0 -5.0953
0 -5.25527
0 -4.98661
0 -5.06284
0 -4.88226
0 -5.4814
0 -4.99304
0 -5.15065
0 -5.18499
0 -3.8284
1 -4.19303
0 -3.67699
0 -4.09671
0 -4.07692
1 -3.92149
0 -4.14944
0 -4.16118
0 -4.09545
0 -3.89098
0 -4.14637
0 -3.75146
0 -4.17995
0 -4.14782
0 -3.88521
0 -3.89486
2 -4.33166
1 -3.8505
0 -3.724
3 -3.8174
0 -3.753
0 -4.13172
1 -3.99372
4 -4.08469
12 -3.70796
2 -3.86696
0 -3.75693
0 -3.66114
0 -4.24079
2 -3.95732
1 -3.73186
0 -3.77007
0 -3.85932
2 -3.86077
0 -3.70194
0 -4.25542
0 -3.89037
1 -3.84738
0 -3.95504
3 -3.86205
1 -4.25263
1 -3.93039
0 -4.14747
1 -4.03587
3 -4.21088
2 -3.84866
0 -4.13556
0 -4.12775
0 -4.02696
4 -3.73114
1 -3.74361
0 -3.74756
1 -3.93344
0 -4.10229
0 -3.90438
1 -3.79455
1 -3.91661
0 -4.1891
0 -4.25773
0 -3.90032
8 -4.12349
1 -3.78315
0 -3.40555
2 -3.85877
0 -3.8774
1 -3.95545
1 -3.90399
1 -3.85279
2 -4.2405
0 -4.0008
0 -4.25054
0 -3.99401
1 -4.21185
0 -3.87709
0 -4.00693
1 -3.88939
0 -3.76048
1 -3.98569
0 -4.03285
0 -3.82928
0 -4.04887
0 -3.70682
0 -4.42214
0 -4.57144
0 -4.54314
0 -4.49313
0 -4.1669
0 -4.23862
0 -4.29338
0 -4.26982
0 -4.38115
1 -4.36681
2 -4.58671
0 -4.29727
0 -4.42142
0 -4.5459
0 -4.29982
0 -4.57029
0 -4.42584
0 -4.36963
0 -4.45874
0 -4.16627
0 -4.37054
0 -4.40171
0 -4.50316
0 -4.50574
0 -4.53257
0 -4.43567
0 -4.28412
0 -4.4501
0 -4.1811
0 -4.28708
0 -4.45584
0 -4.6087
0 -4.21627
0 -4.27235
0 -3.90917
0 -4.62362
0 -4.55344
0 -4.53888
1 -4.32955
0 -3.91277
0 -4.01261
0 -4.3493
0 -4.24195
0 -4.54834
0 -4.31735
0 -4.29076
0 -4.33336
0 -4.34341
0 -4.22919
1 -4.69271
0 -4.42272
0 -4.4896
0 -4.24615
0 -4.38904
0 -4.18343
0 -4.56386
0 -4.64868
0 -4.41547
0 -4.56377
1 -4.0665
0 -4.54409
0 -4.48223
0 -4.13924
0 -4.7405
0 -3.31918
0 -4.23696
0 -4.33045
1 -4.28877
0 -4.52093
0 -4.43475
0 -4.20746
0 -4.02035
0 -4.30564
0 -4.62519
0 -4.43885
0 -4.48932
0 -4.2038
1 -3.78828
0 -4.64432
1 -4.2591
1 -4.29129
0 -4.51331
0 -4.54595
0 -4.22319
0 -4.37293
0 -3.81891
0 -4.57752
0 -4.4658
0 -4.551
0 -4.4205
0 -4.32916
5 -4.77376
0 -4.17864
0 -4.60455
0 -4.57327
3 -4.5552
1 -4.24595
0 -4.3717
0 -4.48741
1 -4.13209
0 -4.36968
0 -4.44708
0 -4.19163
0 -4.24548
0 -3.6447
0 -4.37016
0 -4.18368
0 -4.24067
0 -4.58326
0 -4.41576
0 -4.36116
0 -4.18963
0 -4.50233
0 -4.13759
1 -4.20948
0 -4.83252
0 -4.61338
0 -5.01145
0 -4.87978
0 -4.9082
0 -5.08852
0 -5.18068
0 -5.11442
0 -5.19543
0 -5.4669
0 -5.34991
0 -4.99776
0 -5.2057
0 -5.19957
1 -5.02071
0 -4.93421
0 -5.2136
0 -4.69886
0 -4.93941
0 -4.8742
0 -5.49388
0 -4.92037
0 -5.01947
0 -4.84127
0 -5.08554
0 -5.28284
0 -4.9711
0 -5.36447
0 -4.79107
0 -4.87999
0 -4.71659
0 -4.96649
0 -4.97087
0 -4.83791
0 -5.14561
0 -5.32459
2 -5.09895
0 -5.04298
0 -5.06532
0 -5.26287
0 -4.82217
0 -5.46251
0 -5.0722
0 -4.89239
0 -4.79932
0 -5.49041
0 -4.99245
0 -4.94645
0 -4.91247
0 -5.37459
0 -5.72284
0 -5.08542
0 -5.44101
0 -5.0642
0 -5.31531
0 -5.13233
1 -4.78535
0 -4.99088
0 -4.75742
0 -4.72995
0 -4.90586
0 -4.95442
0 -4.89424
0 -5.0981
0 -5.00146
0 -4.94831
0 -4.95083
0 -4.89897
0 -4.90097
0 -5.07746
0 -4.67793
0 -5.08197
0 -4.81642
0 -4.61119
0 -4.70651
0 -4.97623
0 -4.93826
0 -4.85182
0 -4.9345
1 -4.544
0 -4.73134
0 -4.96838
0 -4.96574
1 -4.86299
0 -4.63001
0 -4.87661
0 -4.72388
0 -4.78659
0 -4.77752
0 -4.82702
0 -4.95728
0 -4.94853
1 -4.69201
0 -4.99898
0 -4.7514
0 -4.6639
0 -5.04926
0 -4.95838
0 -4.85957
0 -4.7746
0 -4.6562
0 -4.84989
0 -4.78293
0 -4.80385
0 -4.95264
0 -4.89534
0 -4.84687
0 -4.90919
0 -4.75236
0 -4.94126
0 -4.86326
0 -4.61117
0 -4.883
0 -4.80386
0 -4.84156
0 -4.84775
0 -4.68987
0 -4.69628
0 -4.84656
0 -5.00898
0 -5.00156
0 -4.90566
0 -4.8353
0 -4.81835
0 -4.95113
0 -4.68083
0 -5.05679
0 -4.96743
0 -4.63926
0 -4.94021
0 -4.93353
0 -4.90473
0 -4.86089
0 -5.0514
0 -4.7197
0 -4.92907
0 -4.60104
0 -4.92248
0 -5.00454
0 -5.05665
0 -4.79399
0 -4.98379
0 -4.70715
14 -3.80466
0 -4.93082
0 -4.87931
0 -4.39276
0 -4.85041
0 -4.61389
0 -4.67059
0 -4.27793
0 -4.75302
0 -4.52319
0 -4.55329
0 -4.30732
0 -4.66671
1 -4.70117
0 -4.71707
0 -4.83937
1 -5.0035
0 -5.00183
0 -4.85467
0 -4.91825
0 -4.97111
2 -4.95812
0 -5.04708
1 -5.18096
1 -5.02189
0 -4.86351
0 -4.43529
5 -4.19607
0 -4.57727
0 -4.21791
0 -4.69272
0 -4.20929
2 -4.18288
0 -4.42906
2 -3.66181
3 -4.56783
0 -4.29254
8 -4.01959
4 -4.44775
2 -4.41111
2 -4.62057
4 -4.0298
0 -4.34778
1 -4.35009
0 -4.63473
3 -4.19206
2 -4.54461
6 -4.14072
0 -4.48867
2 -3.71457
0 -4.18991
0 -4.11016
0 -3.66441
0 -3.49764
3 -3.4358
0 -3.96329
3 -3.79617
5 -3.63183
0 -3.72655
0 -3.76621
0 -3.67745
0 -4.00277
0 -4.66047
0 -3.6254
0 -4.04672
0 -3.52664
2 -4.08476
6 -3.50322
1 -3.78513
0 -3.66947
3 -4.39718
0 -4.15674
0 -3.28504
6 -4.15745
0 -4.01859
0 -3.80343
0 -4.13188
0 -3.9559
0 -4.18134
2 -4.06934
0 -4.8012
0 -4.5105
2 -3.25368
0 -4.68819
0 -4.6049
1 -4.68843
0 -4.59836
0 -4.68405
0 -4.59215
0 -4.96833
0 -4.78922
1 -4.64488
0 -4.60106
0 -4.71808
1 -4.52993
0 -4.89572
0 -4.71978
0 -4.65347
0 -4.68152
0 -4.63478
0 -4.72658
0 -4.75005
0 -4.74907
0 -3.60048
0 -4.67622
1 -4.64311
0 -4.67972
2 -4.75974
0 -4.60081
3 -4.33806
2 -3.61642
1 -4.94026
0 -4.62676
1 -4.75089
0 -4.70051
1 -4.46685
0 -4.89375
0 -4.75279
0 -4.6104
0 -4.73863
2 -3.56822
0 -4.70618
1 -4.15163
1 -4.23414
0 -4.72395
1 -4.92568
0 -4.76483
0 -4.64988
0 -4.62952
0 -4.68269
0 -4.55963
3 -4.6697
0 -4.43852
0 -4.70814
1 -4.83998
0 -4.64674
0 -4.90288
0 -4.82476
1 -4.7388
4 -4.21682
0 -4.57771
0 -4.59724
0 -4.26081
1 -4.07243
0 -4.06303
0 -3.98827
0 -4.10415
0 -4.07218
1 -4.00205
0 -4.29359
0 -3.96908
1 -4.15459
0 -4.21811
0 -4.21169
1 -4.20374
0 -4.22021
0 -4.19388
0 -3.72323
0 -4.25942
0 -4.01252
0 -4.20156
0 -4.07207
0 -4.10419
1 -4.10089
0 -4.13993
0 -3.98457
0 -4.09254
1 -4.21298
0 -4.00713
0 -4.12372
0 -4.26766
0 -4.40654
0 -3.89512
1 -4.25639
0 -4.09053
3 -4.20525
0 -4.25412
2 -4.08287
0 -4.14006
0 -3.95861
0 -4.35028
0 -3.92333
3 -4.1814
0 -4.10251
0 -4.02374
2 -4.2485
1 -4.13477
0 -4.15126
0 -3.92484
0 -3.80881
0 -4.31848
0 -4.04649
0 -4.12878
0 -3.96272
0 -4.06032
1 -4.05665
0 -4.10212
0 -4.27127
0 -3.98494
0 -4.14208
0 -4.05105
12 -4.06706
0 -4.08891
0 -3.8699
0 -4.16879
0 -4.33746
2 -4.13672
2 -4.16384
0 -4.25102
0 -4.23553
0 -3.88181
0 -4.17125
1 -3.99002
0 -4.06414
0 -4.39784
0 -4.0546
0 -4.14162
2 -4.22994
1 -3.91724
0 -3.71297
0 -4.25798
1 -4.2657
0 -4.18288
0 -3.90596
0 -3.89131
0 -4.12012
0 -4.25391
0 -4.09566
0 -4.02804
0 -4.13175
0 -4.18307
2 -4.08599
0 -4.2173
4 -4.28835
0 -4.12892
0 -3.91158
0 -4.23247
1 -4.16139
0 -4.16302
0 -4.12587
0 -4.41707
0 -3.97673
0 -5.38552
0 -5.41757
0 -4.90626
0 -5.4962
0 -5.38827
0 -5.48841
0 -5.49019
1 -5.54402
0 -5.49142
0 -5.30471
0 -5.58895
0 -5.38435
0 -5.31296
0 -5.31285
0 -5.34054
0 -5.39111
0 -5.58483
0 -5.30743
0 -5.40735
0 -5.31422
0 -5.33494
0 -5.33042
0 -5.40932
0 -5.27271
0 -5.39266
0 -5.39953
0 -5.58726
0 -5.56223
0 -5.34342
0 -5.35679
0 -5.58792
0 -5.45609
0 -5.45883
0 -5.4157
0 -5.49957
0 -5.3481
0 -4.86684
0 -5.41469
0 -5.17146
0 -4.66138
0 -5.53951
0 -5.40314
0 -5.36536
0 -5.42938
0 -5.55261
0 -5.28741
0 -5.7198
0 -4.3313
2 -4.783
0 -4.80025
0 -5.02385
0 -4.54482
0 -4.73755
0 -4.54195
0 -4.52356
1 -4.64979
0 -4.63677
0 -4.69865
2 -4.64693
0 -4.60446
0 -4.52122
0 -4.75347
0 -4.59418
1 -4.81754
4 -4.69095
1 -4.66399
0 -4.88128
0 -4.86823
0 -5.00351
0 -4.73422
0 -4.54569
3 -4.6092
0 -4.88686
0 -4.58007
0 -5.02513
1 -4.68907
0 -4.54774
3 -4.53417
0 -4.85197
0 -4.67056
0 -4.5318
1 -4.84299
0 -4.57797
0 -4.62221
0 -4.71632
0 -4.82327
0 -4.60798
0 -4.50011
1 -4.79219
2 -5.15552
1 -4.46274
3 -4.7292
0 -4.73794
3 -5.02894
3 -4.92318
0 -4.68556
2 -4.86857
2 -4.77433
1 -4.92307
0 -4.43849
0 -4.84955
1 -4.69761
1 -4.62236
1 -4.54219
0 -4.71821
0 -4.71598
0 -4.64702
0 -4.43175
0 -5.01937
1 -4.83154
0 -4.67709
0 -4.60872
0 -4.38891
1 -4.81488
0 -4.62051
0 -4.75164
2 -4.83074
0 -4.54862
1 -4.89925
0 -4.41253
0 -4.91386
0 -4.72547
1 -4.77485
3 -4.72518
1 -4.96021
0 -4.68872
0 -4.75263
0 -4.76385
0 -4.46582
0 -4.69689
0 -4.61779
0 -4.81324
0 -4.83883
1 -4.95404
1 -4.96069
2 -4.44087
0 -4.37318
0 -4.43439
0 -4.31602
0 -4.69141
0 -3.61391
0 -4.34477
1 -4.37522
0 -4.30676
2 -4.54767
0 -4.46595
0 -4.68939
0 -4.21373
0 -4.14414
1 -4.5617
0 -4.44784
0 -4.07414
0 -4.43979
0 -4.32081
0 -4.97028
1 -4.72554
0 -4.50978
0 -4.72948
0 -4.66369
0 -4.52252
0 -4.62404
0 -4.40134
0 -3.30653
0 -4.49679
0 -4.36041
0 -4.30137
0 -3.91038
0 -4.38085
0 -4.56895
0 -4.62604
1 -4.26763
0 -4.02745
0 -4.42733
0 -4.04478
0 -4.64039
0 -4.52304
0 -4.22869
0 -4.45564
0 -4.37904
0 -4.56277
0 -4.59216
0 -4.3782
0 -4.52704
0 -4.3229
1 -3.85077
0 -4.70709
0 -4.51784
0 -4.30088
0 -4.7191
0 -4.45419
0 -4.66299
0 -4.56359
0 -4.78014
0 -4.46268
10 -4.38941
0 -4.11197
0 -4.65311
0 -4.83648
0 -4.72261
0 -4.65902
0 -4.56159
0 -3.77674
0 -4.50136
0 -4.51466
0 -4.52291
0 -4.08372
0 -4.49485
13 -3.96157
1 -4.87
0 -4.31657
0 -4.81245
8 -4.4125
0 -4.05633
0 -4.12282
5 -4.63026
0 -4.79309
0 -4.80271
0 -4.44201
0 -4.11672
0 -4.53656
0 -4.47272
1 -4.00507
3 -3.9815
2 -3.82
0 -3.45582
0 -4.5132
0 -3.77655
0 -4.81694
0 -4.83694
1 -4.77611
0 -4.37651
0 -4.93844
0 -4.57274
0 -4.90931
0 -4.13039
0 -5.02286
0 -4.75747
0 -5.04157
0 -4.75694
0 -4.70655
0 -4.30557
0 -4.88696
0 -4.79453
0 -4.74528
0 -4.99714
0 -4.82338
1 -4.69838
0 -4.52699
0 -4.71633
0 -4.39785
0 -4.62955
0 -4.82351
0 -4.69624
0 -4.62194
0 -4.94333
0 -4.1244
1 -4.90363
0 -4.79634
0 -5.07926
0 -5.01248
0 -4.72806
0 -4.83
0 -4.64076
0 -4.46791
2 -4.54072
0 -4.58598
0 -4.56015
0 -4.35815
3 -4.31767
0 -4.52334
0 -4.63822
1 -4.44779
0 -4.69768
0 -4.52265
0 -4.66651
1 -4.43033
0 -4.47602
1 -4.49163
0 -4.63493
0 -4.49031
0 -4.61106
0 -4.72655
1 -4.67969
0 -4.54554
2 -4.45994
1 -4.27335
0 -4.74313
1 -4.71858
0 -4.36979
0 -4.57894
5 -4.48997
0 -4.44714
0 -4.49324
0 -4.39067
0 -4.42878
0 -4.571
0 -4.56909
3 -4.58859
0 -4.41377
0 -4.63987
0 -4.39504
1 -4.37787
6 -4.56697
1 -4.71686
0 -4.5974
0 -4.7353
0 -4.59565
0 -4.37699
4 -4.4155
0 -4.66079
0 -4.42352
0 -4.78762
0 -4.49931
1 -3.84461
0 -4.53416
0 -4.40225
3 -4.47786
0 -4.65889
0 -4.3753
0 -4.47447
0 -4.61673
0 -4.61334
0 -4.85037
0 -4.66176
0 -4.63124
0 -4.51992
2 -4.58196
0 -4.53964
1 -4.62807
2 -4.4823
1 -4.92621
2 -4.91324
0 -4.93365
2 -4.69184
5 -5.19445
0 -4.07536
4 -4.16333
0 -3.86523
2 -4.11934
2 -3.91934
1 -3.98929
2 -4.01116
4 -4.16264
0 -3.97039
5 -3.99125
1 -4.18325
4 -4.16426
0 -3.98383
0 -3.88478
0 -4.00022
1 -4.00534
0 -3.99842
6 -4.20533
1 -4.10251
0 -4.05885
9 -4.0952
0 -4.1088
14 -4.08976
0 -4.06023
0 -3.97726
5 -4.19721
0 -3.81133
0 -4.17541
3 -4.16535
2 -4.12517
0 -3.90716
4 -4.21433
0 -4.04838
3 -3.92757
0 -3.87009
0 -4.10875
1 -4.1536
1 -3.93125
2 -4.20313
7 -4.19756
1 -3.98936
3 -4.14936
0 -4.08974
1 -4.21543
0 -3.84199
7 -4.24755
0 -5.03995
0 -6.09003
0 -4.76109
0 -4.97214
0 -5.10492
0 -6.08863
0 -5.01429
0 -11.8388
0 -5.29523
0 -5.29753
0 -4.75027
0 -5.9383
0 -4.9781
0 -5.24133
0 -4.67122
0 -4.92231
0 -5.14072
0 -5.78858
0 -5.08711
0 -4.64938
0 -5.02457
0 -5.34262
0 -4.97798
0 -6.14067
0 -5.20681
0 -4.91565
0 -5.16753
0 -5.11989
0 -6.06877
0 -5.08128
0 -5.25508
0 -5.3859
0 -5.00321
0 -5.21393
0 -4.58028
0 -5.00412
0 -5.07763
0 -5.06574
0 -5.05925
0 -4.98814
1 -5.283
0 -4.87447
0 -5.01233
0 -5.25114
0 -5.21688
0 -5.37582
0 -4.57898
0 -5.00981
0 -5.15587
0 -5.10703
1 -5.14528
0 -5.2781
0 -5.29025
0 -5.01675
0 -5.04946
0 -4.0633
0 -5.35876
0 -5.30314
0 -5.33192
0 -4.18648
0 -4.94917
0 -5.07173
0 -5.07873
0 -5.228
0 -5.06964
0 -4.28008
1 -4.08984
1 -4.11029
1 -4.08802
0 -3.88108
0 -4.10593
6 -4.13218
0 -4.04203
1 -4.18523
1 -4.23942
0 -3.97321
0 -4.40802
2 -4.25265
0 -4.04788
0 -4.05291
0 -4.1146
0 -4.16414
1 -4.00776
0 -4.03287
6 -4.27262
0 -4.17729
0 -4.07209
0 -4.36074
0 -4.12846
1 -4.19045
0 -3.9442
0 -4.14274
1 -4.25566
1 -4.13873
0 -4.02961
0 -4.08548
0 -3.81145
0 -4.12707
8 -4.0292
0 -3.86564
1 -4.157
0 -4.0333
0 -4.12842
2 -4.00484
0 -4.24299
0 -4.18732
0 -4.20458
0 -4.21909
0 -4.37797
0 -4.04142
2 -4.14917
0 -4.03806
6 -4.13583
0 -3.90084
1 -3.98818
0 -4.08594
0 -4.13946
0 -4.12867
0 -4.10742
0 -4.0785
1 -4.10613
0 -3.97115
1 -4.29074
0 -3.89358
0 -4.18399
1 -4.2984
0 -4.15375
1 -4.0139
0 -4.42602
0 -4.12733
0 -4.05912
0 -4.25988
0 -4.13706
0 -4.26885
0 -4.10122
0 -4.00366
1 -4.14239
0 -4.1592
0 -4.19127
0 -4.27722
2 -4.34688
0 -4.09841
0 -3.89228
1 -4.06676
5 -4.04479
0 -4.13572
0 -4.16321
1 -4.18331
0 -4.289
0 -4.12077
0 -4.04425
0 -4.08681
0 -4.04677
0 -3.90979
0 -4.05281
1 -4.13355
0 -4.10096
0 -4.27823
0 -3.97414
3 -4.45821
2 -4.36937
2 -3.95299
0 -3.49089
16 -4.0794
2 -2.98014
0 -4.0451
0 -4.41989
4 -3.14538
2 -4.02827
0 -3.57355
0 -3.90732
4 -3.9089
0 -3.86218
10 -2.65843
1 -4.15002
51 -3.41315
0 -3.98795
0 -4.09129
0 -4.13189
0 -4.05185
21 -3.84236
10 -3.86381
0 -3.52663
0 -4.00089
3 -2.0012
0 -4.0588
1 -3.9174
0 -4.01134
0 -3.65709
0 -3.10676
0 -4.11809
64 -1.73454
1 -4.05002
0 -4.44981
0 -4.17
0 -3.71309
0 -3.87276
0 -4.00642
0 -4.04892
0 -4.38159
0 -3.3262
0 -3.91991
0 -3.91303
25 -4.10743
0 -4.0667
0 -3.65415
4 -3.97667
1 -3.95596
0 -3.57617
3 -4.10155
0 -4.23691
0 -3.8304
0 -3.55631
0 -3.34549
0 -3.302
1 -3.65274
0 -3.99613
72 -3.58135
2 -3.5089
0 -3.4781
0 -4.01798
18 -4.08542
1 -3.39003
0 -3.76965
0 -2.54817
0 -4.27751
12 -1.15832
1 -4.14314
4 -3.45234
0 -3.1569
3 -3.98547
16 -2.76884
2 -4.17936
0 -3.84111
0 -4.1405
1 -3.85217
0 -3.96077
0 -3.69786
0 -4.09107
37 -3.7452
1 -4.02698
2 -3.98532
0 -2.91766
0 -3.5749
10 -3.78851
0 -3.57415
2 -3.97966
0 -3.74333
0 -3.28414
1 -3.40185
0 -4.45928
0 -4.25086
14 -4.09787
0 -4.01494
3 -3.85845
0 -3.68411
0 -3.75292
0 -4.1534
0 -3.87896
0 -4.12012
6 -4.15226
167 -3.47341
0 -4.18359
0 -3.84997
0 -3.54593
9 -3.83921
0 -4.51255
5 -3.99098
236 -2.05844
0 -3.94089
1 -3.66144
1 -4.21343
0 -4.01376
0 -3.97305
1 -3.58465
0 -3.14172
2 -4.04284
0 -4.3255
0 -3.81608
1 -4.2796
0 -3.40122
6 -3.98955
1 -4.10085
18 -3.96588
1 -2.42995
17 -2.32823
5 -4.04371
1 -3.81134
1 -3.05123
1 -4.07024
2 -3.98267
0 -2.71125
0 -3.97549
1 -3.91076
0 -3.82571
0 -4.03804
0 -2.98333
8 -2.92644
0 -3.40965
3 -4.05985
1 -3.54867
0 -4.05714
0 -2.73189
10 -3.47947
1 -3.9027
0 -4.01042
3 -3.92763
0 -3.78167
0 -4.23626
1 -2.96369
0 -4.09645
5 -3.81209
0 -3.47172
1 -3.643
6 -3.9218
1 -3.22777
0 -3.91674
0 -4.07794
0 -3.46708
0 -4.23349
0 -3.5394
0 -2.47702
2 -3.43671
0 -3.53417
4 -3.5984
1 -3.89823
0 -3.96664
0 -3.60026
1 -4.18028
42 -4.12108
1 -3.91966
0 -4.15181
0 -3.97254
2 -4.03438
0 -3.84881
1 -4.06057
0 -3.67144
67 -2.95322
0 -4.1069
0 -4.06619
3 -4.28991
0 -4.08661
0 -4.24336
5 -4.21168
4 -3.62225
1 -3.21607
7 -3.99832
4 -4.0102
0 -2.66177
0 -4.03404
0 -4.41893
0 -3.3158
0 -3.58957
0 -4.08316
0 -3.4558
3 -3.01133
0 -4.54874
0 -3.99086
3 -4.16809
0 -3.64427
1 -4.08171
0 -4.26841
1 -4.05064
0 -4.01293
22 -2.59517
0 -3.81876
0 -3.4652
0 -3.67773
0 -3.80129
1 -4.07604
1 -3.95479
1 -4.06552
0 -4.14999
9 -1.70289
0 -3.70236
0 -3.67587
0 -3.83296
1 -3.4568
0 -3.96751
61 -3.86767
4 -3.92491
0 -3.13787
0 -3.50887
0 -3.81122
0 -3.71429
0 -3.74903
28 -3.78839
1 -4.18192
0 -4.11622
5 -4.11775
0 -3.37243
4 -3.10044
0 -2.85225
0 -4.04146
1 -3.09324
6 -4.08843
0 -3.84561
2 -3.64794
0 -4.10291
23 -2.41143
0 -3.667
1 -4.27601
6 -4.30199
2 -4.0645
9 -2.06497
14 -4.10507
1 -3.78346
0 -3.39787
1 -4.14991
2 -4.14067
0 -3.62367
0 -3.86077
0 -2.16693
1 -2.40098
0 -4.36876
0 -4.79723
0 -4.69238
0 -4.5642
0 -4.87605
0 -4.63928
0 -4.68673
0 -4.12866
0 -4.05627
0 -4.0207
0 -4.45286
0 -4.65015
0 -3.52896
0 -4.49285
0 -4.82056
0 -4.46353
0 -5.05883
0 -4.34224
0 -3.23415
0 -4.564
0 -4.58948
0 -4.92614
0 -4.59461
0 -4.68362
0 -4.63826
0 -5.33028
0 -4.2732
0 -4.01445
0 -4.56992
0 -4.99983
0 -4.69919
0 -5.04517
0 -5.06496
0 -5.06951
0 -4.11434
0 -4.99781
0 -4.93257
0 -4.9331
0 -4.97426
0 -4.8367
0 -5.02919
0 -4.84358
0 -4.82738
0 -4.06133
0 -4.39926
1 -4.26922
1 -4.15298
0 -3.95044
0 -3.85565
0 -3.98662
0 -3.77513
0 -3.88945
0 -4.41241
0 -4.1922
0 -3.87131
0 -3.91382
0 -4.12734
0 -4.43338
0 -4.2212
1 -4.13488
0 -4.33444
0 -3.51233
0 -3.92288
0 -4.15008
0 -4.21523
0 -4.01098
0 -4.29026
0 -4.03246
0 -4.01477
0 -4.45366
0 -4.01692
0 -4.03124
0 -3.97369
0 -4.25957
0 -4.19476
0 -4.27911
0 -4.05321
0 -3.90336
0 -3.84225
0 -4.30787
0 -3.85244
0 -3.95132
0 -4.00991
0 -4.0577
0 -4.22516
0 -3.90212
0 -4.29215
0 -4.00112
0 -4.05462
0 -4.15186
0 -3.95268
0 -3.98628
0 -4.34385
0 -4.67095
0 -4.71973
0 -4.67641
0 -4.74717
0 -4.01882
0 -4.633
9 -4.59449
0 -4.86811
0 -4.82556
0 -4.72327
0 -4.6453
0 -4.71646
0 -4.58765
0 -4.19067
0 -4.64886
0 -3.88221
0 -4.80768
1 -4.71532
0 -4.36421
0 -4.62159
0 -4.62781
4 -4.8262
0 -4.89948
0 -4.57249
0 -4.85915
0 -4.59973
0 -4.03213
0 -4.08174
0 -4.66984
0 -4.51282
16 -4.54335
0 -4.88775
0 -4.60051
0 -4.92096
0 -4.70103
0 -4.9701
0 -3.87826
0 -4.73431
1 -4.81356
0 -4.90922
0 -4.48836
0 -4.38094
0 -4.66393
0 -4.65411
1 -4.89176
4 -4.82103
0 -4.66434
0 -4.03728
0 -4.85891
0 -4.55841
0 -4.82687
0 -4.64464
1 -4.72927
0 -4.65618
0 -4.46642
1 -4.19201
4 -4.82863
0 -4.76373
0 -4.07462
0 -4.55493
1 -4.50949
0 -4.86105
0 -4.63992
0 -4.7338
0 -5.29052
0 -4.71235
0 -4.752
0 -3.89589
0 -4.1335
0 -3.9735
0 -4.50041
0 -4.81626
3 -4.50698
0 -4.35825
1 -4.74084
0 -4.77838
0 -4.52915
1 -4.73933
0 -4.09756
1 -4.79064
1 -5.18756
0 -4.71259
0 -4.51848
0 -4.73244
0 -4.72235
1 -4.76351
0 -4.37931
0 -4.53182
0 -4.26703
1 -4.85581
0 -4.70708
0 -4.57378
1 -4.77102
1 -4.91297
0 -4.59619
0 -4.60659
1 -4.42307
0 -4.77975
2 -4.11644
0 -4.53632
0 -4.36
1 -4.23921
0 -5.06142
0 -4.83067
0 -4.30786
1 -4.11609
0 -4.18693
0 -3.85773
0 -4.17556
0 -4.0672
0 -3.78066
0 -4.24183
0 -4.24448
0 -4.09339
0 -4.09491
1 -4.28335
0 -4.34896
0 -3.97573
0 -3.88965
0 -5.04167
1 -4.67926
0 -4.58856
0 -4.80572
0 -4.62403
0 -4.76204
0 -4.69379
0 -4.81546
0 -4.59488
2 -4.38723
0 -4.53273
0 -4.71493
0 -4.45831
0 -4.69292
0 -4.57904
0 -4.75714
0 -4.69353
3 -4.51731
0 -4.56336
0 -4.87643
0 -5.1409
0 -4.5337
0 -4.59046
1 -4.78323
0 -4.73924
0 -4.60974
0 -4.99505
0 -4.8779
0 -4.60413
0 -4.79308
0 -4.38538
0 -5.24958
0 -4.3474
1 -4.4446
0 -5.05301
0 -4.74823
0 -4.98605
0 -4.7342
0 -5.17231
0 -4.46574
0 -4.74565
0 -4.51123
0 -5.01229
3 -4.84363
1 -5.30687
0 -4.3836
0 -4.3841
1 -4.4793
0 -5.22929
0 -5.25113
0 -5.01991
0 -4.53217
0 -4.92818
0 -4.47479
0 -4.97666
1 -4.5088
0 -4.24815
2 -4.62977
0 -4.25853
0 -4.31202
0 -4.4984
0 -4.88988
0 -4.31178
0 -4.28255
0 -4.30448
1 -4.22115
0 -4.32932
0 -4.43764
0 -4.27672
0 -4.52885
0 -4.48679
0 -5.31782
0 -4.38207
0 -4.5776
0 -4.61883
0 -4.66779
0 -4.32935
0 -4.16588
0 -4.12922
0 -3.85377
0 -4.43226
0 -4.61733
0 -4.43785
1 -4.04461
0 -4.60306
1 -3.88982
0 -4.48993
0 -4.02479
0 -4.49374
0 -4.25547
0 -4.67492
0 -4.60567
0 -4.55609
0 -4.39112
0 -4.31548
0 -4.5696
1 -4.2474
0 -4.44293
0 -4.39458
1 -4.35341
0 -4.18526
0 -4.29359
0 -4.44084
0 -4.5157
0 -4.2004
0 -4.44349
0 -4.01784
0 -4.49987
0 -4.37764
0 -4.6462
0 -4.2452
0 -5.03194
0 -5.30011
0 -5.10655
0 -5.4177
1 -5.32075
0 -5.06457
1 -5.19906
0 -5.34162
0 -5.162
0 -5.11217
0 -5.22849
0 -5.04117
0 -5.12413
1 -5.17019
0 -5.57546
1 -5.34143
0 -5.11437
0 -5.16194
0 -5.36938
0 -5.18103
0 -5.18656
0 -5.02857
0 -5.09279
0 -5.19405
0 -5.08879
0 -5.2601
0 -5.18037
0 -5.04824
0 -5.08893
0 -5.07374
0 -5.42406
0 -5.02941
0 -5.06975
0 -5.29354
0 -5.31835
0 -5.43477
0 -5.12183
0 -5.58733
0 -5.10351
0 -4.65082
1 -4.9941
0 -5.09646
0 -5.48774
0 -5.29984
1 -5.3295
1 -5.50112
0 -5.10133
0 -5.15787
0 -5.12241
0 -5.18654
0 -5.16617
0 -5.08204
0 -5.17696
0 -5.01088
0 -5.15324
0 -5.21361
0 -5.18971
0 -5.08378
0 -5.28742
0 -5.31822
0 -5.19102
0 -5.09186
0 -4.93044
0 -5.23395
0 -4.92573
0 -5.21107
1 -5.25913
0 -5.22297
1 -5.26442
0 -5.06535
0 -5.27723
1 -5.19329
2 -5.01436
0 -5.03888
0 -5.08737
0 -4.66254
0 -5.09041
0 -5.2324
0 -4.9863
0 -4.73219
0 -5.11939
0 -5.01626
0 -4.61925
0 -5.16767
1 -5.12351
0 -4.81235
0 -4.87449
0 -4.77812
0 -5.16218
0 -5.27195
0 -5.19812
0 -4.95366
0 -5.08928
0 -5.06807
0 -4.96468
6 -3.9741
0 -4.3819
0 -4.54081
1 -4.60298
0 -4.56572
0 -4.29666
2 -4.32587
0 -4.18636
0 -4.60687
1 -3.97045
0 -4.34694
2 -4.56525
1 -3.91198
0 -4.22532
2 -4.06906
4 -4.29557
0 -4.38537
1 -4.89865
45 -3.82161
1 -4.08284
0 -4.62826
0 -4.54088
0 -4.2737
4 -3.98168
0 -4.87989
1 -4.58774
1 -4.52749
0 -4.32381
0 -4.63243
11 -4.23102
2 -4.65501
0 -4.66403
5 -4.22452
7 -4.5186
0 -4.44004
5 -3.84282
13 -4.55872
2 -4.17439
0 -4.93847
2 -4.21833
3 -4.65314
9 -3.85835
3 -4.43208
1 -4.68413
0 -4.66105
0 -4.79838
3 -4.37396
1 -4.45198
0 -4.21762
3 -4.53057
0 -4.42814
2 -4.55057
3 -3.76912
1 -4.49659
9 -4.59679
1 -4.38956
0 -4.51828
1 -4.1546
0 -4.3895
2 -4.41219
0 -4.46565
0 -4.25072
0 -4.05457
0 -4.55114
0 -4.64745
0 -4.40475
0 -4.52204
0 -3.98572
0 -3.77264
0 -4.25783
0 -4.60875
0 -4.31834
1 -3.97867
0 -4.03258
2 -4.54264
0 -4.51174
0 -4.52554
2 -4.54118
1 -4.57857
0 -4.34007
0 -4.49608
0 -4.78868
0 -4.63778
0 -4.75971
0 -4.02209
0 -4.88494
1 -4.43873
0 -4.53859
0 -4.32628
0 -4.35776
0 -4.64619
1 -4.71701
0 -4.00269
0 -4.35947
0 -4.52865
0 -4.20801
0 -4.84217
0 -4.90817
0 -4.06027
0 -4.03307
0 -4.25749
0 -4.03609
0 -4.61388
0 -4.78256
0 -4.41259
0 -4.58257
0 -4.04336
0 -4.15904
0 -4.52449
0 -4.31508
0 -5.01234
0 -3.98363
0 -4.50769
0 -4.08055
0 -4.43766
0 -4.70251
0 -4.63823
0 -4.44329
0 -4.39273
0 -4.35856
6 -4.56402
6 -4.60046
1 -4.80261
2 -4.88231
6 -4.66517
3 -4.96647
0 -4.88603
0 -4.90474
