0 -5.15672
5 -5.21211
1 -5.12094
0 -5.06615
0 -4.93463
1 -5.25045
0 -5.25814
0 -4.89323
0 -5.01962
1 -5.28974
0 -5.21566
1 -5.24922
0 -5.18926
4 -5.31186
0 -5.29568
0 -5.29151
0 -5.156
1 -5.18763
0 -5.31373
0 -4.96193
0 -5.24103
0 -4.86029
0 -5.12278
0 -5.34588
1 -4.97718
0 -5.1849
1 -5.08602
1 -5.33803
0 -5.07699
3 -5.30176
0 -5.38696
0 -5.21325
1 -5.08493
0 -5.23015
0 -5.33098
0 -4.8682
8 -5.06347
0 -5.15824
14 -5.36787
0 -5.45029
1 -5.34269
0 -5.4085
0 -5.22919
4 -5.30225
1 -4.961
0 -5.09953
2 -5.36485
0 -5.23557
0 -5.26348
1 -5.12832
4 -4.82509
0 -5.15392
12 -5.45096
17 -5.21117
0 -5.31507
0 -5.14252
0 -5.30399
1 -5.0601
0 -5.22672
1 -5.17063
0 -5.30699
3 -5.44078
0 -5.15697
0 -5.32319
0 -5.21191
3 -5.43616
0 -5.37856
0 -5.16867
0 -5.02349
0 -5.27028
4 -4.80513
1 -5.00642
0 -4.86534
0 -4.78597
20 -4.22702
35 -3.98406
0 -4.94127
2 -4.45986
1 -4.8751
1 -4.88958
9 -4.31882
2 -4.85892
0 -4.19852
0 -4.56823
22 -4.41994
4 -4.73288
1 -4.30805
0 -4.76297
0 -4.91457
2 -4.8574
0 -3.98605
0 -4.69045
0 -4.60805
0 -3.83985
0 -4.06622
1 -4.75309
0 -4.33478
74 -4.23222
0 -5.01063
10 -4.25096
0 -5.07422
0 -4.69942
0 -4.40027
6 -4.51833
13 -4.22416
4 -5.01339
2 -4.62406
0 -4.78395
0 -4.90093
12 -4.20351
2 -4.76711
6 -4.20637
134 -3.50108
1 -4.23916
2 -4.82751
1 -5.11758
0 -4.15471
70 -4.01494
7 -4.25091
55 -4.17079
9 -4.57618
20 -4.05035
27 -4.30018
1 -4.54607
8 -4.59454
4 -4.15475
5 -5.07678
13 -4.18606
16 -4.3082
0 -4.6209
2 -4.69604
0 -4.64135
0 -4.91622
7 -4.34444
0 -5.19779
1 -5.09485
0 -5.17035
0 -4.84266
0 -4.40806
0 -4.79581
0 -4.48937
1 -5.06661
0 -4.89575
0 -4.88945
2 -4.97837
0 -4.83563
0 -4.6918
1 -4.75006
0 -4.87578
1 -4.87591
2 -4.44887
4 -5.18982
0 -5.04284
0 -5.03734
0 -5.07065
0 -4.63234
1 -4.75501
0 -4.75209
2 -4.93518
1 -5.02003
0 -4.78279
7 -5.09438
0 -4.96287
0 -4.95983
6 -4.9766
1 -4.82887
1 -4.42664
3 -4.73955
0 -4.64614
24 -4.80365
1 -4.70752
1 -4.32762
1 -5.3223
2 -4.53408
1 -5.06025
0 -4.81107
1 -4.72525
0 -4.9544
0 -4.81441
0 -4.69958
9 -4.7094
0 -4.87985
0 -4.75516
2 -4.8434
3 -4.97296
2 -4.63673
0 -4.1494
4 -5.25427
0 -5.02298
0 -4.83297
0 -4.83718
0 -4.72297
1 -5.08981
6 -4.95028
3 -5.01721
1 -5.0359
25 -4.70169
0 -4.61302
0 -5.1024
0 -4.8026
0 -4.86594
0 -4.70245
0 -4.92747
11 -4.67433
4 -4.68797
1 -4.70039
0 -4.95798
0 -5.00901
0 -5.07037
0 -5.09303
0 -4.9478
4 -5.09632
5 -5.08739
0 -4.79332
0 -4.89661
1 -4.98235
1 -4.84869
2 -4.91116
0 -4.95712
0 -4.88618
0 -4.90822
0 -5.04492
0 -4.51944
1 -4.98586
4 -4.96632
0 -5.09876
0 -5.08683
0 -4.90875
2 -4.52876
0 -4.73644
0 -5.02224
1 -4.73211
1 -4.64986
1 -5.05024
0 -4.69901
0 -4.85694
0 -4.79746
2 -4.69562
0 -4.92643
1 -4.86125
0 -5.02165
0 -4.68634
2 -4.91694
2 -4.97358
0 -5.0978
0 -5.02158
1 -5.07311
0 -4.74161
0 -4.81805
0 -4.8498
0 -4.98654
2 -4.93423
1 -4.89205
0 -5.02884
0 -4.6147
1 -4.69304
0 -4.69326
2 -5.14164
1 -4.94432
0 -4.67061
0 -4.98602
0 -4.77004
0 -4.94943
3 -4.7578
0 -4.70461
1 -4.77951
0 -4.72767
0 -4.88163
0 -4.80693
1 -4.80743
0 -4.80827
0 -4.68911
5 -4.63613
4 -4.58139
1 -4.56578
0 -4.94043
1 -4.89174
0 -5.00918
0 -4.55955
0 -4.83569
0 -4.78286
0 -4.94659
1 -4.88275
1 -4.97031
0 -4.80095
0 -4.92521
0 -4.99528
1 -4.99582
0 -4.75503
0 -4.68363
0 -4.92834
0 -4.68651
1 -4.79521
0 -5.03382
0 -4.93587
1 -4.65434
4 -5.71308
0 -5.61405
0 -5.99195
0 -5.66684
0 -5.6017
1 -6.78803
0 -6.74081
0 -5.38634
0 -5.64468
1 -5.80612
0 -5.44808
0 -6.06308
0 -5.89725
0 -5.50783
0 -5.41069
0 -6.81014
0 -5.46249
0 -6.75403
0 -5.31206
0 -6.05497
0 -5.84313
0 -5.88389
0 -5.34663
0 -5.41253
0 -7.56739
0 -5.6539
1 -5.75063
0 -5.63729
0 -6.85244
0 -5.52204
0 -5.87193
1 -5.87072
0 -5.79458
0 -5.84468
0 -5.48303
0 -5.17672
0 -5.92659
0 -5.56202
0 -5.25105
0 -5.62897
0 -5.47672
0 -5.5895
0 -5.78516
0 -5.88672
0 -5.25927
0 -5.58308
1 -5.70904
0 -5.85842
0 -5.9018
0 -5.69035
0 -5.93154
0 -5.70643
1 -5.61305
0 -5.68985
0 -5.70753
0 -5.49577
0 -5.69338
0 -5.50676
49 -5.25785
0 -5.48388
0 -5.58753
0 -5.72061
0 -5.80788
0 -5.66162
23 -5.58442
0 -5.63728
0 -5.44266
0 -5.67641
0 -5.52609
0 -5.79866
0 -5.52887
1 -5.83315
0 -5.26528
0 -5.68269
0 -5.88955
0 -5.58321
1 -5.87324
0 -5.38178
0 -5.77199
0 -5.93251
0 -5.67446
0 -5.41376
0 -5.64259
0 -5.55139
0 -5.72206
0 -6.07431
0 -5.43631
10 -5.60152
0 -5.66088
1 -5.91554
1 -5.85541
12 -5.61903
0 -5.87522
0 -5.47273
0 -5.91899
0 -5.80013
0 -5.79929
0 -5.79464
3 -5.92509
3 -5.80356
5 -5.75601
0 -5.66422
2 -5.66729
0 -5.5514
0 -5.90348
0 -5.81048
0 -5.48652
0 -5.79319
0 -5.87234
0 -5.79445
0 -5.60088
0 -5.79108
0 -5.68736
0 -5.84198
0 -5.89552
0 -5.55155
0 -5.81037
0 -5.74796
0 -5.35361
0 -5.22084
0 -5.8847
0 -5.72109
0 -5.41776
0 -5.82896
2 -5.65573
0 -5.56443
2 -5.82848
0 -5.86893
0 -5.74553
0 -5.65883
0 -5.86232
0 -5.9541
2 -5.88989
0 -5.49484
0 -5.58356
0 -5.53692
0 -5.88158
0 -5.65404
1 -5.47908
0 -5.58715
0 -5.87322
8 -5.69039
0 -5.63378
2 -5.73348
0 -5.91344
0 -5.55129
1 -5.69275
0 -5.41611
0 -5.52767
0 -5.5871
0 -5.44071
0 -5.35503
0 -5.39698
1 -5.44887
0 -5.52123
0 -5.33514
0 -5.25611
0 -5.18995
0 -5.16298
0 -5.56596
0 -5.34921
0 -5.77946
0 -5.4602
0 -5.36492
1 -5.53841
0 -5.5869
0 -5.48694
0 -5.38731
0 -5.45907
1 -5.48971
0 -5.34838
0 -5.47063
0 -5.35099
1 -5.5289
0 -5.55797
3 -5.32606
0 -5.4709
0 -5.43946
0 -5.50623
0 -5.58623
0 -5.51499
0 -5.57721
0 -5.50996
0 -5.43019
0 -5.43006
0 -5.45846
1 -5.2554
0 -5.5375
0 -5.70852
3 -5.21983
0 -5.45181
0 -5.44324
2 -5.4272
2 -5.27687
0 -5.55586
0 -5.36088
0 -5.55962
0 -5.3799
0 -5.38825
1 -5.42207
0 -5.44303
0 -5.54522
0 -5.43284
0 -5.27455
0 -5.30903
0 -5.30555
0 -5.31292
0 -5.23714
0 -5.47738
0 -5.38585
0 -5.47825
0 -5.3617
0 -5.5104
0 -5.38682
0 -5.50976
0 -5.44078
0 -5.36736
0 -5.44209
0 -5.14882
0 -5.51813
0 -5.68372
0 -5.28209
0 -5.38075
0 -5.31858
0 -5.46208
0 -5.57791
1 -5.31588
0 -5.49732
0 -5.30349
0 -5.58023
0 -5.51251
0 -5.38124
0 -5.35461
0 -5.46839
0 -5.64261
0 -5.44657
0 -5.62803
0 -5.9624
0 -5.93795
0 -5.98033
0 -5.80567
0 -6.07972
1 -6.12268
1 -6.10816
1 -6.15857
0 -6.11433
0 -6.09158
0 -5.97011
0 -6.00497
0 -6.10421
4 -6.18124
1 -6.01309
2 -6.05918
0 -6.16892
0 -6.28006
0 -6.10087
0 -5.92597
0 -6.26415
0 -6.09933
0 -5.98515
1 -5.95807
2 -6.18863
0 -5.84791
0 -5.84992
0 -6.1467
2 -5.83239
0 -6.35275
0 -6.13692
0 -6.19257
0 -6.00654
0 -6.05635
0 -6.01959
0 -6.10407
0 -6.1702
0 -6.08381
0 -6.10348
0 -6.14146
0 -6.14522
1 -6.03068
0 -6.14222
0 -5.86328
0 -6.19166
0 -6.36012
1 -6.19631
0 -6.06042
0 -6.06306
1 -6.06647
0 -5.85963
13 -5.93109
0 -6.07285
0 -5.91506
0 -6.36615
0 -5.84412
8 -6.185
0 -5.66893
0 -5.9176
0 -6.47412
0 -6.12457
0 -5.96241
1 -6.02628
0 -5.99793
0 -6.18232
0 -6.13338
0 -6.23353
0 -5.91622
2 -6.01279
0 -5.82269
0 -6.32524
0 -6.37842
0 -6.03591
0 -6.49735
0 -6.41175
0 -6.11676
6 -6.11961
1 -6.07862
0 -6.06068
0 -5.82318
0 -6.15509
1 -5.9479
0 -6.1363
0 -6.4899
0 -6.06021
0 -6.09398
0 -5.85547
0 -5.91881
1 -5.83601
0 -5.8289
0 -6.14924
0 -5.9557
0 -5.82175
0 -6.17514
0 -6.30926
0 -6.16236
0 -6.25758
0 -6.3219
0 -6.08772
0 -5.41046
0 -5.42467
0 -5.8109
0 -5.93209
0 -5.75837
0 -5.23785
0 -5.74935
0 -5.5629
0 -5.50095
0 -5.51436
0 -5.42903
0 -4.64105
2 -5.1224
0 -5.74497
0 -5.83605
0 -5.49901
0 -5.39679
0 -5.52761
0 -5.28962
0 -6.10021
0 -5.64418
0 -5.70446
0 -5.66552
0 -5.57411
0 -5.51776
0 -4.53772
0 -5.80424
0 -4.91419
0 -5.12378
0 -5.5697
0 -5.90915
0 -4.9855
0 -6.02908
0 -6.45035
0 -6.7476
0 -5.90604
0 -5.54194
0 -5.81086
0 -5.58368
0 -5.6125
0 -5.64458
0 -4.34571
0 -5.72113
0 -5.63556
0 -5.94617
7 -5.60624
0 -6.32429
0 -5.92632
0 -5.31381
0 -5.5369
0 -3.83688
0 -5.56458
0 -5.84598
0 -5.40602
0 -5.77122
0 -5.35127
0 -5.7075
0 -5.52395
0 -5.86086
0 -6.25059
0 -5.59964
0 -5.97938
0 -5.60376
0 -5.50564
0 -5.67707
0 -5.81343
0 -5.34704
0 -3.71539
0 -6.15018
0 -5.61218
0 -6.02483
0 -5.74207
0 -4.29961
0 -6.11253
0 -5.81575
0 -5.68691
0 -5.9313
0 -5.65573
0 -5.79764
0 -5.64475
0 -5.79602
0 -6.07876
0 -4.2112
0 -5.99353
1 -5.75519
0 -6.01864
4 -5.53439
0 -6.32937
0 -5.72035
0 -5.51548
0 -6.01226
0 -5.60092
0 -5.65597
0 -6.51395
0 -5.80195
0 -6.30107
0 -4.33978
0 -5.67404
0 -5.54035
0 -5.84998
0 -5.8036
0 -5.46339
0 -5.35255
1 -5.23653
0 -4.97164
0 -5.04647
0 -5.29524
0 -5.07817
0 -5.04157
0 -4.97238
0 -4.76424
0 -5.43024
0 -5.39444
2 -5.39866
0 -5.26032
0 -5.34665
0 -4.95476
0 -4.99353
0 -5.26409
0 -4.99414
0 -4.92248
0 -4.99766
0 -5.50311
0 -4.97346
1 -5.2002
0 -5.08363
0 -4.93994
0 -5.06749
0 -5.27129
0 -4.86863
0 -4.86027
0 -4.87873
0 -4.90838
0 -5.06224
0 -5.03898
0 -4.89938
0 -5.09474
4 -5.21856
0 -5.09089
0 -5.03149
0 -5.35943
0 -4.83273
0 -5.2074
0 -5.24634
0 -5.26701
0 -4.95308
0 -5.02375
0 -4.98234
0 -5.41372
0 -4.92718
0 -5.22204
1 -4.76661
0 -5.35325
1 -5.00052
0 -5.0867
0 -5.15354
0 -4.90202
0 -4.99407
0 -5.00186
6 -5.30079
0 -5.27495
0 -5.24563
0 -5.44893
0 -4.924
0 -4.75378
0 -5.06878
0 -5.09666
0 -5.14482
0 -4.99216
0 -4.86512
0 -4.9169
0 -4.92589
0 -5.12188
0 -5.21692
0 -5.09056
0 -4.95501
0 -5.12679
0 -4.83549
0 -4.89685
0 -5.31618
0 -4.95573
2 -5.10803
0 -5.0515
0 -4.91568
0 -5.24081
0 -5.12663
0 -4.84413
0 -5.27495
0 -4.86893
0 -4.82497
0 -5.25107
0 -4.96812
0 -4.91162
0 -5.20652
0 -5.16963
0 -5.01832
0 -5.40161
0 -5.13514
0 -4.88566
0 -5.21535
0 -4.9636
0 -4.97546
0 -5.0974
0 -5.17573
0 -5.177
0 -4.9895
0 -5.0827
0 -4.98563
2 -5.34577
0 -5.28041
0 -5.12617
0 -5.347
0 -5.02023
0 -4.79281
0 -4.99755
0 -5.14686
0 -5.07837
1 -5.16999
0 -5.09262
0 -4.96176
0 -4.87736
0 -4.84462
0 -4.89666
0 -5.38734
0 -4.68813
1 -4.876
6 -4.90343
0 -4.4046
0 -4.81501
0 -5.01928
0 -4.64891
0 -4.84613
4 -4.97046
4 -4.97436
1 -4.56481
0 -4.77831
0 -4.67898
0 -4.91491
0 -4.73629
0 -4.9041
5 -4.9071
0 -4.82517
0 -4.8267
0 -4.59326
0 -4.6177
0 -5.09434
0 -4.61022
0 -4.59754
0 -4.83404
4 -4.20502
1 -4.71902
7 -4.71665
0 -4.42318
0 -5.06965
0 -4.99842
3 -5.04424
0 -5.4196
0 -5.01773
1 -4.93103
1 -3.9279
1 -4.86101
2 -4.02329
1 -4.85637
0 -4.97234
2 -4.72155
0 -4.7721
0 -5.09146
0 -4.36194
1 -4.45589
0 -4.81493
0 -4.64712
0 -4.6019
2 -4.68719
0 -4.53155
0 -4.36832
4 -4.97424
0 -4.85287
0 -4.7214
1 -4.26343
0 -4.96643
2 -4.57328
0 -5.19833
0 -4.84299
0 -5.08083
0 -4.79721
0 -5.03959
0 -4.87706
0 -4.88406
0 -5.54603
23 -5.52744
29 -5.37375
0 -5.59857
0 -5.29756
9 -5.53008
4 -5.37724
6 -5.67917
0 -5.22475
7 -5.75104
0 -5.32529
12 -5.43831
9 -5.4802
0 -5.20434
56 -5.39182
26 -5.47621
2 -5.39683
3 -5.53153
0 -5.27896
1 -5.4779
2 -5.58757
5 -5.42309
1 -5.32948
19 -5.15857
2 -5.53106
0 -5.96798
2 -5.54581
0 -5.62357
1 -5.49588
0 -5.80172
2 -5.54521
1 -5.77937
7 -5.74804
5 -5.86659
0 -5.88666
4 -5.18298
6 -5.64129
0 -6.10272
0 -6.14604
0 -5.65928
0 -6.18953
0 -5.94992
0 -6.08659
0 -6.2738
0 -5.93124
1 -6.12442
0 -5.7767
2 -5.53565
1 -5.72607
0 -5.82621
0 -5.69141
0 -5.95444
0 -6.1321
0 -6.44515
0 -6.11761
0 -6.09844
0 -6.14203
1 -6.27149
0 -6.50013
0 -5.97429
1 -6.12203
3 -6.00785
0 -6.13069
0 -6.33896
0 -6.01872
0 -6.08232
0 -5.79411
0 -6.24465
0 -5.8121
0 -5.87515
0 -6.02122
0 -6.0626
0 -6.46691
0 -6.18038
0 -5.91998
1 -5.84221
0 -6.12071
1 -6.02586
0 -6.24601
0 -5.79985
0 -5.98046
0 -5.80132
1 -5.95026
2 -6.09551
0 -6.19126
0 -6.4019
6 -6.03777
0 -5.69309
1 -6.22552
0 -5.80527
0 -6.18012
0 -6.33018
0 -6.14204
0 -6.13814
0 -5.98767
0 -6.14812
0 -6.22758
0 -5.78928
0 -5.95044
17 -5.97662
0 -5.58014
1 -6.20088
0 -6.26226
0 -6.11647
0 -6.11546
1 -6.10432
1 -5.99345
0 -6.08467
0 -6.18957
1 -5.9987
2 -6.05348
0 -5.70669
0 -5.74407
0 -6.22941
2 -6.01438
0 -5.92692
0 -5.59519
5 -6.04511
11 -5.81148
1 -5.95043
0 -6.48207
2 -6.7197
0 -6.9918
0 -7.09459
0 -6.7997
0 -6.73245
0 -6.31398
0 -6.47421
0 -6.63312
0 -6.61964
0 -6.79416
0 -6.57085
0 -6.75972
0 -7.11383
0 -7.01613
0 -6.96662
0 -6.3082
0 -6.64971
0 -6.59028
0 -6.28773
0 -6.78956
0 -6.15604
0 -6.22023
0 -6.12568
0 -6.51473
0 -6.80493
3 -6.54601
0 -6.23133
0 -6.96816
0 -6.82276
0 -6.84666
0 -6.6323
0 -6.58543
0 -6.44613
0 -7.29091
0 -7.33661
0 -6.58622
0 -6.96743
0 -7.24284
0 -6.40578
0 -6.45844
0 -6.4686
2 -6.58301
0 -7.23922
0 -7.2191
0 -6.18871
0 -6.57066
0 -6.62203
0 -6.78787
0 -6.17084
0 -6.38217
0 -6.4943
0 -6.13412
0 -7.09814
0 -6.35594
0 -6.86038
0 -7.30222
0 -6.66075
0 -6.4983
0 -7.17924
0 -6.68615
2 -6.37147
0 -7.16809
0 -6.49601
0 -6.412
0 -6.36946
0 -6.47587
0 -7.2741
0 -7.07069
0 -6.57478
0 -6.81977
0 -6.4218
0 -6.69099
0 -6.22993
0 -6.85061
0 -6.61418
0 -6.69637
0 -6.79367
0 -6.52201
0 -6.88523
0 -6.26755
1 -6.73093
0 -6.11629
0 -6.96521
0 -6.30923
0 -6.69216
0 -6.50027
0 -4.80036
0 -5.31678
0 -4.87736
0 -5.12427
0 -5.04985
1 -4.93135
0 -5.48031
0 -5.24131
0 -5.26184
0 -4.98485
0 -4.7849
2 -5.02023
0 -5.43102
0 -4.92224
1 -4.92937
1 -5.08462
5 -5.38189
7 -4.96633
0 -4.63611
0 -4.91594
0 -4.34826
0 -5.25065
1 -4.99699
1 -4.87797
3 -5.17694
2 -4.93359
0 -4.8904
0 -4.89813
0 -5.47157
4 -5.04757
0 -5.16701
0 -4.19144
0 -4.97459
1 -5.05855
0 -5.12064
2 -5.29869
1 -5.20564
5 -5.23578
1 -5.04573
0 -5.12812
2 -5.38524
0 -5.02301
0 -4.80532
0 -5.34023
3 -5.32512
1 -4.9174
1 -5.20796
0 -5.49403
0 -5.11901
1 -5.1417
0 -5.15689
0 -5.08927
2 -5.15483
0 -5.19161
0 -5.00247
1 -4.88032
0 -4.84614
0 -5.49192
1 -5.3092
0 -4.83104
9 -5.43878
0 -5.19515
0 -4.816
0 -5.20559
0 -5.24272
5 -4.86493
0 -4.90251
0 -4.94232
0 -5.23499
0 -5.1881
0 -5.31243
0 -4.97714
0 -5.45645
1 -4.81242
1 -5.13392
0 -4.94147
1 -4.9752
0 -5.24491
0 -4.64399
0 -5.03259
0 -5.26389
0 -4.98216
0 -5.409
0 -5.62943
0 -5.65299
0 -5.31788
0 -5.06134
0 -5.10722
0 -5.2166
0 -5.20204
0 -5.18881
1 -5.28562
0 -5.53033
0 -5.11289
0 -5.45878
0 -5.27855
0 -5.17293
0 -5.2639
0 -5.38947
0 -5.15158
1 -5.42735
0 -5.05548
0 -5.34101
0 -5.29936
0 -5.45226
2 -5.5561
0 -5.50434
5 -5.36276
0 -5.3861
0 -5.30382
0 -5.08738
0 -5.10182
0 -5.43478
0 -5.55387
0 -5.10037
0 -5.05175
0 -4.91237
0 -5.43847
0 -5.25994
0 -5.55066
1 -5.21013
0 -5.47269
0 -5.55675
0 -5.30036
0 -5.06892
0 -5.56038
0 -5.34677
0 -5.10202
0 -5.28377
2 -5.26324
0 -5.14072
1 -5.45709
0 -5.36695
0 -5.43648
0 -4.9899
0 -5.41805
0 -5.09469
0 -5.45605
1 -5.3838
0 -5.39128
0 -5.48931
0 -5.11303
0 -5.32929
0 -5.25795
0 -4.93375
0 -5.52302
0 -5.53292
0 -5.10736
0 -4.91914
0 -5.33805
0 -5.33888
0 -5.24161
0 -5.24889
0 -4.93065
0 -5.24972
0 -5.64312
0 -5.15688
0 -5.30642
0 -5.0795
0 -4.80599
0 -5.31523
0 -5.29301
0 -5.11428
0 -5.38006
0 -5.53441
0 -5.22404
0 -5.11333
0 -5.44368
0 -5.49276
0 -5.28363
0 -5.53263
0 -5.26279
1 -5.03638
2 -5.55427
0 -5.09296
0 -5.32833
0 -5.29926
9 -5.39569
0 -5.30707
0 -5.4826
0 -5.5424
0 -5.07044
0 -5.17402
0 -5.13233
0 -5.11816
0 -5.22011
2 -5.31133
0 -5.29646
0 -4.94687
0 -5.0941
0 -5.31531
0 -5.24739
0 -5.17483
1 -4.984
0 -5.55652
0 -4.90066
0 -5.04724
0 -5.76047
0 -5.68782
0 -5.90385
0 -5.8813
0 -5.8897
0 -6.10274
3 -5.88403
0 -6.08001
0 -6.3757
0 -6.42485
0 -6.50709
0 -5.57951
0 -6.33122
0 -6.10161
1 -5.54513
2 -5.98428
0 -6.28999
1 -5.40302
0 -5.93049
0 -5.69115
0 -6.4536
0 -6.13832
0 -5.69054
1 -5.52887
1 -5.76151
0 -6.33459
0 -5.53862
0 -6.42728
0 -5.67556
0 -5.54265
0 -5.42346
0 -5.82616
0 -6.0419
0 -5.78195
0 -6.15598
0 -6.40456
0 -5.98401
0 -6.14055
0 -5.82435
0 -6.39849
0 -5.62159
0 -6.57671
0 -6.24931
0 -6.13645
0 -5.53865
0 -6.8563
3 -5.95059
0 -5.93893
0 -5.76372
0 -5.84282
0 -6.42209
0 -6.24928
0 -6.67309
0 -5.64515
0 -6.49167
0 -6.29994
0 -6.00931
0 -5.71165
0 -5.83063
0 -5.86371
0 -5.93388
0 -5.90489
0 -5.89453
0 -6.09219
0 -5.90987
1 -6.12037
0 -6.04961
0 -5.99178
0 -6.09782
0 -6.12671
0 -6.00009
0 -5.97129
0 -5.93538
0 -6.01521
0 -5.8489
0 -6.08455
0 -6.06509
0 -5.8462
0 -5.89414
3 -5.7903
0 -5.95341
0 -6.08341
0 -6.11957
0 -6.11275
0 -8.10367
0 -5.94779
0 -5.97108
0 -6.44538
0 -6.10455
0 -6.03341
0 -5.98335
0 -6.0371
1 -5.89143
0 -5.99923
0 -6.02771
0 -6.17024
0 -5.92829
0 -5.90873
0 -5.97457
0 -5.97812
0 -5.87056
0 -6.09057
1 -6.09501
0 -5.82132
0 -5.87516
6 -6.23576
0 -6.2066
0 -6.22689
0 -6.06232
0 -5.83524
0 -5.94753
0 -5.81998
0 -6.08346
0 -5.95648
0 -6.03314
0 -6.05925
0 -5.85952
0 -6.05282
0 -6.06227
0 -5.90439
0 -5.97242
0 -5.95099
0 -6.57773
0 -5.90506
0 -5.91983
0 -5.87989
2 -6.30158
0 -6.16
0 -5.82284
0 -5.98153
0 -5.89572
0 -6.07141
0 -5.99355
0 -6.1138
0 -5.92126
0 -5.90379
0 -5.69313
0 -6.04416
0 -6.08493
0 -6.10935
0 -6.15681
0 -5.93252
0 -6.08507
18 -5.13084
3 -5.76156
4 -5.7869
0 -5.51034
0 -5.82351
0 -5.55577
0 -5.66264
0 -6.0724
3 -5.93967
0 -5.66322
0 -5.75732
0 -5.71782
0 -5.76194
6 -5.68338
0 -6.50657
5 -5.41213
0 -5.8711
1 -5.94856
0 -5.96027
0 -5.9195
0 -5.91031
2 -5.85993
0 -5.87437
0 -5.84169
1 -5.73913
0 -5.78441
0 -5.19466
8 -5.35811
2 -5.57596
6 -5.26977
0 -5.33274
0 -5.21067
6 -5.42597
2 -5.36578
3 -4.53249
6 -6.00112
4 -5.53555
6 -5.20691
7 -5.62664
5 -5.55035
2 -5.57327
1 -5.14064
0 -5.32291
6 -5.59499
2 -5.7579
8 -5.25522
0 -5.66646
6 -5.03205
0 -5.16204
0 -4.9604
1 -4.98432
1 -4.96739
0 -5.11346
0 -5.04706
4 -4.48329
4 -4.91452
0 -4.58178
0 -4.38357
0 -5.03023
0 -4.63758
1 -5.02345
0 -4.84813
0 -5.18657
0 -4.51848
0 -4.94951
0 -4.33723
2 -4.71417
0 -5.01738
0 -4.6011
0 -5.04767
1 -5.20206
0 -5.20561
0 -4.35723
2 -4.76376
0 -4.87667
0 -4.65528
0 -4.67947
0 -4.71485
0 -5.08266
2 -5.01649
4 -5.7997
0 -5.55084
6 -4.16177
1 -5.74406
0 -5.7264
0 -5.63566
0 -5.45923
1 -5.67952
0 -5.49364
0 -5.73
0 -5.71565
0 -5.59107
1 -5.5941
3 -5.84893
2 -5.63671
0 -5.93092
0 -5.86544
0 -5.90907
0 -5.88086
1 -5.48502
0 -5.77473
0 -5.77424
0 -5.86933
14 -4.3205
0 -5.8484
0 -5.86578
0 -5.72778
4 -5.96887
0 -5.7081
17 -5.19223
26 -4.4717
0 -5.81646
0 -5.81184
2 -5.53735
0 -5.89568
3 -5.55278
0 -5.86084
0 -5.51569
0 -5.78625
2 -5.78903
16 -4.25078
1 -5.87712
8 -4.93414
2 -5.40876
0 -5.92127
1 -5.99979
5 -5.80537
0 -5.56889
0 -5.63086
0 -5.77603
1 -5.60612
25 -5.38422
1 -5.476
0 -5.69051
1 -5.60891
3 -5.58249
0 -6.2517
0 -5.89744
1 -5.80706
14 -5.41037
0 -5.73728
0 -5.69566
0 -5.11354
0 -5.11859
0 -4.87707
0 -4.78182
0 -4.88266
0 -4.80581
2 -4.9063
0 -4.5148
0 -5.31181
1 -5.17613
3 -5.09846
0 -4.78106
2 -5.29943
0 -4.98499
0 -5.08632
0 -4.7615
0 -5.0585
2 -5.06752
4 -4.89391
0 -4.74259
0 -5.12221
0 -4.77272
1 -4.97104
1 -5.10802
0 -5.09064
3 -5.33901
0 -4.90998
0 -5.12567
1 -5.21918
0 -5.38786
2 -4.9755
0 -5.1058
1 -4.7942
3 -5.24533
1 -5.15255
1 -5.10957
1 -5.02469
0 -4.51697
0 -5.26165
0 -4.89587
8 -5.15013
1 -5.34813
1 -4.95813
2 -4.74428
3 -4.81546
0 -4.7469
0 -4.94549
0 -4.98462
2 -5.4465
0 -4.5079
5 -5.26211
0 -5.13085
6 -4.74881
3 -5.19652
0 -5.11642
0 -4.80001
0 -4.58414
0 -4.81443
0 -4.88275
13 -5.14623
0 -4.92026
0 -4.77109
1 -4.95979
0 -4.98453
0 -5.03577
0 -4.84448
0 -5.22578
0 -5.09578
0 -4.91582
0 -5.00197
0 -5.14143
0 -5.07902
1 -5.20566
6 -5.14182
0 -4.98589
1 -4.93903
1 -4.98196
2 -4.88931
1 -5.16937
1 -5.22683
0 -4.83943
1 -5.12632
1 -5.02511
0 -5.13835
0 -5.23425
1 -5.12568
0 -4.52081
0 -4.69125
0 -4.82768
6 -5.21247
0 -5.00318
17 -5.26828
0 -4.97122
0 -4.87213
0 -4.92946
3 -5.28293
0 -5.01231
0 -4.95217
1 -5.26543
0 -4.76166
0 -6.45843
0 -6.93477
0 -6.46266
0 -7.03686
0 -6.45617
0 -6.87998
0 -6.89389
1 -7.05938
0 -7.06023
0 -6.69848
0 -6.82065
0 -6.60704
0 -6.84678
0 -6.6208
0 -6.8597
0 -6.56759
0 -7.13644
0 -6.50671
0 -6.57765
0 -6.74093
0 -6.836
0 -6.7131
0 -6.98983
0 -6.58715
0 -6.56182
0 -6.78972
0 -6.82914
0 -6.83048
0 -6.60777
0 -6.91841
0 -7.14105
0 -7.02647
0 -6.98823
0 -6.90901
0 -6.93763
0 -6.84358
0 -6.42926
0 -6.85502
0 -6.63917
0 -5.87581
0 -6.7425
0 -6.84823
0 -6.94773
0 -6.97173
0 -6.97646
0 -6.7885
0 -6.99448
0 -5.52521
0 -5.60435
0 -5.6571
0 -5.54076
0 -5.60755
1 -5.54639
0 -5.62885
1 -5.5245
0 -5.6359
0 -5.61539
0 -5.50224
0 -5.53765
0 -5.51581
0 -5.44115
0 -5.70066
0 -5.70626
0 -5.59139
4 -5.44827
1 -5.46126
0 -5.65694
1 -5.73881
0 -5.68599
0 -5.72628
0 -5.48166
10 -5.56295
0 -5.74355
0 -5.88447
0 -5.72655
0 -5.56772
0 -5.67253
3 -5.5495
0 -5.68732
0 -5.51266
1 -5.58307
0 -5.65101
0 -5.41127
0 -5.7528
0 -5.65197
0 -5.70148
1 -5.59155
0 -5.61498
0 -5.75364
0 -5.57604
1 -5.54296
2 -5.71804
1 -5.4719
5 -5.63652
1 -5.62668
0 -5.64218
3 -5.58193
2 -5.65779
1 -5.80251
0 -5.67865
1 -5.56423
4 -5.54456
0 -5.63292
2 -5.56163
0 -5.77764
1 -5.59591
0 -5.73006
0 -5.69905
0 -5.57595
0 -5.69201
0 -5.63703
0 -5.62618
0 -5.43381
0 -5.70448
1 -5.54323
0 -5.65001
4 -5.6315
0 -5.5845
0 -5.69442
0 -5.62167
1 -5.71307
0 -5.52581
0 -5.69409
0 -5.66255
0 -5.62766
0 -5.68804
0 -5.58292
0 -5.67495
0 -5.57463
1 -5.62257
0 -5.73961
0 -5.66707
0 -5.66749
1 -5.77373
0 -5.69078
0 -5.29815
0 -5.98606
0 -5.49006
0 -5.49788
1 -5.48512
0 -4.81527
0 -5.49647
1 -5.42387
1 -5.45624
4 -5.63977
2 -5.4906
1 -5.44827
0 -5.30949
0 -5.48981
8 -5.5757
0 -5.3706
1 -5.08101
2 -5.60515
0 -5.54316
0 -6.10312
0 -5.68805
0 -5.56216
0 -5.54124
0 -5.62736
0 -5.65375
2 -5.64274
0 -5.37096
0 -4.83774
0 -5.57619
0 -5.9092
0 -5.32199
0 -4.87394
1 -5.35688
0 -5.4538
0 -5.44917
0 -5.38209
0 -5.30386
3 -5.49254
0 -5.13003
0 -5.59466
0 -5.63486
0 -5.44669
0 -5.37291
0 -5.35585
0 -5.57248
0 -5.635
0 -5.28425
0 -5.60024
0 -5.38032
0 -4.93256
0 -5.50189
0 -5.71407
0 -5.37181
1 -5.71487
0 -5.44787
0 -5.5413
0 -5.63141
1 -5.8465
0 -5.3675
16 -5.43073
0 -5.278
0 -5.54787
0 -5.72685
0 -5.67728
0 -5.57469
1 -5.52309
0 -5.22742
0 -5.44557
0 -5.46197
1 -5.51712
0 -5.23724
0 -5.57034
14 -5.28544
2 -5.89645
0 -5.34839
0 -5.67448
0 -5.45986
1 -5.65698
0 -5.28278
8 -5.55578
0 -5.68629
0 -5.84247
0 -5.46074
0 -5.23659
0 -5.8088
0 -5.70987
0 -4.91709
0 -5.12937
2 -5.10048
0 -4.2538
0 -5.47067
0 -5.07704
0 -5.98247
3 -5.49803
3 -5.25513
0 -4.93358
0 -5.69452
0 -5.39702
0 -5.94579
0 -4.91467
0 -5.99655
0 -5.5428
0 -6.09619
0 -5.70802
0 -5.84267
0 -5.03872
2 -5.723
0 -5.64735
0 -5.49094
0 -5.78353
0 -5.74807
1 -5.30731
1 -5.2481
1 -5.31729
0 -5.57593
2 -5.2058
0 -5.75179
5 -5.37538
0 -5.22943
0 -5.95304
0 -4.69096
3 -5.7462
0 -5.73796
0 -6.02605
0 -5.8369
3 -5.42288
0 -5.81368
2 -5.29455
0 -5.36479
1 -5.58539
0 -5.54888
0 -5.58468
0 -5.36999
1 -5.20513
0 -5.48454
0 -5.6175
3 -5.52472
0 -5.83839
0 -5.3563
0 -5.58278
0 -5.50701
0 -5.36195
4 -5.38303
0 -5.55197
0 -5.35514
0 -5.49884
0 -5.65012
0 -5.47349
0 -5.53756
2 -5.49219
1 -5.33343
0 -5.62432
0 -5.52605
1 -5.29703
0 -5.47305
0 -5.54507
0 -5.45025
0 -5.60237
0 -5.37795
0 -5.31294
0 -5.54699
0 -5.4804
0 -5.52163
3 -5.31522
1 -5.56569
0 -5.38072
0 -5.39014
0 -5.49464
0 -5.71741
0 -5.55079
0 -5.48886
0 -5.35649
0 -5.42905
9 -5.43951
0 -5.5843
0 -5.54105
0 -5.57665
0 -5.49161
4 -4.88757
0 -5.68256
0 -5.80185
1 -5.36632
0 -5.51508
0 -5.27025
0 -5.3555
0 -5.68005
0 -5.63268
0 -5.56798
0 -5.5278
0 -5.67231
0 -5.66146
0 -5.57205
1 -5.49409
0 -5.54377
2 -5.41703
0 -5.50348
1 -5.69002
0 -5.497
3 -5.4876
0 -5.68706
0 -5.14967
3 -5.36926
2 -4.87565
1 -5.16749
1 -5.1644
0 -5.27719
1 -5.02769
7 -5.46982
2 -5.32033
17 -5.17268
0 -5.19099
0 -5.40261
0 -5.15525
0 -5.27224
2 -5.14129
0 -5.33171
0 -5.267
7 -5.48823
0 -5.20555
0 -5.30948
13 -5.51312
1 -5.2644
7 -5.10676
1 -5.12973
0 -5.25432
6 -5.47454
0 -4.94592
6 -5.4584
6 -5.37779
0 -5.21377
0 -5.30154
14 -5.45524
0 -5.15258
2 -5.26085
1 -5.25474
0 -5.27889
0 -5.00863
2 -5.29282
10 -5.00258
24 -5.42548
0 -5.12438
11 -5.19023
6 -5.45937
0 -5.33406
1 -5.17224
10 -5.37169
0 -6.27138
0 -6.57487
0 -5.65487
0 -6.11204
0 -6.41136
0 -6.88467
0 -6.19095
0 -5.52005
0 -6.23317
0 -6.60505
1 -5.80752
0 -6.45355
0 -6.2191
0 -6.58157
0 -5.8962
0 -5.886
0 -6.36866
0 -6.52588
0 -6.45556
0 -5.85291
0 -6.14107
0 -6.72461
0 -6.22096
0 -6.64498
0 -6.61456
0 -5.95181
0 -6.15222
0 -6.39362
0 -6.48314
0 -6.32569
0 -6.30437
0 -6.57763
0 -6.18384
0 -6.48107
0 -5.56575
0 -6.21315
0 -6.1182
0 -6.37563
0 -6.39922
0 -5.60788
2 -6.53656
0 -5.99716
0 -6.30856
0 -6.63365
0 -6.63986
0 -6.40033
0 -5.5233
0 -6.37108
3 -6.43075
0 -6.44487
5 -6.06207
0 -6.37333
0 -6.53185
0 -6.45662
0 -6.34862
0 -5.06024
0 -6.74578
0 -6.39846
0 -6.49701
0 -5.09918
0 -5.94723
0 -6.33468
0 -6.33087
0 -6.45236
0 -6.23077
0 -5.38795
1 -5.08669
0 -4.93125
0 -4.8126
0 -4.89881
0 -4.93754
1 -4.92967
0 -4.84401
0 -4.94146
0 -4.89953
3 -4.92587
1 -5.18093
0 -5.10213
0 -4.91526
0 -4.86989
0 -4.85299
1 -4.87578
0 -4.77574
0 -4.82754
7 -5.20078
0 -4.84539
0 -4.97091
0 -5.0942
2 -4.92793
1 -5.05813
0 -4.77809
0 -4.88299
0 -4.94355
2 -4.99513
0 -5.04199
5 -5.071
0 -4.55598
1 -5.06415
0 -4.93721
0 -4.84033
0 -5.02122
0 -5.0665
1 -5.10245
0 -4.83015
0 -4.99669
1 -4.97692
0 -5.01512
0 -4.89797
0 -5.0071
0 -4.95035
0 -5.07215
0 -4.59074
2 -5.1326
0 -4.74012
1 -4.79668
0 -4.94604
0 -5.04694
0 -4.97993
0 -5.06157
1 -5.04473
0 -5.15381
1 -5.18071
1 -5.00504
0 -4.74166
1 -5.17104
0 -5.16014
0 -4.9229
0 -4.83474
0 -5.18933
0 -4.96384
0 -5.10934
1 -5.00451
0 -4.82087
0 -4.93434
1 -4.91694
0 -4.73861
1 -4.96323
0 -4.95816
0 -5.1274
2 -5.20689
3 -5.1629
0 -4.84384
0 -4.73918
0 -4.92435
14 -5.00507
0 -5.08582
0 -4.90122
0 -5.04477
3 -5.21408
0 -5.05668
0 -5.0277
1 -4.86807
0 -5.01557
0 -4.81553
0 -4.76654
0 -5.03808
0 -4.92381
0 -4.95973
0 -4.87137
1 -5.27851
0 -5.27096
1 -5.00741
0 -4.90025
7 -5.06155
3 -4.34151
0 -5.37287
0 -5.58844
0 -4.48872
2 -5.04396
0 -4.9151
0 -4.97749
3 -5.09333
0 -5.25689
2 -4.5671
9 -5.1883
57 -4.53951
1 -5.12109
0 -5.27605
0 -5.29132
0 -5.34926
29 -4.72013
4 -4.9854
0 -4.64961
0 -5.18314
0 -4.11035
2 -5.10324
0 -5.09675
1 -5.04126
1 -4.86245
2 -4.27314
0 -5.17996
27 -4.19266
0 -4.83668
0 -5.58204
0 -5.13831
0 -4.89422
1 -4.83897
1 -4.90605
0 -5.1206
0 -5.45029
0 -4.7763
0 -5.15293
0 -5.0289
63 -5.08156
0 -5.05385
1 -4.90609
12 -4.9975
0 -4.9473
0 -4.87514
1 -5.1062
2 -5.25034
0 -5.07224
0 -4.9116
0 -4.76838
0 -4.53322
1 -3.8162
0 -5.35057
99 -4.66124
0 -4.80886
0 -4.79221
0 -5.08848
39 -5.09458
0 -4.87418
0 -5.234
1 -3.94486
0 -5.41013
0 -4.18389
2 -5.06213
5 -4.74841
0 -4.14011
10 -5.07259
7 -3.98294
0 -5.14241
0 -4.94288
1 -5.13503
1 -5.06421
0 -4.92594
0 -4.73571
0 -5.13383
31 -4.69221
0 -4.95559
0 -4.94865
0 -4.22039
0 -4.81642
15 -4.57681
2 -4.81904
0 -5.01904
0 -5.07164
0 -4.69155
2 -4.70005
1 -5.5571
10 -5.21873
3 -5.09095
1 -5.06527
5 -4.91274
0 -4.83108
0 -4.99115
0 -5.28794
0 -5.33177
0 -5.22308
6 -5.18778
135 -4.57165
2 -5.03947
0 -5.58997
0 -4.98077
21 -4.90394
0 -5.54538
1 -5.06074
49 -4.16569
3 -4.951
0 -4.96185
3 -5.3246
1 -4.97725
0 -5.16228
1 -4.80445
0 -3.81196
0 -5.03886
0 -5.79945
0 -5.12388
0 -5.26684
0 -4.7077
2 -4.98919
0 -4.34963
3 -4.77703
1 -4.43712
2 -4.18992
5 -5.15002
0 -5.03951
0 -4.64581
3 -5.08925
3 -4.99791
0 -4.36382
0 -5.25987
9 -4.84936
2 -4.74128
0 -5.35994
0 -4.35424
5 -4.28453
0 -4.96291
1 -5.15405
0 -4.91598
1 -5.09899
0 -4.32777
0 -5.13088
1 -5.06901
0 -5.15993
1 -5.01581
0 -4.97379
0 -5.41057
2 -4.75856
0 -5.1116
3 -5.05376
0 -4.75334
0 -4.83966
7 -4.91205
0 -4.92268
0 -5.17354
0 -5.03792
0 -4.93
1 -4.9225
0 -4.53245
3 -3.84494
1 -4.61093
0 -4.78948
3 -4.99253
1 -5.04146
0 -5.06803
0 -5.03301
0 -5.22699
23 -5.12455
0 -5.27313
0 -5.03535
0 -5.13183
2 -4.92633
0 -4.90134
2 -4.95959
0 -4.83461
43 -4.33798
0 -5.61603
0 -5.50419
5 -5.02775
0 -5.13546
0 -5.10492
1 -5.32068
0 -4.76551
0 -4.35608
5 -5.13796
2 -5.25046
0 -3.99793
0 -5.06115
2 -5.67322
0 -4.79413
0 -4.53096
1 -5.12521
0 -4.20064
0 -4.49555
0 -5.84481
0 -4.99759
5 -5.22408
0 -4.93964
0 -4.98482
0 -5.08642
2 -4.97527
0 -5.12907
12 -4.45174
0 -4.90463
0 -4.68447
0 -4.90292
0 -5.29002
0 -5.05056
0 -5.54469
10 -5.07405
0 -5.34627
0 -3.98272
0 -5.10441
0 -4.97718
0 -5.27641
0 -4.56516
0 -5.23211
68 -4.92945
5 -5.10052
0 -4.44211
0 -4.84989
0 -5.32653
1 -4.67772
1 -5.07222
62 -4.86642
1 -5.18764
1 -5.01169
0 -5.07862
0 -4.67373
2 -4.31237
1 -4.17331
1 -5.07531
3 -4.70335
3 -5.09995
0 -4.9232
0 -4.99456
0 -5.15901
10 -3.99093
0 -4.68229
0 -5.33669
5 -5.40494
0 -5.24585
0 -4.13278
28 -5.18712
2 -4.90331
0 -4.8767
0 -5.14251
2 -5.04607
3 -4.89666
0 -5.24881
0 -4.25203
1 -3.77594
0 -8.63444
0 -6.06435
0 -5.69028
0 -5.70043
0 -5.81133
4 -5.82131
0 -5.65884
0 -5.28383
0 -4.91319
0 -5.27523
0 -4.94571
0 -6.91972
0 -5.02992
0 -5.43832
0 -6.83702
0 -5.16681
0 -5.59612
4 -5.84785
0 -4.31713
0 -6.45793
0 -6.28014
0 -5.81526
0 -5.87609
0 -6.05039
2 -5.76063
0 -6.1028
0 -5.14532
0 -5.20571
1 -6.32339
0 -6.00157
0 -5.70227
0 -5.86609
0 -5.9068
0 -5.98218
0 -4.76932
0 -5.89531
0 -5.91067
0 -5.88283
0 -5.75064
0 -5.97752
0 -6.00158
0 -6.09968
0 -5.82798
1 -4.85839
0 -5.13688
1 -5.03683
0 -5.16805
1 -4.79388
0 -4.98509
0 -4.81332
0 -4.69839
2 -4.97176
0 -4.93423
0 -4.79232
0 -4.93712
0 -4.80958
0 -4.99447
1 -4.99541
1 -5.07033
0 -4.8696
2 -4.90366
0 -4.92064
0 -4.62899
0 -4.79592
0 -4.99368
1 -4.98168
0 -5.03573
0 -4.87259
0 -5.03587
1 -4.91204
0 -4.84234
2 -4.93671
0 -4.88263
0 -4.9921
0 -5.00015
0 -4.82718
0 -4.79545
0 -4.73896
0 -4.78652
0 -4.89269
0 -4.68338
0 -4.69279
0 -5.03425
0 -5.07473
2 -4.92517
0 -5.09612
0 -5.03826
0 -5.00732
1 -4.7967
0 -4.67934
0 -4.73774
0 -4.81219
1 -5.2171
3 -5.71904
0 -5.77721
0 -5.85587
0 -5.64451
0 -4.61825
0 -5.59264
9 -5.58965
0 -5.76213
0 -5.80125
0 -5.67418
0 -5.47963
0 -5.65608
0 -5.43815
0 -5.13644
0 -5.61674
0 -4.96186
0 -5.70271
0 -5.75139
0 -5.31041
0 -5.45983
0 -5.46388
6 -5.68705
1 -5.88112
0 -5.56189
1 -5.76614
0 -5.5117
0 -4.95551
0 -5.25337
0 -5.49385
0 -6.57176
59 -5.49329
0 -5.86625
0 -5.41277
1 -5.8241
0 -5.50833
2 -5.88993
0 -4.56621
0 -5.55144
0 -5.65518
2 -5.7428
0 -5.28085
0 -5.61221
0 -5.37746
0 -5.72175
2 -5.76872
3 -5.5998
1 -5.51151
0 -4.95711
0 -5.67581
0 -5.41112
0 -5.67836
0 -5.53552
1 -5.70089
0 -5.94621
0 -5.47552
0 -5.26515
13 -5.80129
1 -5.65558
0 -4.83238
0 -5.38062
0 -5.76454
0 -5.29072
1 -5.43923
0 -5.44411
0 -5.45753
0 -5.5692
0 -5.78178
0 -4.96866
0 -5.58308
0 -5.50902
0 -6.03888
0 -5.75694
0 -5.59683
0 -5.0829
0 -5.55486
0 -5.78577
0 -5.53423
0 -5.7636
0 -4.96123
16 -5.91937
0 -5.58573
0 -5.81608
0 -5.34802
0 -5.67219
0 -5.70724
0 -5.56466
1 -5.24521
0 -5.31247
0 -4.73336
0 -5.69548
0 -5.32695
0 -5.21253
2 -5.5834
0 -6.00844
0 -5.36051
0 -5.3386
0 -5.30344
0 -5.66939
8 -4.9772
0 -5.37685
0 -5.54255
0 -5.21404
0 -5.48414
4 -5.47757
0 -4.95312
0 -4.75877
0 -4.95079
0 -4.8277
0 -4.77767
3 -5.11513
0 -4.78673
0 -4.99814
0 -4.86874
1 -4.93079
0 -4.8258
2 -4.85217
0 -4.96248
0 -4.74002
0 -4.83315
0 -5.31266
0 -5.57302
0 -5.61336
0 -5.61487
1 -5.35371
0 -5.6186
0 -5.53188
3 -5.51936
2 -5.44577
0 -5.21637
0 -5.59403
1 -5.35627
1 -5.43751
0 -5.60883
0 -5.51786
0 -5.62786
1 -5.46227
2 -5.23474
0 -5.3829
0 -5.47076
2 -6.09581
0 -5.50508
0 -5.07509
2 -5.40763
0 -5.62685
1 -5.33276
0 -6.22878
0 -5.78033
2 -5.68671
0 -5.82742
0 -4.91236
0 -5.56232
0 -4.76707
6 -5.04398
2 -5.51506
0 -5.84385
0 -5.97496
0 -5.06553
0 -6.10273
0 -4.85824
0 -5.63571
0 -5.03719
0 -5.73138
8 -5.28244
0 -5.46848
1 -4.85992
0 -4.94744
3 -5.09456
1 -6.05934
1 -5.90674
0 -5.5544
0 -5.27815
0 -5.81005
2 -4.99438
0 -5.81459
1 -5.54728
0 -5.03761
0 -5.55943
0 -5.08948
0 -5.30154
0 -5.60395
0 -5.49879
0 -5.35233
0 -5.14332
0 -5.40243
0 -5.17106
0 -5.35368
0 -5.36948
0 -5.40318
0 -5.37378
0 -5.61496
0 -5.39232
0 -5.42602
0 -5.5214
0 -5.55189
4 -5.48704
0 -5.32739
0 -5.25322
1 -5.08921
0 -4.79457
0 -5.54094
0 -5.57935
0 -5.47356
0 -5.1167
0 -5.47097
0 -4.93316
1 -5.5064
0 -5.84978
0 -5.48538
0 -5.26349
0 -5.7008
0 -5.21913
0 -5.65506
0 -5.23793
0 -5.26281
2 -5.60695
0 -5.11055
0 -5.2053
0 -5.43906
0 -5.34541
0 -5.16865
0 -5.2646
0 -5.15965
0 -5.537
0 -5.20497
0 -5.33804
0 -5.0748
0 -5.57044
0 -5.40973
0 -5.65691
0 -5.00495
0 -6.2166
0 -6.62787
0 -6.59041
0 -6.66593
0 -6.36881
0 -6.39399
0 -6.68399
0 -6.32234
0 -6.53717
0 -6.47159
0 -6.24296
0 -5.99544
2 -6.09579
1 -6.16042
0 -5.94826
0 -6.94256
0 -6.46432
0 -6.53368
0 -6.48548
0 -6.28203
0 -6.39276
0 -5.94967
0 -5.95352
0 -6.27222
0 -6.17414
0 -6.59986
0 -6.40661
0 -6.03368
0 -6.24009
1 -5.97377
0 -6.06541
0 -6.16474
0 -5.90203
0 -6.55021
0 -6.62373
0 -6.08308
1 -6.49285
0 -6.54539
0 -6.27882
0 -5.82123
2 -5.70492
0 -6.25559
0 -6.46195
0 -6.65309
0 -6.38077
1 -6.12079
0 -6.46344
0 -6.75806
0 -6.59335
0 -6.47471
0 -6.60061
2 -5.92529
0 -6.03001
0 -5.92156
0 -6.62772
0 -6.68637
0 -6.11289
0 -6.51305
0 -6.50033
0 -6.22678
0 -6.57123
0 -6.41086
0 -5.95667
0 -6.43643
0 -5.90755
0 -6.73562
2 -6.31281
3 -6.20168
0 -6.44128
0 -6.21391
0 -6.29196
0 -6.44516
0 -5.3806
0 -6.12595
0 -6.11244
0 -5.36344
0 -5.76041
0 -5.9449
0 -5.99946
0 -5.73897
0 -6.07419
0 -5.95435
2 -5.62747
0 -5.86208
0 -5.65428
0 -5.81047
0 -5.79349
0 -5.60625
0 -5.95752
0 -6.40445
0 -6.03993
0 -5.82016
1 -6.1673
0 -6.07317
0 -6.05013
17 -5.17784
0 -5.17035
0 -5.41696
1 -5.27187
0 -5.26022
0 -5.0012
36 -5.74683
0 -4.8349
9 -5.39847
5 -4.87284
0 -5.02058
4 -5.30324
2 -4.46479
0 -5.40734
7 -5.17007
1 -5.44408
2 -5.369
0 -5.66649
116 -4.67216
1 -5.07321
7 -5.46488
1 -5.47088
2 -5.34234
8 -5.20041
0 -5.6905
0 -5.40388
13 -5.12721
4 -5.50679
1 -5.20923
62 -4.85894
8 -5.36044
1 -5.55247
10 -5.16079
75 -5.68122
0 -5.30296
7 -4.90984
33 -5.20198
7 -5.43994
10 -5.72006
14 -4.87342
9 -5.0435
28 -4.73604
13 -5.18725
5 -5.67606
0 -5.06647
0 -5.58232
16 -5.9587
4 -5.56528
8 -5.4172
3 -5.24527
0 -5.20364
0 -5.52205
7 -4.82972
1 -5.31957
13 -5.12441
9 -5.53254
3 -5.40049
0 -5.37567
0 -5.45865
5 -5.47745
0 -5.37117
0 -4.64043
0 -5.41419
0 -5.14332
0 -5.18636
0 -5.68309
0 -5.23838
0 -4.63135
0 -4.54746
0 -5.54859
0 -5.11159
0 -5.32058
4 -5.05974
0 -4.85566
4 -5.36087
0 -5.27291
0 -5.55437
10 -5.51349
0 -5.19632
0 -5.22221
0 -5.17901
0 -5.43377
0 -5.42245
0 -5.36944
0 -4.85411
0 -5.38896
1 -5.34995
0 -5.82674
0 -5.26718
0 -4.87501
0 -5.48693
0 -5.36058
0 -5.01276
0 -5.50725
0 -5.76619
0 -5.18782
0 -5.41981
1 -5.77429
0 -5.10758
0 -5.15013
0 -5.54091
0 -5.28158
0 -5.49878
0 -5.40829
0 -5.74056
0 -5.42316
0 -5.42457
0 -5.18211
0 -5.42475
0 -5.27302
0 -5.77498
0 -4.8551
0 -5.03302
0 -5.01925
0 -5.69409
0 -5.35789
0 -5.38181
0 -5.6649
3 -5.64187
0 -5.666
10 -5.5415
2 -5.64663
2 -5.80803
1 -5.70637
3 -5.78479
2 -5.71222
3 -5.74653
0 -5.71857
