5 -4.797
14 -4.80529
0 -5.03461
0 -5.06457
0 -5.10588
0 -5.14304
0 -5.08963
0 -4.88546
0 -5.00305
1 -5.20203
0 -5.14658
0 -5.22263
0 -5.00605
0 -4.91737
0 -4.88662
0 -5.16496
0 -5.09255
1 -5.24857
0 -5.18617
0 -4.95845
0 -4.99384
0 -5.22093
0 -4.92732
0 -5.14601
0 -5.30332
0 -4.78517
2 -5.05895
0 -5.19593
0 -4.99943
0 -5.16579
0 -5.00181
0 -4.89024
0 -5.24836
0 -4.75359
0 -4.90233
0 -5.11715
2 -5.34291
0 -5.03139
4 -5.09812
0 -4.8679
0 -5.145
0 -5.18893
3 -5.10382
0 -5.20348
0 -4.84582
0 -4.97353
5 -5.24939
0 -4.95788
0 -5.0471
0 -5.03228
1 -4.98638
0 -5.05891
18 -5.25584
12 -5.1383
0 -5.13003
1 -4.74048
0 -4.88507
0 -5.10199
0 -5.10415
0 -5.16278
1 -5.15098
4 -5.22151
0 -4.69751
0 -5.13672
0 -5.11373
0 -5.05454
0 -5.08574
0 -5.06709
0 -4.74489
0 -5.00452
2 -4.89452
0 -5.07177
3 -5.27928
0 -4.91378
8 -4.32831
43 -3.63239
0 -5.16543
2 -4.63643
0 -4.91771
2 -5.08603
1 -4.2474
0 -5.05919
1 -4.28447
0 -5.03562
19 -4.82354
0 -5.0427
1 -4.57545
0 -4.93864
0 -5.06849
0 -5.10288
0 -3.90477
0 -5.04188
0 -4.87248
1 -4.10005
0 -3.72262
0 -4.75875
1 -4.40177
23 -4.42473
0 -5.75707
3 -4.16734
0 -5.20618
0 -4.89486
0 -4.88393
5 -4.56854
7 -4.32402
3 -5.15162
0 -4.89453
0 -4.97952
0 -4.8207
10 -4.53598
3 -4.82928
2 -3.93121
165 -3.27864
2 -3.92559
1 -4.95037
0 -5.3441
0 -4.03136
42 -4.13084
5 -4.31963
46 -3.99236
9 -4.69776
15 -4.27644
17 -4.32691
2 -4.73154
10 -4.90046
3 -4.15008
0 -5.07801
3 -4.70223
17 -4.27515
0 -4.69521
0 -4.83546
0 -5.02622
0 -5.03896
7 -4.50892
0 -5.01349
0 -5.27671
0 -5.27261
0 -4.88493
0 -4.78989
0 -4.94685
0 -4.79868
0 -5.12462
0 -5.05336
1 -5.01288
0 -5.13104
0 -5.09589
0 -5.11075
2 -4.95603
0 -5.15864
0 -5.07631
0 -4.88096
1 -5.11518
3 -4.94535
0 -4.9771
0 -5.2033
0 -4.82495
0 -4.96459
0 -4.74368
2 -4.93788
2 -5.02386
2 -4.86171
0 -4.86432
0 -4.97538
1 -4.97729
1 -5.1348
1 -4.93451
0 -4.76828
0 -4.79275
0 -4.99419
11 -4.96988
0 -4.93189
2 -4.82011
0 -5.32423
0 -4.94782
0 -5.09432
0 -4.97803
0 -5.24016
0 -4.92627
0 -4.9621
0 -4.90462
6 -4.83056
2 -5.12247
0 -4.99722
0 -5.04375
1 -5.05268
0 -4.91599
0 -4.53758
0 -5.10084
0 -5.21465
0 -4.89399
0 -4.87211
0 -4.86861
3 -5.16973
5 -5.03344
2 -5.13181
0 -5.38385
17 -4.83977
0 -4.73143
0 -5.21286
3 -4.85287
0 -5.00986
0 -4.89735
0 -4.86885
11 -4.84008
0 -4.89902
0 -4.8419
0 -4.95552
0 -5.05271
0 -4.99893
0 -5.40579
0 -4.95616
1 -5.16011
5 -5.28385
0 -5.11665
0 -5.00953
1 -5.06313
0 -4.90004
1 -5.06953
0 -4.89769
0 -5.12113
0 -5.06542
0 -5.1532
1 -5.03493
1 -5.10099
0 -5.24024
0 -4.9928
0 -5.14942
0 -4.72523
4 -4.95934
0 -4.86279
0 -5.13992
0 -4.68699
0 -4.89552
1 -5.08
0 -4.78288
0 -4.89796
0 -4.95727
0 -4.94541
0 -5.07176
0 -4.91857
0 -5.03338
0 -4.84754
1 -4.8708
0 -5.11823
0 -5.1357
0 -5.08186
0 -5.24691
0 -4.93617
0 -4.96193
0 -5.05379
0 -5.0044
1 -5.04055
1 -5.17895
0 -5.01465
0 -4.89146
2 -5.08212
1 -4.86726
1 -5.11423
1 -5.01904
1 -5.09202
0 -4.92467
0 -4.85982
0 -4.98227
0 -4.94856
0 -4.79954
1 -4.97772
0 -4.79843
0 -4.95699
0 -4.84228
0 -4.93489
0 -5.10248
0 -4.9043
2 -5.04492
3 -5.01224
0 -4.71492
0 -5.1443
0 -4.97747
1 -5.0028
0 -5.00418
0 -4.87917
0 -4.7932
0 -5.15213
0 -4.93397
0 -5.08578
0 -5.03478
0 -4.96744
0 -5.03593
0 -4.94985
0 -4.90958
0 -4.91947
0 -5.25408
1 -4.75929
0 -5.09275
0 -5.16638
0 -5.00329
0 -5.02568
0 -5.67793
0 -5.30217
0 -4.91492
0 -5.37441
0 -5.67826
0 -6.15357
0 -5.86032
0 -5.28939
0 -5.59222
0 -5.5921
0 -5.37545
0 -7.34207
0 -5.72021
0 -5.44639
0 -4.67435
0 -5.99899
0 -5.2654
0 -5.97637
0 -5.40716
1 -5.19752
0 -5.76395
0 -5.6183
0 -5.31732
0 -5.4354
0 -6.68674
0 -5.21109
0 -5.67853
0 -7.11
0 -6.00461
0 -6.18796
0 -5.47638
0 -6.02421
0 -5.05426
1 -6.73741
0 -5.40504
0 -5.10315
0 -5.6037
0 -4.87923
0 -5.50392
0 -5.42852
2 -5.2812
0 -5.32734
0 -5.36621
0 -5.92107
0 -5.33547
0 -5.63155
1 -6.04212
0 -5.89985
0 -6.07515
0 -5.76118
0 -6.15368
0 -5.77883
1 -5.77011
0 -5.77614
0 -5.89208
0 -5.61199
0 -5.77432
0 -5.70361
61 -5.58309
1 -5.64894
0 -5.84357
0 -6.04365
0 -5.86324
0 -5.8486
20 -5.8992
0 -5.99047
0 -5.60666
0 -5.92715
0 -5.57571
0 -5.98554
0 -5.67898
0 -5.91724
0 -5.58331
1 -5.7775
0 -6.18171
0 -5.71639
0 -5.91064
0 -5.33728
0 -5.89124
1 -6.17205
0 -5.95434
1 -5.64453
0 -5.85444
0 -5.68814
0 -5.86582
0 -6.28284
0 -5.54591
12 -5.91747
1 -5.85885
1 -6.26936
0 -6.03856
14 -5.85261
0 -6.04997
0 -5.73926
0 -6.13798
0 -5.94173
0 -5.87648
0 -5.8749
3 -6.24658
2 -5.91405
0 -5.85794
2 -5.76292
1 -5.76973
0 -5.64477
0 -6.05434
0 -5.91767
0 -5.53016
0 -5.90991
2 -5.99181
0 -5.87148
0 -5.7128
0 -5.86482
2 -5.90697
0 -6.04667
1 -6.02102
1 -5.68282
0 -6.00152
0 -5.77516
0 -5.41579
0 -5.27453
0 -6.13691
0 -5.78983
0 -5.60928
1 -6.04819
0 -5.73339
0 -5.5975
1 -5.94068
0 -5.95979
0 -5.76019
0 -5.72809
0 -6.03977
0 -6.21592
0 -5.98985
0 -5.58113
0 -5.79895
0 -5.70741
0 -5.94437
0 -5.77182
1 -5.62076
0 -5.62029
2 -6.13708
10 -5.94249
1 -5.68323
1 -6.06941
0 -6.01922
0 -5.74016
1 -5.87789
0 -5.50477
0 -5.76396
0 -5.68182
0 -5.67694
0 -5.45596
0 -5.63032
0 -5.54006
1 -5.44847
0 -5.47831
0 -5.46803
0 -5.24965
0 -5.44965
0 -5.68069
0 -5.49395
0 -5.92715
0 -5.59125
0 -5.44426
1 -5.6716
0 -5.66415
0 -5.47632
0 -5.60615
0 -5.58842
0 -5.62786
0 -5.52277
0 -5.70122
0 -5.44207
0 -5.72511
0 -5.71109
0 -5.38979
0 -5.65207
1 -5.58201
0 -5.69593
0 -5.74427
0 -5.57204
0 -5.74033
0 -5.65387
0 -5.54411
0 -5.52406
0 -5.55019
1 -5.36972
0 -5.66387
0 -5.68054
2 -5.5177
0 -5.66409
0 -5.49048
0 -5.61157
1 -5.51627
0 -5.66692
0 -5.42131
0 -5.68095
0 -5.43323
0 -5.57958
0 -5.53992
0 -5.77851
0 -5.69375
0 -5.55656
0 -5.33203
0 -5.42452
0 -5.46596
0 -5.42874
1 -5.42512
0 -5.76303
0 -5.42689
0 -5.83677
0 -5.52056
0 -5.58104
0 -5.60322
0 -5.44371
0 -5.58809
0 -5.50021
0 -5.43352
0 -5.3479
0 -5.65832
0 -5.80161
0 -5.38687
0 -5.4613
1 -5.50572
0 -5.67427
0 -5.58593
0 -5.50271
0 -5.80591
0 -5.4388
0 -5.72787
0 -5.72615
1 -5.53696
0 -5.45382
0 -5.6539
0 -5.80762
0 -5.62303
0 -5.80608
0 -6.07108
0 -6.11013
0 -6.34075
1 -5.86342
0 -6.14385
0 -6.27177
0 -6.31683
0 -6.16127
0 -6.3179
0 -6.32724
1 -5.99613
0 -6.19243
0 -6.15438
0 -6.2126
0 -6.14144
1 -6.24805
0 -6.33671
0 -6.28404
0 -6.27288
0 -6.0655
0 -6.31883
0 -7.11028
1 -6.24093
1 -6.0546
0 -6.21904
0 -5.89438
0 -5.97975
2 -6.37414
0 -5.91527
0 -6.38706
0 -6.43111
0 -6.31522
0 -6.23068
0 -6.22993
0 -6.18147
0 -6.19044
0 -6.18684
0 -6.24523
0 -6.16989
0 -6.19555
0 -6.27843
0 -6.13393
0 -6.18216
1 -5.93419
0 -6.34646
0 -6.57664
0 -6.19594
1 -6.17633
0 -6.21693
0 -6.1023
0 -5.89964
7 -6.05108
0 -6.27221
0 -5.97075
0 -6.62707
0 -5.89908
6 -6.36084
0 -5.77757
0 -5.97998
0 -6.43008
0 -6.20375
0 -5.98135
2 -6.03863
0 -6.07764
1 -6.17027
0 -6.30047
0 -6.28683
0 -5.95195
1 -6.16539
0 -5.92522
0 -6.36834
0 -6.41948
0 -6.22979
0 -6.60195
0 -6.44551
0 -6.17419
5 -6.11497
0 -6.16852
1 -6.10623
0 -6.03175
0 -6.17663
1 -6.15331
0 -6.20281
2 -6.44306
0 -6.13135
0 -6.22189
0 -6.06359
0 -6.07813
0 -5.87488
0 -5.86829
0 -6.20665
0 -6.03967
0 -5.96242
1 -6.21592
0 -6.63091
0 -6.37517
0 -6.3109
0 -6.64524
0 -6.20794
0 -5.59718
0 -5.65811
0 -5.84484
0 -5.691
0 -5.83363
0 -5.58475
0 -5.9566
0 -5.73079
0 -5.69664
0 -5.57619
0 -5.51431
0 -5.8326
0 -5.71894
0 -6.1095
0 -6.03124
0 -5.72164
0 -5.76948
1 -5.56803
0 -5.51325
0 -5.66282
1 -6.02605
0 -5.91603
0 -5.91253
0 -5.4633
0 -5.65019
0 -6.14046
0 -5.98361
2 -5.0724
0 -5.19225
0 -5.82094
0 -6.02429
0 -5.81423
0 -5.88131
0 -5.13844
0 -5.17376
0 -5.73815
0 -5.72753
0 -5.5894
0 -6.51235
0 -5.79707
0 -4.75219
0 -5.69194
0 -6.02152
0 -5.96651
0 -6.05084
3 -5.88333
0 -5.16451
0 -5.70434
0 -5.57632
0 -5.56822
0 -5.91208
1 -5.99799
0 -5.9918
0 -5.65712
0 -5.53442
0 -5.57876
0 -5.96213
0 -5.80521
0 -6.18507
0 -5.34676
0 -5.84328
0 -6.11366
0 -5.70021
0 -5.86565
0 -5.52104
0 -6.09618
0 -5.61068
2 -5.83156
0 -6.00395
0 -5.91997
0 -5.93756
0 -6.0292
0 -5.79401
0 -6.04691
0 -6.10764
0 -5.68752
0 -5.54384
0 -5.76708
0 -5.96951
0 -5.73771
0 -6.18738
0 -5.85425
0 -5.81662
0 -5.89268
0 -6.03446
0 -5.83349
0 -5.67376
0 -4.866
0 -6.14254
2 -5.38755
0 -6.06483
0 -5.65999
0 -5.45385
0 -5.25166
0 -5.64223
0 -5.65816
0 -5.82373
0 -6.04509
0 -5.68198
0 -6.13886
0 -5.59109
0 -5.63042
0 -5.53693
1 -5.51536
0 -5.04767
0 -4.91314
0 -5.47926
0 -5.17274
0 -5.05436
0 -5.13314
0 -4.74192
0 -5.49252
0 -5.18066
3 -5.5495
0 -5.29521
0 -5.51479
0 -4.88077
0 -5.09146
0 -5.33565
0 -5.03519
0 -5.01764
0 -4.97996
1 -5.54002
0 -5.09453
0 -5.27125
0 -5.21473
0 -5.00517
0 -5.08804
1 -5.31172
0 -4.79493
0 -4.90972
0 -4.58958
0 -4.94812
0 -5.318
0 -5.0366
0 -5.1413
0 -5.2237
0 -5.27673
0 -5.219
0 -4.90325
1 -5.42072
0 -4.88623
0 -5.2674
0 -5.26636
0 -5.30625
1 -5.01144
0 -5.05898
0 -5.06011
0 -5.49689
0 -5.1129
1 -5.33668
0 -4.74025
0 -5.27182
0 -5.01886
0 -5.26254
0 -5.23717
0 -5.03573
0 -5.14064
0 -5.08387
1 -5.21
0 -5.39942
0 -5.18018
1 -5.47189
0 -4.77495
0 -4.81756
0 -5.12574
1 -5.10023
0 -5.13818
0 -5.03882
0 -4.72221
0 -4.83156
0 -5.01471
0 -5.14669
0 -4.99819
0 -5.0399
0 -4.94234
0 -5.17092
0 -4.78275
0 -5.07952
1 -5.35348
0 -4.82378
0 -5.14854
0 -5.07428
0 -4.9278
0 -5.27386
0 -5.27048
0 -4.98479
0 -5.4065
0 -4.85102
0 -4.87079
0 -5.2814
0 -5.15033
0 -5.05766
0 -5.21487
0 -4.92663
0 -5.16805
0 -5.43062
0 -5.25337
0 -4.84667
0 -5.27473
0 -4.86206
1 -4.93823
0 -5.14999
0 -5.11596
0 -5.19859
0 -5.36379
1 -5.17938
0 -4.99261
0 -5.38855
1 -5.2738
0 -5.02383
0 -5.32732
0 -5.02696
0 -4.88189
0 -4.99346
0 -5.21935
0 -5.13088
0 -5.07404
0 -5.17881
0 -4.92523
0 -5.13685
0 -4.89786
0 -4.90418
0 -5.42064
0 -4.61493
0 -4.69365
0 -4.82912
0 -4.52877
0 -4.53124
0 -4.85774
0 -4.79053
0 -5.01238
5 -4.88006
1 -4.83282
0 -4.84066
0 -4.74661
0 -4.69908
0 -4.86185
0 -4.62407
0 -4.83266
4 -4.72526
0 -4.51325
0 -4.69454
0 -4.56427
0 -4.56496
0 -4.69578
1 -4.47991
0 -4.61234
0 -4.92566
0 -4.28038
0 -4.66131
2 -4.72846
0 -4.47799
0 -4.76574
1 -4.92697
0 -4.88134
0 -4.51301
0 -4.87488
0 -4.71237
1 -4.17971
3 -4.94827
0 -4.34314
1 -4.73105
0 -4.74363
0 -4.79456
0 -4.69961
0 -4.808
1 -4.39902
1 -4.4589
0 -4.50346
0 -4.56629
0 -4.48985
0 -4.55267
0 -4.43608
0 -4.58548
2 -4.84985
0 -4.61866
0 -4.57943
0 -4.56853
1 -4.90554
0 -4.55806
0 -4.95855
0 -4.53746
0 -4.94563
0 -4.64921
0 -4.82098
0 -4.66377
0 -4.78941
0 -5.52112
20 -5.22696
42 -5.04414
1 -5.32028
1 -4.94149
6 -5.26211
3 -5.06375
9 -5.40213
1 -4.95004
7 -5.44659
1 -5.3773
12 -5.12023
27 -5.33679
0 -4.87623
61 -5.29423
27 -5.29898
1 -5.07669
5 -5.32194
0 -4.73939
1 -5.13314
0 -5.45571
1 -4.9693
1 -4.78393
18 -4.84644
0 -4.98528
0 -5.61056
1 -4.99906
0 -5.16245
5 -5.0511
0 -5.37618
0 -4.94229
1 -5.09784
9 -5.29511
5 -5.29332
0 -5.40019
4 -4.69917
0 -5.09545
0 -6.18827
0 -6.56575
0 -5.73488
0 -6.38231
0 -6.15087
0 -6.14724
0 -6.65125
0 -5.95799
1 -6.19909
0 -6.02428
0 -5.68886
0 -5.75349
0 -5.88096
0 -5.85715
0 -6.27273
0 -6.37018
0 -6.78917
0 -6.15018
0 -6.15309
0 -6.16086
1 -6.66494
0 -6.80914
1 -6.01385
0 -6.4021
0 -6.09756
0 -6.17696
0 -6.55948
0 -6.26821
0 -6.09702
0 -5.84387
0 -6.55202
0 -5.78984
0 -5.9456
0 -6.07564
0 -6.08515
2 -6.75414
0 -6.22314
0 -6.01053
1 -5.8755
0 -6.33903
0 -6.07987
0 -6.43185
0 -6.01599
0 -6.04387
0 -6.07492
1 -6.1739
2 -6.2029
0 -6.49449
0 -6.7176
7 -6.19175
0 -6.05911
1 -6.59864
1 -6.04308
0 -6.31203
0 -6.63955
0 -6.19824
0 -6.29277
3 -6.10512
0 -6.21865
0 -6.44064
0 -6.00497
1 -6.0709
19 -6.14823
0 -5.83962
0 -6.28977
0 -6.45353
0 -6.25536
0 -6.23621
0 -6.32454
0 -6.25012
0 -6.40285
0 -6.26506
2 -6.07115
3 -6.13818
0 -5.80861
0 -5.86839
0 -6.56021
0 -6.0537
0 -5.96511
0 -5.74859
10 -6.3484
14 -5.96017
0 -6.12188
0 -6.83589
0 -6.93359
0 -7.00596
0 -7.17169
0 -6.86533
0 -6.71231
0 -6.42422
0 -6.56636
0 -6.85604
0 -6.76381
0 -6.97064
1 -6.75743
0 -7.13564
0 -7.00743
0 -7.10094
0 -7.0723
0 -6.32132
0 -6.98426
1 -6.72723
0 -6.36428
0 -6.81811
0 -6.26633
0 -6.34959
0 -6.25114
0 -6.60359
0 -6.8144
6 -6.9337
0 -6.48096
0 -7.05104
0 -7.25512
0 -7.11816
0 -6.32657
0 -6.88549
0 -6.62006
0 -7.4067
0 -7.35015
0 -6.70208
0 -7.03918
0 -7.32231
0 -6.54159
0 -6.36774
0 -6.48092
0 -6.65057
0 -7.26656
0 -7.29533
0 -6.32461
0 -6.61548
0 -6.86255
0 -6.84268
0 -6.26284
0 -6.32612
0 -6.60212
0 -6.26242
0 -7.12026
0 -6.54069
0 -6.87453
0 -7.34765
0 -6.74969
0 -6.44111
0 -7.23451
0 -6.73711
1 -6.73753
0 -7.20558
0 -6.56857
0 -6.55866
0 -6.54159
0 -6.39934
0 -7.39317
0 -7.14915
1 -6.74515
0 -6.88943
0 -6.54151
0 -6.75506
0 -6.35939
0 -6.88943
0 -6.78868
0 -6.73558
0 -6.76591
0 -6.59644
0 -6.93941
0 -6.38322
0 -7.02289
0 -6.22184
0 -6.89117
0 -6.49761
0 -6.73788
0 -6.62427
0 -4.72086
1 -5.02011
0 -4.71463
0 -5.12709
0 -4.81217
1 -4.85702
0 -4.85594
0 -5.03681
0 -4.80207
1 -4.77513
0 -4.8306
0 -4.86581
0 -4.75111
1 -4.80357
2 -4.76778
0 -4.78955
1 -5.20884
5 -4.92023
0 -4.71856
2 -4.87364
0 -4.93649
0 -5.08858
0 -4.74976
0 -4.72459
4 -4.93038
0 -4.70858
0 -4.78048
0 -4.72229
2 -5.00112
8 -4.84838
1 -4.79624
0 -4.62424
0 -4.5514
0 -4.9045
0 -4.72943
0 -5.1861
0 -4.8355
0 -4.82122
0 -4.58764
1 -4.82823
0 -4.69048
0 -4.87205
0 -4.79804
0 -4.91497
1 -5.17833
0 -4.85008
0 -4.94197
0 -4.79341
0 -4.914
0 -4.73342
0 -4.73862
0 -4.68147
0 -4.86741
0 -4.96124
0 -4.79501
2 -4.93334
0 -4.56218
0 -4.85952
0 -4.86753
0 -4.79212
3 -5.09025
1 -4.87779
0 -4.66007
0 -4.80404
0 -4.82799
0 -5.12794
0 -4.91942
0 -4.83242
0 -5.10915
0 -4.64049
0 -4.85332
0 -4.83162
1 -4.95137
0 -4.70754
1 -4.87515
0 -4.85078
0 -4.89172
0 -4.86222
0 -4.51086
0 -4.76851
0 -5.02628
0 -4.81994
0 -5.4798
0 -5.84642
0 -5.9216
0 -5.40046
0 -5.16842
0 -5.34919
0 -5.4742
0 -5.31263
0 -5.25367
0 -5.46142
0 -5.73439
0 -5.09624
0 -5.96599
0 -5.39713
0 -5.33954
0 -5.36267
0 -5.6558
0 -5.26783
0 -5.64272
0 -5.23489
0 -5.55604
0 -5.45105
0 -5.60339
0 -5.87851
0 -5.8443
1 -5.58547
0 -5.47752
0 -5.37822
0 -5.23344
1 -5.24135
0 -5.68306
0 -5.76462
0 -5.22823
0 -5.20507
0 -4.86871
0 -5.54473
0 -5.46887
0 -5.78321
1 -5.31956
0 -5.85843
0 -5.75122
0 -5.46097
0 -5.22172
0 -5.81236
0 -5.48576
0 -5.24029
0 -5.19601
3 -5.52834
0 -5.23373
0 -5.53226
0 -5.54578
0 -5.47692
0 -5.25583
0 -5.60104
0 -5.23038
0 -5.4789
0 -5.4458
0 -5.56197
0 -5.66557
0 -5.17923
0 -5.46745
0 -5.26584
0 -5.33581
0 -5.57218
0 -5.63563
0 -5.31376
1 -5.01967
0 -5.40181
0 -5.46656
0 -5.31576
0 -5.33486
0 -4.94534
0 -5.29596
0 -5.88154
0 -5.30816
0 -5.50228
0 -5.15222
0 -4.79994
0 -5.38793
2 -5.41547
1 -5.3591
0 -5.5183
2 -5.8268
0 -5.18955
0 -5.40941
0 -5.49795
0 -5.4935
2 -5.43966
1 -5.79702
0 -5.25092
0 -5.16178
2 -5.67032
0 -5.27046
0 -5.44843
0 -5.40022
9 -5.47284
0 -5.5123
0 -5.52908
0 -5.54154
0 -5.14639
0 -5.27237
0 -5.39648
0 -5.1116
0 -5.26327
0 -5.38097
0 -5.44333
0 -5.19116
0 -5.32993
1 -5.41469
0 -5.28806
0 -5.16969
0 -5.21911
0 -5.77903
1 -5.12397
0 -5.09221
0 -5.38172
0 -5.4666
0 -5.84168
0 -5.6328
0 -5.57433
0 -6.07003
2 -5.86743
1 -6.00488
1 -6.28613
0 -6.9246
0 -6.39459
2 -4.96686
0 -6.25784
0 -5.94832
0 -5.55271
2 -5.73578
0 -6.19067
0 -5.40344
0 -5.70346
0 -5.27765
0 -6.40948
0 -5.57861
0 -5.62033
0 -5.44582
0 -5.67231
0 -6.22553
0 -5.52291
0 -6.41436
0 -5.4679
0 -5.42798
0 -5.9497
0 -5.88797
0 -5.89016
0 -5.47198
0 -5.99825
0 -6.31931
0 -5.91581
0 -6.01139
0 -5.52336
0 -6.34275
0 -5.28056
0 -6.50566
1 -6.12179
0 -5.85895
0 -5.45222
0 -6.64211
3 -5.37493
0 -5.73458
0 -5.52613
0 -5.83774
0 -6.29413
0 -5.90376
0 -6.52095
0 -5.52846
0 -6.38666
1 -6.05091
0 -6.03786
0 -5.92877
0 -5.76934
0 -5.85615
0 -5.86297
0 -6.00904
0 -5.8324
0 -5.96256
0 -5.8248
2 -6.18477
0 -6.10667
0 -6.06811
0 -6.08575
0 -6.07846
0 -5.87933
0 -5.92248
0 -5.80148
0 -6.24944
0 -5.85915
0 -6.11337
0 -5.94253
0 -5.88355
0 -5.863
2 -5.62064
0 -5.80592
0 -6.11587
0 -6.0612
3 -6.09027
0 -5.83128
0 -6.01611
0 -6.0884
0 -6.0529
0 -6.0539
0 -6.21767
0 -6.23769
0 -5.98453
0 -5.84201
0 -6.26357
0 -6.1377
0 -6.71023
0 -5.92412
0 -5.82449
0 -5.88266
0 -6.1336
0 -6.14126
0 -6.04202
0 -5.7794
0 -5.75555
0 -5.9007
0 -6.19169
0 -6.11444
0 -5.99226
0 -5.85817
0 -5.92952
0 -6.13524
0 -5.84084
0 -6.14931
0 -6.19725
0 -6.2015
0 -6.11751
0 -6.10978
0 -5.77899
0 -6.09767
0 -5.99123
0 -6.0662
1 -6.20087
0 -6.19785
0 -6.14732
0 -5.82285
0 -5.99531
0 -6.10229
0 -6.12208
0 -5.67042
0 -6.14212
0 -5.86178
0 -5.96869
0 -5.96575
0 -6.09681
0 -5.99938
0 -5.84463
0 -5.74267
0 -5.99233
0 -6.12401
0 -6.09967
0 -6.46254
0 -6.08433
0 -5.80324
20 -5.08031
3 -5.60855
1 -5.57741
0 -5.33498
0 -5.4079
0 -5.46851
0 -5.32561
0 -4.40692
2 -5.78706
0 -5.43389
0 -5.66134
0 -5.51557
0 -5.54551
2 -5.52671
0 -5.06487
3 -5.37047
0 -5.83081
0 -5.96948
0 -5.77709
0 -5.91952
0 -5.94124
5 -5.47669
0 -5.58507
1 -5.5482
1 -5.43375
0 -5.62696
0 -4.49849
13 -5.32407
1 -5.00782
2 -4.61339
0 -4.79452
0 -4.58223
7 -5.30396
1 -4.87567
1 -4.41769
18 -5.88985
1 -5.51971
12 -5.0479
8 -5.1866
3 -5.48685
6 -4.98049
7 -5.18425
0 -4.75566
6 -5.73422
0 -5.90339
3 -5.29458
0 -5.62909
9 -5.00451
0 -5.10546
0 -4.95344
0 -4.95683
1 -4.98121
1 -5.31421
0 -5.11736
1 -4.44608
0 -4.88335
0 -4.40693
1 -4.57764
0 -5.08367
0 -4.32416
0 -4.92125
0 -5.00884
0 -5.09594
0 -4.34269
1 -4.83804
0 -4.34304
1 -4.87024
0 -5.05856
3 -4.47091
0 -5.12478
0 -5.10275
2 -5.15576
2 -4.4118
1 -4.78499
0 -4.83197
0 -4.70418
0 -4.69339
0 -4.83408
1 -5.14428
1 -5.03556
3 -5.35506
0 -5.17468
4 -3.93267
0 -5.5009
0 -5.42775
0 -5.50639
0 -5.12144
0 -5.57825
0 -5.25172
0 -5.70975
0 -5.38035
0 -5.47764
0 -5.33028
2 -5.65807
5 -5.27267
0 -6.02414
0 -5.87924
0 -5.47791
0 -5.33416
1 -5.10127
0 -5.52456
0 -5.56258
0 -5.63722
19 -3.93756
0 -5.50371
0 -5.36382
1 -5.56125
3 -5.55965
0 -5.4519
22 -4.78194
23 -4.11277
0 -5.24366
0 -5.86753
0 -5.51801
1 -5.63967
2 -5.34033
0 -5.32437
1 -5.45164
0 -5.52074
1 -5.61106
19 -3.86503
0 -5.51717
7 -4.70778
6 -5.40743
1 -5.82764
1 -5.7401
2 -5.52872
0 -5.22651
0 -5.54527
0 -5.61954
0 -5.42609
17 -5.2772
0 -5.42589
0 -5.56703
2 -5.40256
4 -5.40743
0 -6.11788
1 -5.53501
0 -5.51781
14 -5.32193
0 -5.31777
0 -5.5286
1 -5.02324
0 -5.097
0 -4.77782
0 -4.9
0 -4.90199
0 -4.92434
0 -4.50264
0 -4.98811
0 -4.71864
0 -4.87259
1 -5.18256
0 -5.04877
2 -5.21921
0 -5.13152
0 -4.78418
1 -4.56375
2 -5.0961
1 -5.04345
3 -4.96595
0 -4.85453
0 -5.12022
0 -5.02217
0 -5.10816
0 -4.69217
0 -4.81475
1 -5.04835
0 -4.58278
0 -5.08637
1 -5.15601
0 -5.39949
0 -4.6808
2 -5.12926
2 -4.50397
3 -5.08946
1 -4.94368
5 -5.07669
0 -5.00459
0 -4.62726
0 -5.03795
0 -4.46469
5 -5.02368
0 -4.72204
0 -5.05763
0 -4.91856
1 -5.05562
0 -4.77768
0 -4.87651
0 -4.79063
2 -5.63355
0 -4.83866
1 -4.92695
0 -4.71692
4 -4.86499
0 -4.65666
3 -5.12459
0 -5.08491
0 -4.83679
0 -4.93339
1 -4.52106
6 -5.08351
0 -5.10126
0 -4.90555
0 -5.03168
2 -4.86379
4 -4.87083
0 -5.32548
1 -5.02042
0 -5.05819
0 -4.47876
0 -4.66879
0 -4.91619
0 -4.82433
0 -5.19653
6 -4.62736
0 -5.03244
0 -5.07173
2 -4.97067
1 -4.61924
2 -5.11447
0 -5.28759
1 -5.13304
0 -4.7732
1 -4.91392
0 -5.14076
0 -5.15984
0 -5.02954
0 -4.6947
0 -4.95641
0 -4.63174
6 -5.05938
0 -4.93749
18 -5.13335
0 -4.77782
0 -4.56372
0 -5.00694
0 -4.87786
0 -5.05562
2 -4.60251
0 -5.20439
0 -4.85492
0 -6.3407
0 -6.96681
0 -6.37429
0 -7.00317
0 -6.37505
0 -6.82354
0 -6.67598
0 -6.99702
0 -7.06202
0 -6.62841
0 -6.84888
0 -6.42569
0 -6.74528
0 -6.44053
0 -6.74944
0 -6.41378
0 -7.13585
0 -6.31161
0 -6.38142
0 -6.57482
0 -6.78668
0 -6.56008
0 -6.89542
0 -6.43971
0 -6.47608
0 -6.64676
0 -6.64147
0 -6.6202
0 -6.53366
0 -6.87089
0 -7.22636
0 -6.97495
0 -6.94591
0 -6.76082
0 -6.88838
0 -6.83961
0 -6.40266
0 -6.78699
0 -6.50077
0 -5.72492
0 -6.54565
0 -6.72861
0 -6.9701
0 -7.02333
0 -6.87226
0 -6.64605
0 -6.93525
0 -5.43209
0 -5.7638
0 -5.73102
0 -5.32995
0 -5.70071
0 -5.73162
0 -5.49385
0 -5.76811
1 -5.65349
0 -5.6187
0 -5.67281
0 -5.71102
0 -5.61872
1 -5.68817
0 -5.66412
0 -5.76799
0 -5.67609
0 -5.3676
0 -5.60242
0 -5.82534
0 -5.73414
0 -5.67426
0 -5.76324
0 -5.70409
6 -5.59692
1 -5.76969
0 -5.76738
0 -5.57955
0 -5.7745
0 -5.63655
0 -5.61409
1 -5.81551
0 -5.60694
0 -5.55866
0 -5.74517
1 -5.72914
0 -5.71139
0 -5.71022
2 -5.72113
0 -5.64134
1 -5.55753
0 -5.83979
1 -5.35082
0 -5.50557
2 -5.77134
1 -5.63868
2 -5.61929
1 -5.75403
0 -5.77487
1 -5.58985
1 -5.66268
0 -5.76648
0 -5.58759
0 -5.76242
0 -5.66372
0 -5.47695
1 -5.6725
0 -5.70592
0 -5.65441
0 -5.72698
0 -5.61376
0 -5.57436
0 -5.85084
0 -5.61674
0 -5.7722
0 -5.70856
0 -5.61307
0 -5.61625
1 -5.77368
0 -5.68082
0 -5.68963
0 -5.68908
0 -5.56873
1 -5.72363
0 -5.73047
2 -5.68294
0 -5.59154
1 -5.534
1 -5.72189
0 -5.68462
1 -5.84205
0 -5.56059
3 -5.72528
0 -5.6589
0 -5.68455
0 -5.81049
0 -5.81891
0 -5.71063
2 -5.43269
0 -5.73534
0 -5.47053
0 -5.70758
0 -5.61079
0 -4.83305
0 -5.61106
0 -5.43893
1 -5.46604
1 -5.71603
1 -5.49518
0 -5.56412
0 -5.28788
0 -5.38598
1 -5.60918
0 -5.39517
1 -4.85683
2 -5.59298
0 -5.48073
0 -6.08308
0 -5.73976
0 -5.62513
0 -5.6263
0 -5.81552
0 -5.8664
0 -5.78043
0 -5.42864
0 -5.20871
2 -5.58534
0 -5.57283
0 -5.50299
0 -5.17573
0 -5.77875
0 -5.51125
1 -5.49846
0 -5.49063
0 -5.235
0 -5.48292
0 -5.07037
0 -5.70085
0 -5.69017
0 -5.40028
0 -5.25968
0 -5.40756
0 -5.602
0 -5.68869
0 -5.26539
2 -5.61843
0 -5.27045
0 -4.80005
0 -5.58258
0 -5.74612
0 -5.30706
0 -5.75526
0 -5.47769
1 -5.68174
1 -5.75386
0 -5.99723
0 -5.47015
16 -5.46773
0 -4.58256
0 -5.65743
0 -5.84694
0 -5.64982
0 -5.68687
0 -5.65857
0 -5.09638
1 -5.46863
0 -5.49052
1 -5.55049
0 -5.21239
0 -5.68564
15 -5.2063
0 -5.92126
0 -5.45252
0 -5.83406
2 -5.47329
0 -5.30426
0 -5.26055
4 -5.68712
3 -5.779
0 -5.90393
0 -5.63142
1 -5.25526
0 -5.91546
1 -5.86699
2 -5.09451
3 -5.06589
1 -4.9708
0 -4.27575
0 -5.37649
0 -4.94422
0 -5.62127
0 -5.44273
2 -5.35154
0 -5.1158
0 -5.6975
0 -5.47357
0 -5.84017
0 -4.85775
2 -5.87732
0 -5.44435
0 -6.18127
0 -5.44886
1 -5.69042
0 -5.11224
1 -5.56762
0 -5.71748
0 -5.37628
1 -5.51588
0 -5.5296
1 -5.2875
0 -5.25455
0 -5.09075
0 -5.23781
1 -5.21701
0 -5.73209
2 -5.37801
0 -5.36774
0 -6.06251
0 -4.71359
1 -5.63622
0 -5.56577
0 -5.20322
0 -5.79539
11 -5.46377
0 -5.67326
0 -5.33034
0 -5.13266
3 -5.46977
0 -5.44825
0 -5.49977
0 -5.33211
0 -4.83802
1 -5.28891
0 -5.48831
4 -5.10271
1 -5.90918
0 -5.30616
0 -5.36794
0 -5.21596
0 -5.25472
5 -5.07376
0 -5.40106
0 -5.33379
0 -5.314
0 -5.29453
0 -5.29661
1 -5.32341
0 -5.19597
5 -4.80051
0 -5.44436
0 -5.22388
0 -5.26159
0 -5.27798
0 -5.33715
0 -5.34942
0 -5.56383
0 -5.29064
0 -5.18468
0 -5.34787
0 -5.34122
0 -5.40758
4 -4.96741
0 -5.48424
0 -5.04922
0 -5.04981
2 -5.26641
0 -5.33704
0 -5.38552
1 -5.40622
0 -5.374
1 -5.23342
9 -4.96192
0 -5.41129
1 -5.20155
0 -5.35433
0 -5.34071
1 -4.38116
0 -5.78971
0 -5.12023
2 -5.09691
0 -5.41265
0 -5.26793
0 -5.20668
0 -5.36067
0 -5.38453
0 -5.44591
0 -5.35133
0 -5.41903
1 -5.54335
0 -5.37579
1 -5.38765
0 -5.32585
0 -5.1989
0 -4.93694
1 -5.02903
2 -4.82342
5 -4.89777
1 -5.06056
0 -5.36333
4 -5.21289
0 -4.6972
3 -5.29715
0 -4.83403
0 -4.9985
4 -4.85438
6 -5.098
0 -4.91987
5 -4.92432
1 -5.26166
0 -5.17654
2 -4.92977
1 -4.82573
3 -4.85562
0 -4.96598
1 -4.98071
2 -5.14762
0 -5.17071
0 -5.12159
1 -4.95853
3 -4.86129
7 -5.23685
0 -5.33423
4 -4.89225
3 -4.97498
0 -4.82436
3 -5.17886
0 -5.10609
0 -5.31631
0 -4.87136
12 -5.17385
0 -5.28663
1 -4.85251
0 -5.25732
1 -5.16735
2 -5.39331
2 -4.94005
5 -5.15764
8 -5.21231
0 -5.00588
6 -5.26183
1 -5.09459
0 -5.31321
3 -4.76684
6 -5.28762
0 -6.1618
0 -6.43677
0 -5.67512
0 -5.9352
0 -6.32627
0 -6.66945
0 -6.09323
0 -5.40437
0 -6.20375
0 -6.36785
0 -5.70453
0 -6.36445
0 -6.15688
0 -6.5171
0 -5.71827
0 -5.90228
0 -6.2435
0 -6.35033
0 -6.3522
0 -5.68488
0 -6.03418
0 -6.49042
0 -6.22415
0 -6.46838
0 -6.52827
0 -5.83812
0 -6.18454
1 -6.33525
0 -6.35977
0 -6.23399
0 -6.24557
0 -6.50583
0 -6.08012
0 -6.36292
0 -5.59941
0 -6.07814
0 -6.11864
0 -6.25155
0 -6.30102
0 -5.55923
0 -6.46616
0 -5.92146
0 -6.22296
0 -6.40424
0 -6.44975
0 -6.37456
0 -5.50604
0 -6.25457
1 -6.30311
0 -6.35499
2 -6.02467
0 -6.2808
0 -6.3544
0 -6.33153
0 -6.24744
0 -5.0901
0 -6.59521
0 -6.36387
0 -6.43433
0 -5.07567
0 -5.86008
0 -6.24618
0 -6.31214
0 -6.26775
0 -6.13327
0 -5.31765
0 -5.06973
0 -4.95023
0 -4.90179
0 -4.92679
0 -4.921
0 -5.05373
0 -4.84064
1 -4.95592
0 -5.05057
2 -5.013
0 -5.16903
0 -5.03822
0 -4.87159
0 -4.90705
0 -4.89668
0 -4.9166
0 -4.78388
1 -4.84001
2 -5.01814
0 -4.94474
0 -4.90385
0 -5.11067
2 -4.96784
0 -4.88296
0 -4.71655
0 -4.92435
0 -5.0726
1 -4.91119
0 -4.97562
1 -5.11124
0 -4.63948
0 -5.0853
2 -5.02261
0 -4.80295
0 -4.85278
0 -4.93265
1 -5.13172
0 -4.76951
0 -5.07874
0 -5.18731
0 -4.94682
0 -4.94525
0 -5.02964
0 -4.93993
0 -5.01164
0 -4.94674
3 -5.06242
0 -4.79868
0 -4.87769
0 -4.84627
0 -4.88909
0 -4.98395
0 -5.06702
0 -5.12519
0 -4.88562
0 -4.74644
2 -5.05409
0 -4.78693
0 -5.23564
0 -5.0919
0 -4.9995
0 -4.84585
1 -5.16509
0 -4.98871
0 -4.88299
0 -5.11986
0 -4.86803
0 -4.90578
0 -4.95465
0 -4.85313
2 -4.91861
0 -4.94782
0 -5.07011
0 -5.15192
2 -5.15175
0 -4.897
0 -4.82516
0 -4.85749
12 -4.92563
0 -5.04896
0 -4.95812
2 -5.02514
2 -5.28706
0 -5.07364
0 -4.98631
0 -4.97287
0 -4.80277
0 -4.81949
0 -4.82707
1 -5.14606
0 -4.89365
0 -4.97359
0 -4.78759
2 -5.2081
0 -5.25376
0 -4.78161
0 -4.6705
8 -4.72943
0 -4.43937
0 -5.43449
0 -5.56783
1 -4.4907
2 -5.04506
0 -5.03859
0 -4.92015
5 -5.00245
0 -5.1982
6 -4.41373
17 -4.95717
41 -4.47129
1 -4.86303
0 -5.21196
0 -5.29757
1 -5.04926
15 -4.65954
4 -4.72589
0 -4.58326
0 -5.18201
0 -4.04479
1 -4.91872
0 -4.86554
2 -4.83651
3 -4.70791
1 -4.31903
0 -5.07023
33 -4.32909
2 -4.84627
0 -5.72153
0 -5.02654
0 -4.98954
0 -4.80475
1 -4.67077
0 -5.24808
0 -5.4086
0 -4.76463
0 -4.99059
0 -4.96809
59 -5.07232
0 -5.28551
1 -4.9266
4 -4.88645
0 -4.79357
0 -4.58187
3 -5.05402
0 -4.88966
0 -5.07557
0 -4.84411
0 -4.34941
1 -4.56663
1 -3.95902
0 -5.27102
75 -4.5308
0 -4.6445
0 -4.98161
0 -5.04421
20 -5.02256
0 -4.80153
0 -4.85021
0 -4.16337
0 -5.37437
0 -4.087
0 -4.97106
3 -4.64661
0 -4.14695
5 -4.90622
9 -4.0766
0 -4.94137
1 -4.70217
1 -5.06715
0 -5.03112
0 -4.92718
0 -4.74464
0 -5.18997
33 -4.655
0 -4.95638
0 -4.86178
0 -4.32146
0 -4.68773
13 -4.49655
0 -4.73401
0 -4.91717
0 -4.83059
0 -4.69152
1 -4.68755
0 -5.62796
1 -5.15008
1 -4.95369
1 -4.85902
3 -4.872
0 -4.85923
0 -5.05002
0 -5.19018
0 -5.10559
0 -5.38498
0 -5.01607
145 -4.50004
0 -4.89131
0 -5.53556
0 -5.24228
5 -4.7709
0 -5.57399
1 -4.82906
31 -4.3417
1 -4.81423
0 -4.97616
0 -5.14459
0 -4.98291
0 -5.02562
2 -4.67525
0 -3.91775
0 -4.99368
1 -5.31399
0 -4.80365
0 -5.15752
1 -4.75562
0 -4.83507
0 -4.57677
5 -4.64713
0 -4.17361
1 -4.18894
0 -4.96818
0 -4.9672
0 -4.61191
0 -4.92598
3 -4.90858
0 -4.51526
0 -5.2169
5 -4.87391
0 -4.74738
0 -5.26327
0 -4.25899
6 -4.26285
0 -4.90046
0 -5.10089
0 -4.94676
2 -4.82194
0 -4.20559
1 -5.04366
0 -4.96377
0 -5.01033
4 -4.8685
1 -4.8249
0 -5.52146
0 -4.76624
2 -5.0359
6 -5.09686
0 -4.76253
0 -4.70305
4 -4.77028
0 -5.09956
0 -4.86977
0 -4.87651
0 -4.54481
0 -4.7372
0 -4.45272
3 -3.89045
0 -4.58962
0 -4.54414
3 -4.79894
0 -4.733
0 -5.06469
1 -4.75065
0 -5.18403
14 -5.02652
0 -4.95888
0 -5.13428
0 -5.13351
0 -4.69439
1 -4.71805
0 -4.71582
0 -4.73232
37 -4.31412
0 -5.22911
0 -5.45384
1 -4.94264
0 -5.02204
2 -4.92343
5 -5.15659
0 -4.9194
2 -4.39107
3 -4.86414
3 -5.16351
0 -4.12555
1 -4.93399
2 -5.64466
0 -4.57516
0 -4.55305
0 -5.03361
0 -4.327
0 -4.60318
0 -5.66993
0 -4.78976
2 -5.14737
0 -4.74527
0 -4.77636
0 -4.88536
0 -4.66113
0 -4.87325
5 -4.4709
0 -4.77725
0 -4.39128
0 -4.9306
0 -5.14827
0 -4.74011
0 -5.17014
6 -4.85825
0 -5.4444
3 -3.87759
0 -5.01144
0 -4.75688
0 -5.14675
0 -4.50102
0 -5.09596
51 -4.79423
4 -4.98206
0 -4.41562
0 -4.79783
0 -5.19772
1 -4.73861
4 -4.81316
47 -4.71739
0 -4.91983
0 -4.80979
1 -4.96238
0 -4.49587
3 -4.26044
1 -4.16798
0 -4.87687
2 -4.61405
0 -4.867
2 -4.77486
0 -4.86989
1 -5.13567
9 -3.97096
0 -4.74787
0 -5.44514
4 -5.35463
0 -5.23826
0 -4.19707
18 -4.95969
1 -4.81935
0 -4.79309
1 -5.08846
0 -4.95281
0 -4.79115
0 -5.17471
0 -4.00999
3 -3.79583
0 -3.06807
0 -5.74214
1 -5.37834
0 -5.20184
0 -5.66203
5 -5.88169
2 -5.93564
0 -5.52233
0 -4.52265
0 -5.41777
0 -4.66827
0 -4.78058
1 -5.40392
0 -3.81647
0 -5.35822
0 -4.1695
0 -5.55279
7 -5.76946
0 -4.81225
0 -4.56785
1 -4.00173
1 -5.51669
0 -5.92405
0 -5.31968
1 -5.63159
1 -6.06129
2 -5.23681
0 -5.39093
2 -5.56011
0 -5.87218
0 -5.61929
0 -5.76619
0 -5.95125
0 -6.05621
3 -4.78039
0 -5.89138
0 -6.00378
0 -5.78433
0 -5.70283
0 -5.95241
0 -5.98213
0 -5.87583
0 -5.68902
0 -4.83683
0 -5.22278
1 -5.0629
0 -5.0801
0 -4.72624
0 -4.90239
0 -4.79994
0 -4.56392
0 -4.97663
0 -4.94095
0 -4.98801
0 -4.82816
0 -4.80823
0 -5.05921
0 -5.04929
0 -5.06894
0 -4.82206
0 -4.90196
0 -4.90817
0 -4.70684
0 -4.77209
0 -5.11009
0 -4.89503
0 -5.15909
0 -4.94292
0 -5.03538
0 -4.95387
0 -4.80681
1 -4.96835
0 -4.8611
0 -5.03246
0 -5.00932
0 -4.93405
0 -4.85312
0 -4.58673
0 -4.68629
0 -4.99667
0 -4.55998
0 -4.76464
0 -4.94522
0 -5.10086
0 -5.05016
0 -4.54105
0 -5.13151
0 -4.91331
0 -4.84309
0 -4.75287
0 -4.78463
0 -4.81427
0 -3.86642
0 -5.6289
0 -5.62768
0 -5.33542
0 -5.56876
0 -4.65685
0 -5.55682
9 -5.45788
0 -5.82121
0 -5.66884
0 -5.70352
0 -5.64315
0 -5.79454
0 -5.09281
0 -5.27239
0 -5.57868
0 -4.91737
0 -5.71835
0 -5.3303
0 -5.25823
1 -5.40119
0 -5.45959
5 -5.79513
0 -5.52794
0 -5.66154
0 -5.46817
0 -5.64737
0 -4.9944
0 -5.42243
0 -5.32093
0 -6.34702
66 -5.23733
0 -5.58495
0 -5.52115
0 -5.93418
0 -5.60151
0 -5.74914
0 -4.57052
0 -5.72269
1 -5.0937
1 -5.96413
0 -5.31897
0 -5.56433
0 -5.30123
0 -5.38524
1 -5.82735
6 -5.83956
1 -5.4509
0 -4.93911
0 -5.77707
2 -5.35285
0 -5.32219
0 -5.48796
0 -5.71528
0 -5.4723
0 -5.37798
0 -5.37708
13 -5.59922
0 -5.69759
0 -4.96811
0 -5.12923
0 -5.46291
0 -4.73676
0 -5.3813
0 -5.13427
0 -5.59523
0 -5.51234
0 -5.52262
0 -4.88871
0 -4.12202
0 -5.23612
0 -4.94199
0 -5.5019
0 -5.60962
0 -5.41168
0 -5.62762
0 -6.03658
0 -5.38814
0 -5.44442
0 -4.97106
13 -5.6278
0 -5.71609
0 -5.57477
0 -6.21826
0 -5.72335
0 -5.70181
0 -5.71874
0 -5.24878
0 -5.27598
0 -4.8682
0 -5.75709
0 -5.37322
0 -5.39214
1 -5.49754
0 -5.62533
0 -5.28662
0 -5.22878
0 -5.48321
0 -5.54598
2 -4.98935
0 -5.0178
0 -5.34898
0 -5.11291
0 -5.57046
0 -5.29477
0 -5.07285
0 -4.67191
0 -4.99957
0 -4.87117
0 -4.93441
0 -5.27795
0 -4.76074
0 -5.0185
0 -5.01261
0 -4.85968
0 -4.98614
0 -4.87454
0 -4.98179
0 -4.88233
0 -4.84661
0 -5.25169
2 -5.42417
0 -5.46466
1 -5.31303
0 -5.27366
0 -5.68234
0 -5.55661
1 -5.71251
1 -5.26428
2 -4.8659
1 -5.37655
3 -4.95585
0 -5.23994
3 -5.92196
0 -5.76778
0 -5.78833
0 -5.39208
3 -4.86402
0 -5.96675
0 -5.45838
0 -6.03702
0 -5.48818
0 -5.0839
1 -5.29785
0 -5.53402
0 -5.27412
0 -6.28611
0 -5.62183
1 -5.70602
2 -5.83927
0 -5.06134
0 -5.5228
0 -4.75809
14 -5.05461
0 -5.45576
0 -5.8977
0 -6.0177
0 -5.18061
0 -6.20999
0 -4.95466
0 -5.52051
0 -5.0817
0 -5.6251
12 -5.36452
0 -5.52165
0 -4.78562
0 -4.96656
5 -5.06259
0 -6.14557
0 -5.80469
2 -5.59557
0 -5.39427
0 -5.70745
0 -4.88943
0 -5.85953
0 -5.6437
0 -5.07249
1 -5.43285
0 -5.13049
0 -5.2485
0 -5.56034
0 -5.6003
0 -5.40854
0 -5.10582
0 -5.42628
0 -4.95708
0 -5.42834
0 -5.3957
0 -5.29113
0 -5.34551
0 -5.56599
0 -5.43897
0 -5.40823
0 -5.60664
1 -5.36633
5 -5.45108
0 -5.33629
0 -5.19047
0 -5.0233
0 -5.00923
0 -5.62806
0 -5.6666
0 -5.64585
0 -5.26217
0 -5.50018
0 -4.97573
0 -5.48503
0 -4.89349
0 -5.38024
0 -4.86002
0 -5.54461
0 -5.34506
0 -5.57225
0 -5.14826
0 -5.31467
0 -5.65923
2 -5.19364
0 -5.20698
0 -5.51131
0 -5.42214
0 -5.1576
0 -5.3294
0 -5.18267
0 -5.51214
0 -5.0895
0 -5.328
0 -4.82008
0 -5.52077
0 -5.50406
0 -5.50806
0 -5.11601
0 -6.43403
0 -6.5893
1 -6.62534
0 -6.53184
0 -6.6919
0 -6.553
0 -6.77599
0 -6.62202
0 -6.73488
1 -6.6696
0 -6.50701
0 -6.29994
1 -6.31284
0 -6.39311
0 -6.17363
0 -6.6106
0 -6.58601
0 -6.65318
0 -6.79923
0 -6.56175
0 -6.65831
0 -6.25964
0 -6.20631
0 -6.50973
0 -6.15012
0 -6.70512
0 -6.67502
0 -6.40339
0 -6.48135
4 -6.50806
0 -6.33569
0 -6.40409
0 -6.12248
0 -6.7451
0 -6.84244
0 -6.39305
0 -6.62316
0 -6.77309
0 -6.48538
0 -6.00692
7 -5.94882
0 -6.57087
0 -6.71461
0 -6.80286
0 -6.66641
0 -6.47031
0 -6.55857
0 -6.64535
0 -6.72409
0 -6.63059
0 -6.65263
2 -6.16762
0 -6.33425
0 -6.22314
0 -6.6184
0 -6.82278
0 -6.3631
0 -6.52795
0 -6.71664
0 -6.65844
0 -6.70498
0 -6.61735
0 -6.32113
0 -6.6842
0 -6.16799
0 -6.66608
0 -6.60277
2 -6.47172
1 -6.69164
0 -6.43909
0 -6.55869
0 -6.62758
0 -5.25752
0 -5.75376
0 -5.98526
0 -5.15452
0 -5.53376
0 -5.84926
0 -5.65335
0 -5.68497
0 -5.76234
0 -5.74605
1 -5.5546
5 -5.65946
0 -5.37701
0 -5.70522
0 -5.64396
0 -5.51125
0 -5.75836
0 -5.87523
1 -6.17113
0 -5.77709
0 -5.91265
0 -5.74167
0 -5.97244
29 -4.95557
0 -5.06562
0 -5.17166
2 -4.90616
0 -5.05358
0 -4.84834
26 -5.54717
1 -4.9834
1 -5.18155
9 -4.79453
1 -4.68204
2 -5.29352
2 -4.2624
0 -5.29623
1 -4.92388
2 -5.22654
0 -5.18749
4 -5.45129
118 -4.3659
1 -4.80794
4 -5.52028
0 -5.14685
0 -5.36843
3 -4.921
0 -5.6229
0 -5.28655
6 -5.0154
4 -5.29277
2 -5.09843
51 -4.73251
11 -5.08451
0 -5.31851
16 -4.95153
63 -5.49492
0 -5.08815
15 -4.73183
49 -5.00354
7 -5.24757
6 -5.5626
10 -4.76011
5 -4.84989
21 -4.51991
4 -5.10574
1 -5.34278
0 -5.0524
0 -5.31033
18 -5.68411
4 -5.52493
3 -5.13947
0 -5.21106
0 -4.87228
0 -5.48212
4 -4.60392
0 -5.19267
9 -4.88798
10 -5.22423
1 -5.02585
3 -5.26102
0 -5.44302
2 -5.33396
0 -5.26796
0 -5.39823
0 -5.23416
1 -4.92533
0 -5.17368
0 -5.56759
0 -5.16636
0 -4.64185
0 -4.6409
0 -5.39039
0 -5.19685
0 -5.24561
1 -4.9436
0 -5.12088
2 -5.35813
0 -5.20051
0 -5.40204
5 -5.47037
0 -5.22658
0 -5.13766
0 -5.01319
0 -5.34159
0 -5.35247
0 -5.34158
0 -4.86431
0 -5.17372
2 -5.19346
0 -5.68931
0 -5.43616
0 -4.82943
0 -5.30701
0 -5.19688
0 -5.03872
0 -5.475
0 -5.61398
1 -5.29287
0 -5.46689
0 -5.46431
0 -5.19798
0 -5.30977
0 -5.38666
0 -5.16821
0 -5.48528
0 -5.40401
0 -5.61695
0 -5.38724
0 -5.25817
1 -5.09327
0 -5.40252
0 -5.25791
0 -5.52496
0 -4.76687
0 -5.06159
0 -5.30801
0 -5.58228
0 -5.38251
0 -5.39117
0 -5.55233
1 -5.49205
0 -5.53567
10 -5.25068
8 -5.06684
2 -5.38304
1 -5.1466
6 -5.47827
0 -5.1029
4 -5.15079
0 -5.00033
