3 -5.03974
11 -5.21863
0 -5.09036
1 -5.02637
2 -4.80851
0 -4.96791
0 -5.05923
0 -4.68089
1 -4.8936
0 -5.01219
0 -4.8956
0 -5.04568
0 -4.86803
0 -4.93871
0 -4.87713
0 -5.00332
0 -4.95785
1 -5.06869
0 -5.18169
0 -4.88943
0 -4.90985
0 -5.1311
0 -4.86334
0 -5.09345
0 -5.00559
0 -4.70535
1 -4.95052
1 -5.03536
0 -4.96502
0 -5.00939
0 -5.05786
0 -4.94012
0 -5.14937
0 -4.81135
0 -4.9297
0 -4.8052
4 -5.09444
0 -5.10545
7 -5.01585
0 -5.02542
2 -5.19106
1 -5.20222
1 -4.93674
1 -5.16187
0 -4.71927
0 -4.76077
2 -5.16706
0 -5.16149
0 -5.00503
2 -4.89545
4 -4.79399
0 -4.99097
15 -5.40916
16 -4.95248
0 -5.09431
0 -4.68143
0 -4.95301
1 -4.88092
0 -4.98219
0 -4.9058
0 -5.02545
0 -5.13094
0 -4.73442
0 -4.98788
0 -4.93996
1 -5.11806
0 -5.08275
0 -4.99169
0 -4.70191
0 -5.00198
5 -4.84692
1 -4.95634
0 -5.0803
0 -4.78998
12 -4.04872
42 -3.90403
0 -4.98061
2 -4.5219
1 -4.86533
1 -4.89586
9 -4.47643
1 -5.03352
1 -4.20243
1 -4.9175
24 -4.4439
0 -4.96326
3 -4.35009
0 -4.78294
0 -4.91493
0 -5.00619
0 -4.0018
0 -4.84857
0 -4.78751
0 -3.85803
1 -3.96763
0 -4.73981
1 -4.30292
53 -4.28653
0 -5.12632
3 -4.01188
0 -5.09273
0 -4.82603
0 -4.77905
4 -4.47183
11 -4.35233
2 -5.02155
1 -4.79355
0 -4.8002
2 -4.83274
12 -4.27447
0 -4.76403
2 -3.98363
159 -3.58807
1 -4.36375
1 -4.69193
1 -5.26805
0 -3.9795
63 -3.97342
8 -4.13435
51 -4.03211
5 -4.62614
18 -4.13293
32 -4.21356
0 -4.55603
10 -4.62785
5 -4.02773
7 -5.08256
6 -4.41851
17 -4.1409
0 -4.60077
2 -4.94607
0 -4.88747
0 -4.9394
13 -4.27652
0 -4.91605
2 -5.2559
0 -5.3217
0 -4.76352
0 -4.53907
0 -4.8436
0 -4.77228
0 -4.94846
0 -4.91196
1 -4.82359
3 -4.92863
0 -4.83051
0 -4.80625
1 -4.65147
0 -4.7892
0 -4.87665
3 -4.66374
0 -5.04467
0 -4.93122
0 -4.95594
0 -4.91037
0 -4.53152
3 -4.74839
1 -4.70201
0 -4.76395
0 -4.93347
0 -4.61373
6 -4.8463
0 -4.70822
1 -4.85523
11 -4.9333
2 -4.73284
0 -4.43346
2 -4.577
0 -4.77442
8 -4.77057
0 -4.73043
2 -4.53309
2 -5.27506
0 -4.68044
1 -4.89367
0 -4.65548
0 -4.71411
0 -4.86033
0 -4.82757
0 -4.69275
9 -4.61027
1 -4.80035
0 -4.68
3 -4.792
1 -4.83817
0 -4.62481
0 -4.33738
0 -5.08299
0 -5.00048
0 -4.82129
0 -4.78303
1 -4.73318
1 -4.93815
2 -4.86417
1 -4.94718
0 -5.1157
19 -4.62267
0 -4.5955
0 -5.03737
4 -4.69159
0 -4.8682
0 -4.87051
0 -4.74347
11 -4.59648
2 -4.69901
2 -4.67054
0 -4.78035
0 -4.88079
0 -4.76681
0 -5.14446
0 -4.77465
4 -4.98015
2 -4.94954
0 -4.95546
0 -4.83914
0 -4.91036
0 -4.77199
2 -4.94979
0 -4.90108
0 -4.83693
0 -4.775
1 -4.90381
2 -4.71007
1 -4.89109
0 -4.94045
1 -4.96432
0 -5.08704
0 -4.71926
10 -4.81367
0 -4.71078
0 -4.98916
0 -4.75394
0 -4.55989
0 -4.94516
0 -4.5326
0 -4.65526
0 -4.76487
3 -4.81079
0 -4.78557
2 -4.80911
0 -4.84733
2 -4.64722
1 -4.64091
1 -4.92089
3 -4.96388
0 -4.94743
0 -5.01962
0 -4.59215
0 -4.82786
0 -4.92091
0 -4.81425
1 -4.80268
0 -4.79716
0 -4.83938
0 -4.53838
0 -4.76709
0 -4.51086
1 -5.13711
4 -4.82886
0 -4.54494
0 -4.87658
0 -4.67651
0 -4.78343
2 -4.92996
0 -4.49711
1 -4.68942
0 -4.52572
0 -4.77609
0 -4.76858
0 -4.66887
0 -4.81696
0 -4.60905
5 -4.84066
4 -4.66154
0 -4.6346
0 -4.91359
0 -4.85534
0 -4.77604
0 -4.65699
0 -4.61679
0 -4.69221
1 -4.73915
0 -4.79837
1 -4.88222
1 -4.82215
0 -4.86679
0 -4.88254
0 -4.88637
0 -4.59525
0 -4.72554
0 -5.02188
0 -4.63411
0 -4.76313
0 -4.99756
0 -4.80645
1 -4.72547
4 -5.91106
0 -5.51351
0 -5.41203
0 -5.39419
0 -5.65928
0 -6.86403
0 -6.47675
0 -5.47705
0 -5.79165
0 -5.70117
0 -5.59804
0 -7.56942
3 -5.88408
0 -5.41928
0 -5.38714
0 -6.64468
0 -5.38725
0 -6.73251
1 -5.56658
0 -5.46837
0 -5.76898
0 -5.80855
0 -5.44293
0 -5.39215
0 -7.27563
0 -5.39655
0 -5.81818
0 -5.87337
0 -6.68986
0 -5.75122
0 -5.63322
0 -5.74199
0 -5.70989
0 -5.72156
0 -5.49566
0 -5.29113
0 -5.81491
0 -5.27787
0 -5.46419
0 -5.51885
0 -5.44769
0 -5.52272
0 -5.60739
1 -5.93222
0 -5.26626
0 -5.67417
0 -5.86642
0 -5.89019
0 -5.97376
0 -5.7751
0 -6.04397
0 -5.72087
0 -5.68893
0 -5.78171
0 -5.88988
0 -5.62431
0 -5.73965
0 -5.64022
48 -5.33452
0 -5.7335
0 -5.80698
0 -5.83077
0 -5.81277
0 -5.81845
9 -5.67253
0 -5.90342
0 -5.65876
1 -5.88793
0 -5.59053
0 -5.89274
0 -5.63671
0 -5.91863
1 -5.57517
0 -5.74361
1 -5.99929
0 -5.79538
1 -5.94606
0 -5.38144
0 -5.88087
0 -6.03771
0 -5.75568
0 -5.45451
0 -5.84967
0 -5.65027
0 -5.79489
0 -6.14437
0 -5.50721
6 -5.69681
0 -5.74186
0 -6.00716
0 -5.95291
14 -5.68373
0 -5.95375
1 -5.70653
0 -6.0313
0 -5.85411
0 -5.88635
0 -5.9099
2 -6.0468
2 -5.84007
2 -5.82627
1 -5.70379
0 -5.7203
0 -5.66284
0 -5.99568
0 -5.85199
0 -5.54295
0 -5.84649
0 -5.94914
0 -5.83466
0 -5.65323
0 -5.86867
0 -5.7817
0 -5.94411
0 -5.97535
0 -5.59228
0 -6.03748
0 -5.78553
0 -5.36827
0 -5.30705
0 -5.96689
0 -5.73022
0 -5.6609
1 -5.95222
1 -5.66042
0 -5.62514
2 -5.8759
0 -5.92345
0 -5.77048
0 -5.69908
0 -6.04374
0 -6.10237
0 -5.9404
0 -5.53771
1 -5.74858
0 -5.7692
0 -5.94143
0 -5.69636
0 -5.61786
0 -5.6941
2 -5.98381
16 -5.78426
0 -5.69926
2 -5.91217
0 -5.97702
0 -5.67976
0 -5.85961
0 -5.48476
0 -5.63342
0 -5.67197
0 -5.58514
0 -5.44043
0 -5.54056
0 -5.54921
1 -5.52859
0 -5.5701
0 -5.38822
0 -5.30036
0 -5.39958
1 -5.65203
0 -5.43552
1 -5.95961
0 -5.58233
0 -5.48581
1 -5.64168
0 -5.62508
0 -5.55135
0 -5.50819
0 -5.53456
0 -5.75352
0 -5.49075
0 -5.59849
0 -5.51711
3 -5.668
0 -5.6136
1 -5.46738
0 -5.57184
0 -5.55606
0 -5.66309
0 -5.73834
0 -5.59951
0 -5.67247
0 -5.61235
0 -5.52883
0 -5.51075
1 -5.51287
1 -5.36998
0 -5.64313
0 -5.71525
4 -5.32013
0 -5.54716
0 -5.53082
2 -5.57327
4 -5.45033
0 -5.67581
0 -5.48852
0 -5.66496
0 -5.44926
0 -5.50363
0 -5.51213
0 -5.62445
0 -5.68299
0 -5.54799
0 -5.37134
0 -5.43707
0 -5.45801
0 -5.47551
0 -5.3757
1 -5.59453
0 -5.51503
0 -5.58169
0 -5.4622
0 -5.58175
1 -5.55078
0 -5.41374
0 -5.53964
0 -5.44297
0 -5.4226
0 -5.42109
0 -5.61962
0 -5.83386
0 -5.43041
0 -5.44993
0 -5.43469
0 -5.61426
0 -5.55102
0 -5.44989
0 -5.74561
1 -5.52929
0 -5.71108
0 -5.62481
0 -5.53893
0 -5.41322
0 -5.56066
0 -5.77697
0 -5.59464
0 -5.79071
0 -5.96011
0 -5.91767
0 -6.24707
0 -5.84559
0 -6.05435
0 -6.15268
1 -6.17711
1 -6.15911
0 -6.19201
0 -6.17843
0 -5.93138
0 -6.07619
0 -6.08633
0 -6.16294
0 -5.99553
1 -6.12823
1 -6.24199
0 -6.23779
0 -6.2019
0 -5.98627
0 -6.23295
0 -6.22135
0 -6.1161
4 -5.93824
0 -6.18959
0 -5.87539
0 -5.87204
0 -6.24919
2 -5.91659
0 -6.33423
0 -6.24093
1 -6.20165
1 -6.11712
0 -6.14462
0 -6.07659
0 -6.02394
0 -6.15806
0 -6.12894
0 -6.10063
0 -6.1453
0 -6.19059
0 -6.07658
0 -6.09001
0 -5.91635
0 -6.30396
0 -6.44239
0 -6.14392
1 -6.07486
0 -6.13711
0 -6.07541
0 -5.88301
11 -5.9901
0 -6.15061
0 -5.92635
0 -6.4791
0 -5.94244
9 -6.21816
0 -5.75602
0 -5.925
0 -6.41784
0 -6.12854
0 -5.95959
1 -6.03275
0 -5.99811
0 -6.03223
0 -6.23259
0 -6.17464
0 -5.92159
0 -5.9639
0 -5.88091
1 -6.26504
0 -6.39321
0 -6.01367
0 -6.48746
0 -6.34375
0 -6.08277
3 -6.10954
1 -6.02595
0 -6.06363
0 -5.85662
0 -6.12816
0 -6.04305
0 -6.09416
0 -6.37496
1 -6.04007
1 -6.1094
0 -5.85065
0 -5.95652
0 -5.89412
0 -5.83986
0 -6.18244
0 -6.0048
0 -5.80613
0 -6.16366
0 -6.47898
0 -6.32048
1 -6.19247
0 -6.50819
0 -6.11159
0 -5.45206
0 -5.44926
0 -5.6114
0 -5.97013
0 -5.7637
0 -5.42127
0 -5.70409
0 -5.60318
0 -5.54381
0 -5.50891
0 -5.5289
0 -4.12887
1 -5.81505
0 -5.81099
0 -5.87703
0 -5.55051
0 -5.81201
0 -5.49284
1 -5.39962
0 -5.8066
0 -5.65608
0 -5.66147
0 -5.65647
0 -5.51524
0 -5.52675
0 -5.02356
0 -5.85248
2 -4.61545
0 -5.31996
0 -5.59609
0 -5.76728
0 -5.06426
0 -5.96069
0 -5.73433
0 -5.82295
0 -5.91484
0 -5.5762
0 -5.80426
0 -5.62151
0 -5.67504
0 -8.01288
0 -4.56963
0 -5.71723
0 -5.59859
0 -5.9634
2 -5.61641
0 -5.69489
0 -5.97154
0 -5.65463
0 -5.55131
0 -4.24888
1 -5.62228
0 -5.89339
0 -5.45368
0 -5.30085
0 -5.40553
0 -5.76274
0 -5.5664
0 -5.89337
0 -5.89059
0 -5.61333
0 -6.02634
0 -5.63551
0 -5.56751
0 -5.66402
0 -5.81523
0 -5.48928
1 -3.45672
0 -6.06612
0 -5.69648
0 -5.96575
0 -5.8017
0 -4.61096
0 -6.07362
0 -5.86156
0 -5.69901
0 -5.54244
0 -5.68635
0 -5.81615
0 -5.68206
0 -5.85712
0 -5.95833
0 -4.48076
0 -5.9271
0 -5.8016
0 -5.93851
0 -5.56299
0 -5.51688
1 -5.75667
0 -4.64918
0 -6.02419
0 -5.6272
0 -5.63656
0 -5.81998
0 -5.87403
0 -5.50343
0 -4.58492
0 -5.73175
0 -5.39688
0 -5.86804
0 -5.7485
0 -5.51048
0 -5.39385
1 -5.24109
0 -5.1585
0 -4.98313
0 -5.39688
0 -5.16537
0 -5.0654
0 -4.99254
0 -4.77648
0 -5.45311
0 -5.25667
2 -5.51229
0 -5.33292
0 -5.49099
0 -4.93725
0 -5.1353
0 -5.42735
0 -5.05561
0 -4.97563
0 -4.90189
0 -5.50965
0 -5.07249
0 -5.29306
0 -5.16182
0 -4.98961
0 -5.01833
0 -5.30981
0 -4.85687
0 -4.89714
0 -4.63241
0 -4.92461
0 -5.32467
0 -5.07763
0 -4.92418
0 -5.11607
2 -5.28494
0 -5.17644
0 -4.86812
0 -5.47448
0 -4.79404
0 -5.24419
0 -5.33866
0 -5.30042
0 -5.01161
0 -5.10123
0 -5.18549
0 -5.47726
0 -5.16969
0 -5.36668
0 -4.73029
0 -5.33797
0 -5.04025
0 -5.23791
1 -5.27178
0 -4.95527
0 -5.09541
0 -5.09942
3 -5.32527
0 -5.40514
0 -5.15438
0 -5.45338
0 -4.80619
1 -5.05378
0 -5.19639
1 -5.33532
0 -5.16385
0 -5.0135
0 -4.78864
0 -4.76942
0 -5.01193
0 -5.35408
0 -5.03437
0 -5.04722
0 -4.94026
0 -5.12811
0 -4.83181
0 -5.12658
0 -5.4216
0 -4.85426
0 -5.33985
0 -5.04385
0 -4.86446
0 -5.32157
0 -5.26709
0 -4.86897
0 -5.40807
0 -4.87597
0 -4.84359
0 -5.28589
0 -4.97135
0 -5.03569
1 -5.34309
0 -5.02915
0 -5.11834
0 -5.53216
0 -5.21505
0 -4.89525
0 -5.29594
0 -4.92246
0 -4.87644
0 -5.13931
0 -5.2769
0 -5.2407
0 -5.03616
0 -5.08019
0 -5.02587
1 -5.43949
0 -5.41869
0 -5.24792
0 -5.46624
0 -5.07264
0 -4.83669
0 -4.9806
0 -5.24243
0 -5.17325
0 -5.12184
0 -5.33628
0 -4.97245
1 -5.10904
1 -4.95223
0 -4.92775
0 -5.49151
1 -4.69271
0 -4.79111
0 -4.97741
0 -4.64544
1 -4.67412
0 -4.88732
0 -4.82234
1 -5.08095
3 -4.92229
1 -4.91192
2 -4.86169
0 -4.81494
0 -4.76524
0 -4.7351
0 -4.72072
0 -4.8487
9 -4.92877
0 -4.4914
0 -4.79184
2 -4.64892
1 -4.6207
0 -4.83204
1 -4.63899
0 -4.66575
0 -4.87248
4 -4.37651
0 -4.72259
3 -5.21325
2 -4.57452
0 -4.92692
0 -4.78086
0 -4.99902
0 -4.68579
0 -4.81049
0 -4.81047
1 -4.21629
1 -4.81602
2 -4.319
0 -4.63267
0 -4.86295
1 -4.82975
0 -4.70533
0 -4.90471
0 -4.38126
2 -4.55018
0 -4.65301
0 -4.94053
0 -4.75813
1 -4.75882
0 -4.60096
2 -4.64364
6 -4.97856
0 -4.76713
0 -4.60724
0 -4.56452
0 -4.75715
0 -4.71962
0 -5.01728
0 -4.74053
0 -4.95007
2 -4.84441
0 -4.78726
0 -4.7934
0 -4.8787
0 -5.62315
21 -5.39402
23 -5.25628
1 -5.42297
1 -5.27247
2 -5.4296
2 -5.31835
4 -5.54177
1 -5.15832
7 -5.71035
0 -5.39254
14 -5.39816
12 -5.41959
0 -5.0941
49 -5.39185
23 -5.38127
1 -5.25126
0 -5.37482
0 -5.03237
1 -5.38541
0 -5.66215
1 -5.26688
0 -5.05787
16 -5.02111
1 -5.46666
1 -6.11594
0 -5.42967
0 -5.58516
10 -5.41794
0 -5.83493
1 -5.47225
0 -5.76463
13 -5.6837
2 -5.70473
0 -5.91781
3 -5.16063
1 -5.53392
0 -6.18281
0 -6.32194
0 -5.73146
0 -6.31268
0 -6.09461
0 -6.2325
0 -6.35392
0 -6.025
1 -6.31664
0 -5.86257
0 -5.5938
0 -5.85194
0 -6.00958
0 -5.80187
0 -6.09186
0 -6.25519
0 -6.5459
0 -6.18949
0 -6.29982
0 -6.19161
0 -6.4115
0 -6.65989
1 -6.13681
0 -6.22839
2 -6.24387
1 -6.24896
0 -6.35322
0 -6.11578
0 -6.22503
1 -5.97194
0 -6.30927
0 -5.95248
1 -6.08112
0 -6.14481
0 -6.16174
0 -6.46157
0 -6.32162
1 -6.10195
4 -5.92918
0 -6.23316
3 -6.12779
0 -6.21382
0 -5.8758
1 -6.19067
0 -5.88025
0 -6.17384
1 -6.30596
0 -6.29052
0 -6.51056
9 -6.33159
0 -5.75078
0 -6.43209
0 -5.88282
0 -6.30102
0 -6.45724
0 -6.32611
0 -6.21904
1 -6.17803
0 -6.26933
0 -6.35555
0 -5.8892
0 -5.99742
12 -6.26289
0 -5.65186
0 -6.27519
0 -6.31387
0 -6.21631
0 -6.18813
1 -6.2534
0 -6.16813
0 -6.22686
0 -6.29379
1 -6.17561
1 -6.31883
0 -5.77578
0 -6.01734
0 -6.37546
0 -6.22454
1 -6.17054
0 -5.68558
5 -6.34932
10 -6.04227
0 -6.05238
1 -6.8479
0 -6.81531
0 -6.93829
0 -7.13456
0 -6.82585
0 -6.65707
0 -6.35099
0 -6.49758
0 -7.07767
0 -6.66835
0 -6.94224
0 -6.37969
0 -7.13029
0 -6.9593
0 -7.06486
0 -7.02568
0 -6.30768
0 -6.95528
5 -6.66382
0 -6.41813
0 -6.76899
0 -6.20915
0 -6.39562
0 -6.20939
0 -6.59542
0 -6.77776
3 -6.70546
0 -6.4677
0 -6.97499
0 -7.06928
0 -7.18397
0 -6.30932
0 -6.87862
0 -6.41415
0 -7.27059
0 -7.3393
0 -6.49037
0 -6.99285
0 -7.28097
0 -6.46674
0 -6.36003
0 -6.42167
0 -6.58425
0 -7.24811
0 -7.2337
0 -6.23581
0 -6.56077
0 -6.81726
0 -6.82381
0 -6.30622
0 -6.33398
0 -6.52117
0 -6.09975
0 -7.02566
1 -6.57025
0 -6.83584
0 -7.29489
0 -6.77957
0 -6.41634
0 -7.11539
0 -6.6804
1 -6.55673
0 -7.15297
0 -6.49576
0 -6.38758
0 -6.47702
0 -6.41955
0 -7.2768
0 -7.23067
0 -6.637
0 -6.80957
0 -6.46419
0 -6.70435
0 -6.3115
0 -6.81936
0 -6.56901
0 -6.70277
0 -6.72441
0 -6.67987
0 -6.87938
0 -6.32434
1 -6.84127
0 -6.14856
0 -6.91269
0 -6.49603
0 -6.68243
0 -6.43216
2 -4.77853
0 -5.16888
0 -4.79184
0 -4.82566
0 -4.84958
0 -4.89299
0 -5.01999
0 -4.99432
0 -5.39794
0 -4.6759
1 -4.85225
1 -4.81822
0 -4.94688
0 -4.71786
0 -4.79369
0 -4.98519
1 -5.23835
4 -4.8225
1 -4.80301
0 -4.77751
0 -4.31929
0 -5.08117
1 -4.98465
1 -4.84681
5 -4.93687
0 -4.6974
0 -4.78203
0 -4.66581
1 -5.01448
2 -5.00436
0 -4.86257
0 -4.64164
0 -4.72034
1 -4.8565
0 -4.79073
1 -5.13918
1 -4.96284
5 -4.89646
2 -4.85607
0 -4.8081
0 -4.64949
0 -4.90689
2 -4.75752
0 -5.06969
1 -5.14405
0 -4.95189
0 -5.01795
0 -4.99888
0 -4.85013
1 -4.94356
0 -4.94517
0 -4.73767
2 -4.95913
1 -4.99616
0 -4.97677
1 -4.79405
0 -4.74868
0 -5.03622
0 -4.95622
0 -4.72435
5 -5.15422
0 -4.97619
0 -4.59451
0 -5.005
0 -5.08519
0 -4.72413
1 -4.73446
0 -4.79148
0 -5.14984
1 -4.65428
0 -4.98324
0 -4.81596
0 -5.06581
0 -4.69187
0 -4.88994
0 -4.78247
0 -4.83608
0 -4.93293
0 -4.56875
0 -4.7436
0 -5.06868
0 -4.76345
0 -5.42492
0 -5.60549
0 -5.69272
0 -5.37335
0 -5.13952
0 -5.23034
0 -5.27341
0 -5.18531
0 -5.19981
2 -5.35611
0 -5.5246
1 -5.12416
0 -5.48153
4 -5.41444
0 -5.23133
0 -5.31831
0 -5.42225
0 -5.23656
0 -5.42306
0 -5.10786
0 -5.3712
1 -5.38327
0 -5.50111
0 -5.62253
1 -5.53093
7 -5.47008
0 -5.38687
0 -5.3496
0 -5.11408
0 -5.01645
0 -5.44952
0 -5.55491
0 -5.14019
0 -5.1296
0 -4.96418
1 -5.50244
0 -5.38548
0 -5.55883
0 -5.19188
0 -5.48946
0 -5.56946
0 -5.27999
0 -5.02853
0 -5.56389
0 -5.34738
0 -5.17596
0 -5.07573
4 -5.29711
0 -5.13871
2 -5.49704
0 -5.34177
0 -5.47262
0 -5.06393
1 -5.37674
0 -5.12239
0 -5.50566
1 -5.45431
0 -5.41777
0 -5.50321
0 -5.09405
1 -5.37622
0 -5.27773
1 -5.17463
0 -5.56439
0 -5.53119
0 -5.27416
0 -4.91359
0 -5.3528
0 -5.38736
0 -5.32662
0 -5.22058
0 -4.93713
0 -5.20152
0 -5.65906
0 -5.22481
1 -5.43957
0 -5.16851
0 -4.95685
0 -5.40361
0 -5.28321
0 -5.24961
0 -5.43015
0 -5.52475
0 -5.05605
1 -5.34208
0 -5.43013
0 -5.52875
0 -5.27529
0 -5.55976
0 -5.30685
0 -5.13301
4 -5.60775
0 -5.1223
0 -5.38715
0 -5.40211
6 -5.39238
0 -5.33214
0 -5.46643
0 -5.55488
0 -5.07336
0 -5.22366
0 -5.36523
0 -5.12071
0 -5.26991
0 -5.30284
0 -5.38679
0 -5.05291
0 -5.17556
0 -5.35843
0 -5.33076
0 -5.22106
0 -5.00909
0 -5.57291
0 -4.8841
1 -5.0494
1 -5.63291
0 -5.54518
0 -5.77811
0 -5.82165
0 -5.70971
0 -5.97384
1 -5.88506
0 -5.97214
0 -6.20057
0 -6.25228
0 -6.30266
1 -5.40326
0 -6.14321
0 -5.93673
0 -5.61518
0 -5.89928
0 -6.13176
0 -5.44679
0 -5.81103
0 -5.5119
0 -6.34882
0 -5.85442
0 -5.63631
0 -5.5633
0 -5.79294
0 -6.24329
0 -5.68111
0 -6.22645
0 -5.58231
0 -5.54765
0 -5.72978
0 -5.81798
0 -5.93673
0 -5.63209
0 -6.00668
0 -6.26315
0 -5.95176
0 -6.01365
0 -5.7073
0 -6.21297
0 -5.45695
0 -6.38391
0 -6.2097
0 -5.90254
0 -5.59813
0 -6.77585
1 -5.68945
0 -6.03972
0 -5.66224
0 -5.84348
0 -6.35661
0 -5.97835
0 -6.52854
0 -5.60911
0 -6.29318
0 -6.16755
0 -5.9746
1 -5.87991
0 -5.75495
0 -5.81276
0 -5.81642
0 -5.92887
0 -5.82023
0 -5.9554
0 -5.7814
1 -6.03112
0 -5.98627
0 -5.8507
0 -6.29551
0 -6.01296
0 -5.92787
0 -5.87292
0 -5.83578
0 -6.34533
0 -5.7945
0 -6.0263
0 -5.88519
0 -5.75591
0 -5.83161
2 -5.56147
0 -5.81949
0 -5.9859
0 -6.03383
0 -6.00621
0 -6.25987
0 -5.88847
0 -5.91136
0 -6.42332
0 -6.06636
0 -6.04715
0 -6.13932
0 -5.93364
0 -5.78064
0 -5.95426
0 -5.97462
0 -6.21892
0 -5.88614
0 -5.81258
0 -5.83381
0 -5.95053
0 -5.9121
0 -5.98956
0 -5.92412
0 -5.69572
0 -5.85644
2 -6.10873
0 -6.43581
0 -6.12472
0 -5.99125
0 -5.88537
0 -5.84357
0 -5.78663
0 -6.02836
0 -5.99527
0 -6.04982
0 -5.9704
0 -5.86221
0 -5.90255
0 -5.94546
0 -5.95221
0 -5.85368
0 -5.66562
0 -6.60073
0 -5.91579
0 -5.78261
0 -5.90053
0 -6.08705
0 -6.1185
0 -5.74142
0 -5.86449
0 -5.82219
0 -5.89329
0 -5.93435
0 -6.05038
0 -5.88085
0 -5.79514
0 -5.62597
0 -5.92389
0 -6.02683
0 -6.03917
0 -6.4604
0 -5.825
0 -6.06922
30 -5.27431
1 -5.69007
1 -5.784
0 -5.52237
0 -5.61837
1 -5.57201
0 -5.50344
0 -5.11578
0 -5.89792
0 -5.56275
0 -5.74591
0 -5.69032
0 -5.66944
7 -5.65756
0 -5.60356
8 -5.47061
0 -6.02067
1 -6.18611
0 -6.03043
0 -6.1292
0 -6.04418
1 -5.8369
0 -5.88157
1 -5.93939
0 -5.83988
0 -5.8244
0 -4.96007
11 -5.52272
2 -5.55827
2 -5.20713
0 -5.18908
0 -5.05295
3 -5.7309
0 -5.36511
3 -4.67856
6 -6.48254
4 -5.86127
10 -5.45799
12 -5.62587
7 -5.81786
4 -5.55288
7 -5.38707
0 -5.20266
5 -6.04751
1 -6.12305
4 -5.56652
1 -5.94074
7 -5.0332
0 -5.06539
0 -4.98197
0 -4.9854
0 -4.96777
0 -5.31585
0 -5.10423
2 -4.50317
0 -4.90307
0 -4.5249
0 -4.40562
0 -5.09535
0 -4.49708
2 -5.04468
0 -4.94278
0 -5.18621
0 -4.50458
0 -4.90291
0 -4.33933
0 -4.74268
0 -5.04999
2 -4.51852
0 -5.16184
1 -5.18134
0 -5.2861
1 -4.40025
5 -4.80073
0 -4.90947
0 -4.71372
0 -4.6338
0 -4.79275
0 -5.19471
0 -5.04983
2 -5.71792
0 -5.49101
7 -4.24482
2 -5.91178
1 -5.75744
0 -5.71311
0 -5.49383
0 -5.737
0 -5.47898
0 -5.67944
0 -5.79965
0 -5.65496
0 -5.62667
1 -5.92017
2 -5.64314
0 -5.96371
0 -5.69866
0 -5.75887
0 -5.8342
0 -5.40311
0 -5.74705
0 -5.72846
0 -5.8188
24 -4.33265
0 -5.66713
0 -5.93414
0 -5.74475
5 -5.95657
0 -5.79126
33 -5.19862
20 -4.47962
0 -5.76287
0 -5.86367
5 -5.60905
0 -5.92369
4 -5.67531
0 -5.80795
0 -5.53928
0 -5.82643
1 -5.91833
24 -4.24056
0 -5.97168
3 -5.04047
2 -5.57334
0 -5.82021
1 -5.98771
1 -5.89092
0 -5.53812
0 -5.69567
0 -5.85199
4 -5.62923
18 -5.5472
2 -5.57095
0 -5.84122
0 -5.61697
3 -5.65514
0 -6.24554
0 -5.91816
2 -5.93035
9 -5.53254
0 -5.67815
0 -5.78032
1 -4.93645
0 -5.11991
0 -4.80128
1 -4.89739
0 -4.86631
0 -4.87021
0 -4.60412
0 -5.04594
0 -4.79777
2 -4.97141
1 -5.05667
3 -4.93136
0 -5.20479
0 -5.08759
0 -4.94675
1 -4.91445
0 -5.00482
1 -5.09875
7 -5.0964
0 -4.73884
0 -5.24607
0 -4.75804
3 -5.03302
0 -4.7278
0 -4.83996
2 -5.07534
0 -4.67165
0 -5.03288
0 -5.20915
0 -5.3558
0 -4.82853
3 -5.07949
1 -4.53129
2 -5.11013
0 -4.99179
3 -5.05178
0 -5.14217
0 -4.58597
0 -5.00675
0 -4.55027
5 -5.01369
1 -4.78768
2 -5.06565
0 -4.86402
1 -4.92392
3 -4.92872
0 -4.73556
0 -4.79646
2 -5.52599
1 -4.66358
2 -4.99549
0 -4.80453
8 -4.75316
0 -4.92202
0 -5.09631
0 -4.95979
0 -4.69832
0 -4.87561
0 -4.63574
9 -5.0874
0 -4.97256
2 -4.8601
1 -4.94717
2 -4.84967
1 -4.8012
0 -5.1642
2 -4.95727
2 -4.92608
0 -4.52926
0 -4.84283
0 -4.90314
0 -4.98328
0 -5.13583
3 -4.7007
0 -4.96981
1 -5.03308
1 -4.87144
0 -4.54189
1 -5.06877
1 -5.31119
1 -5.05611
0 -4.82474
0 -4.77153
0 -5.08911
0 -5.11122
0 -5.09
0 -4.66271
1 -4.82644
0 -4.65918
3 -5.07869
0 -4.90376
16 -5.21406
0 -4.87237
0 -4.64679
0 -4.92716
1 -5.017
1 -5.04329
1 -4.71933
0 -5.25306
0 -4.80728
0 -6.24432
0 -6.95658
0 -6.39732
0 -6.87133
0 -6.26656
0 -6.74038
0 -6.72039
0 -6.98489
0 -7.03457
0 -6.71901
0 -6.92121
0 -6.41249
0 -6.78982
0 -6.4586
0 -6.7889
0 -6.35882
0 -7.10675
0 -6.32981
0 -6.39711
0 -6.59082
0 -6.86403
0 -6.58199
0 -6.84888
0 -6.45033
0 -6.38462
0 -6.60963
0 -6.60452
0 -6.64204
0 -6.4648
0 -6.88203
0 -7.10591
0 -6.89548
0 -6.94107
0 -6.79849
0 -6.73361
0 -6.83871
0 -6.30853
0 -6.82695
0 -6.5006
0 -5.70783
0 -6.53903
0 -6.72468
0 -6.88422
0 -6.90733
0 -6.80006
0 -6.65999
1 -6.85663
0 -5.50215
0 -5.73156
0 -5.82141
0 -5.67068
0 -5.64838
0 -5.71673
0 -5.63403
0 -5.66189
2 -5.63272
0 -5.71152
0 -5.6186
0 -5.64157
1 -5.54845
0 -5.55467
0 -5.81649
0 -5.81363
0 -5.77428
2 -5.59812
0 -5.59184
0 -6.08708
1 -5.80725
0 -5.84388
1 -5.80713
1 -5.5768
2 -5.63862
1 -5.89816
0 -5.64665
0 -5.9141
1 -5.65059
0 -5.71096
4 -5.62155
1 -5.88742
0 -5.66968
0 -5.6177
0 -5.83188
0 -5.43696
0 -5.75225
0 -5.7752
0 -5.84265
0 -5.65747
0 -5.65506
0 -5.90495
0 -5.70719
0 -5.55054
4 -5.83459
2 -5.60929
0 -5.81817
1 -5.82342
0 -5.70921
2 -5.7898
2 -5.76537
1 -5.9346
0 -5.63208
0 -5.68135
0 -5.57641
0 -5.61953
1 -5.64004
0 -5.79158
0 -5.75481
0 -5.80744
0 -5.6748
0 -5.74417
0 -5.87119
0 -5.69655
0 -5.7054
0 -5.45989
0 -5.87807
0 -5.58013
0 -5.83114
2 -5.79182
0 -5.64816
0 -5.8444
0 -5.59013
0 -5.88215
0 -5.63901
1 -5.82823
0 -5.78531
3 -5.78045
0 -5.79254
0 -5.73955
0 -5.80671
0 -5.58009
3 -5.65241
0 -5.79175
0 -5.82912
0 -5.87789
1 -5.95086
0 -5.85914
1 -5.3605
0 -6.044
0 -5.55652
0 -5.80054
1 -5.71811
0 -4.87002
0 -5.5597
0 -5.48857
0 -5.51464
1 -5.64637
0 -5.5549
0 -5.45614
0 -5.35709
0 -5.47542
4 -5.63029
0 -5.42557
1 -5.02487
3 -5.64181
0 -5.56993
0 -6.00009
0 -5.71731
0 -5.66266
0 -5.53559
0 -5.74564
0 -5.84743
0 -5.71017
1 -5.44667
0 -5.16561
0 -5.60938
0 -6.04284
0 -5.58184
1 -5.20467
0 -5.77466
0 -5.51019
0 -5.49972
0 -5.56668
0 -5.28336
0 -5.55915
0 -5.09176
0 -5.60199
0 -5.66302
0 -5.50627
0 -5.29885
0 -5.39434
0 -5.62463
1 -5.64493
0 -5.33405
2 -5.59583
0 -5.38023
0 -4.83524
0 -5.58734
0 -5.7344
0 -5.41502
0 -5.71125
0 -5.54538
0 -5.62732
0 -5.64918
0 -5.8772
0 -5.47309
21 -5.48591
0 -4.76737
0 -5.64495
0 -5.74105
0 -5.63121
0 -5.59451
2 -5.58494
0 -5.29481
0 -5.48646
0 -5.53548
1 -5.57642
0 -5.24378
0 -5.87664
17 -5.30503
0 -5.92809
0 -5.4271
0 -5.76309
0 -5.48829
0 -5.5032
0 -5.35068
9 -5.55695
0 -5.71809
0 -5.85959
0 -5.56777
3 -5.23117
0 -5.87194
1 -5.81506
0 -5.16516
3 -5.1209
2 -5.07289
0 -4.2692
1 -5.50004
0 -5.10842
0 -5.98612
3 -5.52874
8 -5.36336
0 -5.15812
0 -5.79814
0 -5.56014
0 -5.88169
0 -5.06357
0 -5.87621
0 -5.57274
0 -6.11123
0 -5.5977
0 -5.67697
0 -5.08956
0 -5.74957
0 -5.61635
0 -5.45918
0 -5.6549
0 -5.62634
4 -5.38779
0 -5.41594
1 -5.24592
1 -5.40133
2 -5.32839
0 -5.82967
5 -5.45274
0 -5.49186
0 -5.95337
1 -4.85555
0 -5.71859
0 -5.68379
0 -5.48758
0 -5.83465
3 -5.49333
0 -5.75706
1 -5.46163
1 -5.32573
6 -5.6213
0 -5.60597
1 -5.63853
0 -5.41257
2 -5.19483
0 -5.40713
0 -5.62742
2 -5.57835
0 -6.00876
0 -5.43806
0 -5.56685
0 -5.58765
1 -5.39739
3 -5.4161
0 -5.602
0 -5.43877
0 -5.48312
0 -5.58517
0 -5.62132
0 -5.52515
2 -5.48549
4 -5.37398
0 -5.65623
4 -5.6184
0 -5.36888
0 -5.49794
0 -5.48935
0 -5.4671
0 -5.59429
0 -5.3973
0 -5.3516
0 -5.55457
0 -5.5015
0 -5.63961
1 -5.24671
1 -5.6701
0 -5.38219
2 -5.47554
1 -5.50428
0 -5.63476
0 -5.65362
0 -5.61988
0 -5.44741
0 -5.54733
6 -5.46902
0 -5.61498
0 -5.63244
0 -5.56773
0 -5.59548
5 -4.9603
0 -5.91835
0 -5.53844
1 -5.48583
0 -5.5633
1 -5.29816
0 -5.38359
0 -5.62581
0 -5.60393
0 -5.58701
0 -5.55617
0 -5.74487
0 -5.66386
0 -5.674
2 -5.50276
0 -5.55815
1 -5.39588
1 -5.37695
2 -5.5263
0 -5.39324
4 -5.51281
1 -5.53159
1 -5.18851
4 -5.25764
0 -4.7035
1 -5.1659
0 -4.90412
0 -5.11286
3 -4.77216
4 -5.12597
1 -5.08457
11 -4.84601
0 -5.19242
0 -5.29722
3 -4.95309
0 -4.97738
2 -4.79689
0 -5.09032
0 -4.97066
2 -5.15774
1 -5.23014
0 -5.17931
12 -5.12585
0 -4.88912
12 -5.16028
4 -5.25152
5 -4.93302
5 -5.05705
0 -4.87564
4 -5.25405
0 -5.19263
1 -5.20121
0 -5.00619
15 -5.28408
0 -5.18089
1 -4.91769
1 -4.93559
0 -5.19732
0 -5.16843
4 -5.07983
0 -5.03397
12 -5.285
0 -5.04017
8 -5.19305
0 -5.2214
1 -5.31439
0 -4.85795
5 -5.28185
0 -6.15713
0 -6.47779
0 -5.58186
0 -5.94361
0 -6.32032
0 -6.78482
0 -6.05225
0 -5.37074
0 -6.12202
0 -6.4288
0 -5.666
0 -6.3924
0 -6.09254
0 -6.54526
0 -5.7113
0 -5.83504
0 -6.23431
0 -6.43837
0 -6.39183
0 -5.69843
0 -6.00394
0 -6.60733
0 -6.2271
0 -6.55568
0 -6.5661
0 -5.8181
0 -6.11084
1 -6.33308
0 -6.3493
0 -6.23604
0 -6.15515
0 -6.49891
0 -6.04876
0 -6.39456
0 -5.53326
0 -6.12673
0 -6.05934
0 -6.2944
0 -6.2731
0 -5.51479
0 -6.40883
0 -5.89577
0 -6.18482
0 -6.46791
0 -6.50678
0 -6.32868
0 -5.46363
0 -6.26194
0 -6.28027
0 -6.33655
2 -5.96757
0 -6.1933
0 -6.39281
0 -6.40465
0 -6.2466
0 -5.00656
0 -6.67097
0 -6.33686
0 -6.41452
0 -5.01047
0 -5.83164
0 -6.20802
0 -6.23954
0 -6.39955
0 -6.12577
0 -5.28044
0 -5.0447
2 -4.89731
0 -4.79408
0 -4.84551
1 -4.92976
1 -4.95593
0 -4.87286
0 -4.85657
0 -4.939
0 -4.93523
0 -5.13437
0 -5.04506
0 -4.92249
0 -4.89115
0 -4.82438
2 -4.855
0 -4.72417
0 -4.91347
5 -5.04068
1 -5.2187
0 -4.86722
0 -5.00519
0 -4.90048
0 -4.90657
1 -4.72748
1 -4.89057
0 -4.93525
2 -4.90541
0 -5.02812
3 -5.07743
0 -4.545
1 -5.0528
1 -4.92396
0 -4.83005
0 -4.87029
0 -5.14107
0 -5.09764
0 -4.73914
0 -5.02996
0 -4.92684
0 -4.92192
0 -4.80729
0 -4.91876
0 -4.92628
0 -5.02906
0 -4.58791
2 -5.16902
0 -4.70147
0 -4.76456
1 -4.85796
0 -4.93233
0 -4.90275
1 -5.0454
0 -5.03584
0 -4.954
0 -4.81501
6 -5.02738
0 -4.68631
0 -5.00325
0 -5.0783
0 -4.93208
0 -4.92106
0 -5.06949
0 -4.9728
0 -5.03644
0 -5.01409
0 -4.83333
0 -4.90354
0 -4.92103
0 -4.7306
0 -4.90959
0 -4.89555
0 -5.06775
0 -5.09855
5 -5.10351
0 -4.8922
0 -4.73851
1 -4.88934
17 -4.92015
0 -5.00863
0 -4.83091
0 -4.99377
1 -5.18305
0 -5.03953
0 -4.97448
0 -4.91328
0 -4.89602
0 -4.7746
1 -4.76317
1 -5.04899
0 -4.95669
0 -4.98836
0 -4.75575
1 -5.1379
0 -5.18249
1 -4.88407
0 -4.84316
12 -4.81195
1 -4.52481
0 -5.45715
0 -5.62151
0 -4.40156
1 -5.10946
0 -5.07864
2 -4.84691
1 -5.05307
0 -5.34982
2 -4.40714
23 -5.09937
55 -4.43601
0 -4.87457
0 -5.26106
0 -5.29673
1 -5.15232
15 -4.76977
4 -4.92912
0 -4.61591
0 -5.19695
0 -4.01135
0 -5.03744
0 -5.08449
4 -4.92667
1 -4.77865
2 -4.32749
0 -5.1598
25 -4.14336
0 -4.78733
0 -5.64369
0 -5.05249
0 -5.04925
3 -4.88058
1 -4.73965
0 -5.31996
0 -5.51832
0 -4.82711
0 -5.07657
0 -4.93592
48 -5.09956
0 -5.25776
0 -4.97896
5 -4.86323
0 -4.85891
0 -4.70041
4 -5.18807
0 -5.08451
0 -5.11642
0 -4.92903
0 -4.55015
0 -4.44463
0 -3.68546
0 -5.35599
92 -4.61664
0 -4.76239
0 -4.97606
0 -5.06996
37 -5.08563
0 -4.77125
0 -4.93553
1 -3.97151
0 -5.46508
2 -4.10068
1 -5.02659
11 -4.79488
1 -4.23083
7 -5.00187
4 -3.96678
0 -5.041
0 -4.85976
0 -5.11248
1 -5.04588
0 -4.9831
0 -4.7291
0 -5.25638
39 -4.77041
0 -4.93906
0 -4.9535
0 -4.088
0 -4.91763
19 -4.75179
0 -4.75546
1 -4.85324
0 -4.99108
0 -4.70465
1 -4.63991
1 -5.68488
1 -5.21398
3 -4.99601
0 -5.07301
0 -4.83984
0 -4.83086
0 -5.03118
0 -5.19227
0 -5.8783
0 -5.41531
6 -5.09984
144 -4.67222
0 -4.90536
0 -5.64382
0 -5.09207
5 -4.75328
0 -5.65491
0 -4.95701
36 -4.1739
1 -4.94825
0 -5.01469
1 -5.23096
0 -4.95354
0 -5.1474
1 -4.7966
0 -3.79924
4 -5.02004
0 -5.6105
0 -4.90558
0 -5.27034
1 -4.73066
1 -4.87705
0 -4.39981
9 -4.80532
0 -4.33862
1 -4.19068
2 -5.05321
1 -5.09067
0 -4.5324
6 -5.04162
1 -4.86247
0 -4.33969
0 -5.22306
5 -4.84918
1 -5.01978
0 -5.41147
0 -4.20967
2 -4.13028
0 -5.04648
0 -5.16239
0 -4.99584
1 -4.95654
0 -4.22828
0 -5.02674
2 -5.12873
1 -5.10807
1 -4.94862
2 -4.90524
0 -5.60491
0 -4.7206
1 -5.0144
2 -5.03369
0 -4.73787
0 -4.71524
9 -4.84393
0 -4.94942
0 -5.04773
0 -4.9849
0 -4.74522
0 -4.79775
0 -4.58382
4 -3.79521
1 -4.50357
0 -4.61578
6 -4.96625
1 -5.05261
0 -5.03273
0 -4.87995
1 -5.28751
23 -5.11307
0 -5.19879
0 -5.0281
0 -5.15227
0 -4.71794
1 -4.82501
0 -4.78432
0 -4.81165
58 -4.27839
0 -5.42905
0 -5.57585
3 -5.04591
0 -5.11627
1 -4.93561
1 -5.23013
2 -4.98611
2 -4.37536
1 -4.95782
2 -5.30641
0 -4.01889
1 -4.96394
3 -5.71736
0 -4.68368
0 -4.53897
0 -5.12231
0 -4.20068
1 -4.49806
0 -5.83116
1 -5.01239
3 -5.17657
0 -4.8549
1 -4.80793
0 -4.8904
0 -4.74743
0 -4.98012
16 -4.46178
0 -4.76735
0 -4.688
0 -4.95133
0 -5.31546
0 -4.82576
0 -5.38395
8 -4.93709
0 -5.32057
0 -3.78925
0 -5.09403
0 -4.88078
0 -5.30726
3 -4.55627
0 -5.15918
51 -4.87237
5 -5.08549
0 -4.36033
0 -4.86949
0 -5.36461
1 -4.65593
2 -4.90534
45 -4.77284
0 -5.03729
0 -4.89667
1 -4.98099
0 -4.58878
1 -4.22255
1 -4.2364
0 -5.00129
3 -4.69385
3 -5.01261
0 -4.90651
0 -5.01946
1 -5.21065
6 -3.88412
0 -4.768
0 -5.50316
3 -5.45255
1 -5.33965
0 -4.16373
14 -5.10868
0 -4.78201
0 -4.90657
0 -5.14547
0 -4.9649
1 -4.89543
0 -5.27425
0 -4.12424
2 -3.74719
0 -4.6183
0 -5.91792
0 -5.46006
0 -5.42435
0 -5.88368
4 -5.94963
0 -6.11048
0 -5.41839
0 -4.73585
0 -5.50812
2 -4.72713
0 -5.62156
0 -5.23499
0 -7.36456
0 -6.70165
0 -4.44877
0 -6.51023
12 -5.90159
1 -4.83679
0 -5.38307
0 -4.69874
1 -5.67158
2 -6.02104
0 -5.2798
1 -5.69213
0 -5.9089
0 -5.20901
0 -5.44435
1 -6.11615
0 -6.00084
0 -5.65744
0 -5.88043
1 -5.94994
0 -6.08132
0 -4.47507
0 -5.87515
0 -5.95648
0 -5.90226
0 -5.75745
0 -6.0358
0 -5.99752
0 -6.29569
0 -5.93214
2 -4.70886
0 -5.25154
0 -5.01209
0 -5.09899
0 -4.67771
0 -4.85029
0 -4.79236
0 -4.49295
0 -4.91293
0 -4.95254
1 -4.96706
0 -4.78012
0 -4.76213
0 -5.02473
1 -5.00693
1 -4.99721
0 -4.79118
0 -4.85843
0 -4.83384
0 -4.48301
0 -4.82179
1 -5.07934
0 -4.81033
0 -5.11892
0 -4.84192
0 -4.94903
0 -4.94365
1 -4.80866
0 -4.8476
0 -4.92905
0 -5.0006
0 -5.02431
0 -4.8575
0 -4.68263
0 -4.56303
0 -4.69961
0 -4.94526
0 -4.53834
0 -4.54479
0 -5.01215
0 -5.20981
0 -4.92869
0 -4.64786
0 -5.16173
0 -4.88366
0 -4.79067
0 -4.5807
0 -4.73368
0 -4.79068
1 -4.38344
0 -5.64284
0 -5.63919
0 -5.47237
0 -5.51306
0 -4.58233
0 -5.4793
11 -5.56709
0 -5.73503
0 -5.67731
0 -5.61241
0 -5.53693
0 -5.70521
0 -5.22286
1 -5.21092
0 -5.5386
0 -4.85163
1 -5.61281
1 -5.54612
0 -5.23518
0 -5.26274
0 -5.37334
7 -5.66656
0 -5.70945
0 -5.55553
0 -5.68857
0 -5.57693
0 -4.95458
0 -5.21505
0 -5.65044
0 -6.97349
57 -5.4316
0 -5.84011
0 -5.40081
0 -5.85598
0 -5.48906
0 -5.87105
0 -4.40145
0 -5.59033
0 -5.4387
2 -5.88318
0 -5.26726
1 -5.60794
1 -5.42953
0 -5.35001
1 -5.87032
8 -5.66307
1 -5.41217
0 -4.9573
0 -5.64923
0 -5.45933
0 -5.57689
0 -5.34827
0 -5.77975
0 -5.85137
0 -5.47405
0 -5.23053
10 -5.7773
0 -5.67223
0 -4.89547
0 -5.16987
0 -5.71964
0 -5.02505
0 -5.33085
0 -5.4197
0 -5.47031
0 -5.47442
0 -5.5946
0 -4.74467
0 -4.61179
0 -5.40729
0 -5.21544
0 -5.61534
0 -5.63146
0 -5.06714
0 -5.47951
1 -5.92271
0 -5.40053
0 -5.21631
0 -4.91763
7 -5.84171
0 -5.60154
0 -5.74978
0 -5.79125
0 -5.64559
0 -5.63207
0 -5.71745
0 -5.21494
0 -5.2734
0 -4.70629
1 -5.79392
1 -5.32554
1 -5.45096
5 -5.49389
0 -5.82391
0 -5.14304
0 -5.3308
0 -5.4148
0 -5.61985
2 -4.96137
0 -5.28565
0 -5.50558
0 -5.12153
0 -5.50051
0 -5.44773
0 -5.01118
0 -4.65758
0 -4.92456
0 -4.81039
0 -4.86087
0 -4.99136
0 -4.76909
0 -4.9911
0 -5.02049
1 -4.78598
0 -4.95004
5 -4.78884
0 -4.99835
0 -4.69402
0 -4.78398
0 -5.49717
2 -5.44282
0 -5.26228
1 -5.4105
1 -5.25966
2 -5.66861
0 -5.54611
2 -5.59667
1 -5.34145
2 -5.04166
0 -5.43326
0 -4.94045
0 -5.34054
0 -5.81032
1 -5.56207
0 -5.6579
0 -5.45174
1 -4.98128
0 -5.53966
0 -5.26886
0 -5.92964
0 -5.49704
0 -5.01191
1 -5.43221
0 -5.4903
0 -5.31195
0 -6.06833
0 -5.88971
0 -5.54517
0 -5.83599
0 -5.01359
0 -5.55819
0 -4.75338
15 -5.13974
0 -5.53012
0 -5.89392
0 -5.98869
0 -5.16694
0 -6.1817
1 -5.02857
0 -5.68286
0 -5.10681
0 -5.84129
10 -5.37821
0 -5.50055
1 -4.91554
0 -4.99777
4 -5.05582
0 -6.17701
0 -6.02046
1 -5.57929
0 -5.32377
0 -5.71098
0 -4.95032
0 -5.76256
2 -5.5463
0 -5.05538
1 -5.48909
0 -5.1049
0 -5.17361
0 -5.62476
0 -5.71455
0 -5.37297
0 -5.02693
0 -5.42862
0 -4.96371
0 -5.37406
0 -5.41298
0 -5.40203
0 -5.44587
0 -5.67511
0 -5.46535
0 -5.43087
1 -5.5802
0 -5.52205
2 -5.3573
0 -5.30062
0 -5.18178
0 -5.07487
0 -4.90403
0 -5.65888
0 -5.58159
0 -5.52459
0 -5.14208
0 -5.50608
0 -4.90447
0 -5.48703
0 -5.25427
0 -5.5302
0 -5.11757
0 -5.70778
0 -5.2879
0 -5.63472
0 -5.1259
0 -5.34338
1 -5.62023
3 -5.09922
0 -5.16296
0 -5.51155
0 -5.34577
0 -5.10962
0 -5.34121
0 -5.19239
0 -5.54958
0 -5.07071
0 -5.27697
0 -4.64835
0 -5.62769
0 -5.4842
0 -5.59647
0 -4.99326
0 -6.38795
0 -6.58441
0 -6.57812
0 -6.55458
1 -6.56699
0 -6.55673
0 -6.69363
0 -6.569
0 -6.69472
0 -6.60204
0 -6.48703
0 -6.22774
0 -6.25521
0 -6.42385
0 -6.0135
0 -6.71431
1 -6.56638
0 -6.67515
0 -6.58205
1 -6.5228
0 -6.52344
0 -6.10275
0 -6.09181
0 -6.51846
0 -6.12017
0 -6.63416
0 -6.60294
1 -6.23664
0 -6.43237
1 -6.09796
0 -6.17661
0 -6.36073
0 -5.9918
0 -6.69952
0 -6.84129
0 -6.245
0 -6.60094
0 -6.66824
0 -6.46887
0 -5.9886
3 -5.96461
0 -6.52017
1 -6.70419
0 -6.81398
1 -6.6304
1 -6.33065
0 -6.57099
0 -6.76694
0 -6.6882
0 -6.67797
0 -6.6275
0 -6.01168
0 -6.18639
0 -6.09085
0 -6.62118
0 -6.71626
0 -6.26796
0 -6.7642
0 -6.67962
0 -6.51507
0 -6.67943
0 -6.64346
0 -6.20448
0 -6.53657
0 -6.023
0 -6.67143
0 -6.52237
3 -6.37149
0 -6.65287
0 -6.4169
1 -6.53683
0 -6.57039
0 -5.19623
0 -5.94255
0 -6.01091
0 -5.45128
0 -5.52031
0 -5.81957
1 -5.78893
0 -5.54967
0 -5.92507
0 -5.8014
0 -5.56611
2 -5.57753
0 -5.42409
0 -5.65648
0 -5.85737
0 -5.39856
0 -5.84732
0 -5.95892
0 -6.2
0 -5.76197
1 -5.94473
0 -5.9073
0 -5.9283
18 -5.06267
0 -5.14653
0 -5.37601
0 -5.15601
0 -5.23315
1 -4.92221
23 -5.64786
0 -5.01704
3 -5.34045
8 -5.06197
0 -4.89005
0 -5.39616
3 -4.45288
2 -5.46621
4 -5.1284
4 -5.39152
1 -5.28886
1 -5.71327
113 -4.54974
0 -5.01326
6 -5.47978
0 -5.34442
0 -5.45528
2 -5.11793
0 -5.56132
1 -5.52067
16 -5.19401
1 -5.46475
1 -5.31238
54 -4.8088
15 -5.31457
0 -5.68789
11 -5.11261
62 -5.64149
2 -5.22885
13 -4.92082
44 -5.13596
9 -5.39765
8 -5.6833
12 -4.80831
3 -4.92535
32 -4.71637
4 -5.27652
2 -5.69733
1 -5.19086
0 -5.51394
14 -5.86771
3 -5.50265
4 -5.33894
1 -5.33037
0 -5.05735
0 -5.59774
9 -4.79689
1 -5.28642
17 -4.99682
9 -5.46809
1 -5.31337
3 -5.32736
0 -5.46039
3 -5.44113
0 -5.2828
0 -4.39088
0 -5.43547
1 -5.07792
0 -5.16083
0 -5.69061
0 -5.22908
0 -4.59569
0 -4.58249
0 -5.58866
0 -5.14225
0 -5.32613
0 -5.05671
0 -5.13635
3 -5.39455
0 -5.24231
1 -5.55238
10 -5.58064
0 -5.22944
0 -5.2093
0 -5.12546
0 -5.39889
0 -5.36157
0 -5.28638
0 -4.89992
0 -5.26942
1 -5.31625
0 -5.88636
0 -5.15568
0 -4.84567
0 -5.35633
0 -5.27628
0 -5.09011
0 -5.56251
0 -5.66257
0 -5.37762
0 -5.37486
1 -5.70063
0 -5.30895
0 -5.35147
0 -5.54122
0 -5.30133
0 -5.448
0 -5.43679
0 -5.6523
0 -5.37589
0 -5.42964
1 -5.24678
0 -5.48331
0 -5.22881
0 -5.67327
0 -4.80589
0 -4.95593
0 -5.27331
0 -5.59305
0 -5.37935
0 -5.43019
0 -5.61913
3 -5.56411
0 -5.595
6 -5.6125
6 -5.63075
2 -5.88894
3 -5.69626
4 -5.96088
2 -5.64946
1 -5.67092
0 -5.60579
