1 -4.31386
5 -4.22817
1 -4.16197
3 -4.26964
2 -4.0214
0 -4.04696
0 -4.16482
0 -3.93303
0 -4.00327
1 -4.09883
0 -4.25657
0 -4.2837
0 -4.04656
0 -4.1786
0 -4.15672
0 -4.07385
1 -4.16787
1 -4.08491
0 -4.23709
0 -3.82496
0 -3.99222
1 -3.92741
0 -4.08481
0 -4.24996
0 -4.03821
1 -4.05381
0 -4.19267
3 -4.36501
0 -4.01432
2 -4.23315
0 -4.20279
0 -4.08569
0 -3.9864
0 -3.96544
0 -4.0267
0 -3.92759
1 -4.00849
1 -4.33701
3 -4.16215
0 -4.17083
1 -4.19901
0 -4.28894
0 -4.18777
0 -4.25543
0 -3.92037
0 -4.02749
2 -4.52233
0 -4.09996
0 -4.32661
0 -4.17317
0 -4.08539
0 -4.12853
6 -4.00254
3 -4.25691
0 -4.2707
0 -4.04755
1 -4.0727
0 -4.02494
0 -4.24538
0 -4.37184
0 -4.15792
2 -4.21764
0 -3.95071
0 -4.17805
1 -4.1556
3 -4.14172
0 -4.19764
0 -4.17022
0 -3.90195
1 -4.16623
2 -3.53614
0 -3.86265
0 -3.99483
0 -3.89094
3 -3.6691
18 -3.17373
1 -3.60902
0 -3.83253
0 -3.69562
3 -4.00411
4 -3.48935
0 -3.63854
0 -3.47891
0 -2.91534
1 -3.89446
0 -4.02695
3 -3.71735
0 -3.9452
1 -3.73872
0 -3.22727
0 -3.52848
0 -3.91553
0 -3.78718
0 -3.283
0 -2.98435
0 -3.71518
0 -3.64166
12 -3.48919
0 -4.4295
0 -3.60546
0 -3.83103
0 -3.84962
0 -2.87406
2 -3.70624
5 -3.48483
2 -3.8798
0 -3.45119
0 -3.77269
0 -3.45546
1 -3.79041
0 -3.68557
2 -3.50333
13 -2.63561
0 -3.47204
0 -4.04183
1 -4.22722
0 -3.47235
11 -3.36282
0 -3.31653
10 -3.3402
2 -3.66025
5 -3.38454
10 -3.54423
2 -3.56918
6 -3.84944
3 -3.4202
1 -4.09733
5 -3.98523
3 -3.59645
0 -3.66873
0 -3.11796
0 -3.25418
0 -3.60735
3 -3.62357
0 -4.23314
0 -4.02922
0 -3.92988
0 -4.0008
0 -3.60412
0 -3.89258
0 -3.91425
0 -4.0942
0 -4.16931
0 -4.21361
2 -4.25241
0 -4.09717
0 -4.01594
1 -4.00758
0 -4.18009
0 -4.12863
0 -3.82838
0 -4.21396
1 -4.09581
0 -4.11432
0 -4.21293
0 -3.83764
0 -4.15528
0 -3.89147
1 -4.10276
0 -4.29574
0 -3.95826
1 -4.08234
0 -4.26208
0 -4.26338
1 -4.2431
3 -4.07905
1 -3.76014
1 -3.94874
0 -4.00218
6 -4.13459
1 -3.89295
0 -3.69332
0 -4.37827
0 -3.90153
1 -4.26048
0 -4.02484
0 -4.02992
0 -4.20386
0 -3.99424
0 -3.81742
2 -3.96068
0 -4.23268
0 -4.00006
1 -4.16447
2 -4.17508
0 -3.86942
0 -3.52395
0 -4.28398
0 -4.24001
0 -4.02718
0 -3.96027
0 -4.22791
0 -4.27977
2 -4.15937
0 -4.15958
0 -4.24555
3 -3.93499
0 -4.13024
0 -4.1452
0 -4.00365
5 -4.1266
0 -3.63516
0 -4.0187
6 -3.94556
0 -4.11803
3 -3.86328
0 -4.04668
0 -4.28183
0 -4.26969
0 -4.06499
0 -4.20264
1 -4.28336
7 -4.31071
0 -3.97982
0 -4.17323
0 -4.22921
0 -3.90587
1 -4.03774
0 -4.04041
0 -3.97908
0 -4.13996
0 -4.18722
0 -3.89335
3 -4.05617
0 -4.136
0 -4.19858
0 -4.16251
0 -3.91107
2 -4.03313
0 -3.93027
0 -4.09175
0 -3.96606
0 -3.90968
1 -4.25383
0 -4.15056
0 -4.12425
0 -3.93044
0 -3.94286
0 -4.08024
0 -4.04678
0 -4.14014
0 -4.01277
1 -4.49637
0 -4.30482
0 -4.27603
0 -4.25979
1 -4.33324
2 -3.93096
0 -4.17896
0 -4.08041
0 -4.1421
4 -4.0948
0 -4.21096
0 -4.1103
0 -3.99882
0 -3.96411
0 -3.96755
0 -4.16847
1 -4.16627
0 -3.88312
0 -4.11264
0 -3.70284
0 -4.07084
0 -4.25309
0 -4.14154
1 -3.93064
0 -4.1442
0 -3.99853
1 -3.93364
1 -3.97563
0 -4.05494
0 -3.88935
3 -3.88796
0 -3.87259
0 -3.8772
0 -4.20245
0 -3.96518
0 -4.24567
0 -3.84971
0 -3.95252
0 -4.18165
0 -4.07072
0 -4.18096
0 -4.15741
0 -4.14455
0 -4.01611
0 -4.01932
0 -4.09923
0 -3.94144
0 -3.86307
0 -4.11548
1 -3.9039
0 -4.05812
0 -4.00212
2 -4.15828
0 -3.99524
0 -4.82695
0 -4.63221
0 -4.81992
0 -4.92897
0 -4.5687
0 -4.8845
0 -4.82203
0 -4.64667
0 -4.65515
0 -4.8572
0 -4.37981
0 -4.7171
0 -4.62278
0 -4.83719
0 -4.42713
0 -4.12356
0 -4.53152
0 -4.67956
0 -4.68309
0 -4.71472
0 -4.63543
0 -4.70719
0 -4.51754
0 -4.52032
0 -4.80733
0 -4.42731
0 -4.62947
0 -4.72908
0 -4.56785
0 -4.50289
0 -4.64242
0 -4.75937
0 -4.15471
0 -4.61817
0 -4.55185
0 -4.4505
0 -4.65774
0 -4.35995
0 -4.32257
0 -4.53828
0 -4.6132
0 -4.70925
0 -4.52957
1 -4.70351
0 -4.54585
0 -4.72913
0 -4.7322
0 -4.77031
0 -4.64197
0 -4.71342
0 -4.78116
0 -4.69111
0 -4.73232
0 -4.763
0 -4.71405
0 -4.77016
0 -4.8041
0 -4.63635
31 -4.22339
0 -4.73129
1 -4.66466
1 -4.73352
0 -4.76165
0 -4.81903
15 -4.51107
0 -4.74792
0 -4.64034
4 -4.79774
1 -4.77753
0 -4.86677
0 -4.58521
0 -4.77044
0 -4.36597
0 -4.74881
0 -4.85817
1 -4.63246
0 -4.67004
0 -4.28833
0 -4.64847
0 -4.71095
0 -4.77117
0 -4.51966
0 -4.78434
1 -4.58888
0 -4.74476
0 -4.86374
0 -4.59612
6 -4.4997
1 -4.69733
3 -4.76023
0 -4.6409
3 -4.78173
1 -4.69729
0 -4.7932
1 -4.73376
0 -4.75189
0 -4.82295
0 -4.67212
3 -4.80137
1 -4.80136
0 -4.79112
1 -4.75359
2 -4.74401
0 -4.75574
0 -4.67868
0 -4.79979
0 -4.73094
0 -4.85978
1 -4.71092
0 -4.88126
0 -4.72838
0 -4.83155
0 -4.79725
0 -4.75174
4 -4.75047
0 -4.5837
0 -4.89564
0 -4.68173
0 -4.47546
0 -4.66328
0 -4.6956
1 -4.7993
0 -4.68838
0 -4.62098
2 -4.62071
0 -4.51975
0 -4.9092
0 -4.7701
0 -4.77186
0 -4.80153
0 -4.52937
0 -4.85827
0 -4.87624
0 -4.78671
0 -4.78008
0 -4.74481
0 -4.67906
0 -4.72907
0 -4.71945
0 -4.69222
0 -4.7231
10 -4.67928
2 -4.57116
2 -4.75762
1 -4.8125
0 -4.7799
0 -4.85774
0 -4.61763
0 -4.80692
0 -4.73166
0 -4.81103
0 -4.53159
0 -4.66876
1 -4.58407
0 -4.6608
0 -4.67871
0 -4.56646
0 -4.39868
0 -4.60803
0 -4.7073
0 -4.76445
2 -4.97056
0 -4.692
0 -4.58529
0 -4.77522
0 -4.69531
0 -4.69758
0 -4.7806
0 -4.66991
0 -4.6364
0 -4.59692
1 -4.6927
0 -4.61206
1 -4.8348
0 -4.77748
1 -4.58309
0 -4.77976
0 -4.72181
0 -4.71624
0 -4.81169
0 -4.59933
0 -4.67385
0 -4.70397
0 -4.73865
0 -4.60396
0 -4.71501
0 -4.53176
1 -4.72025
1 -4.8176
3 -4.39004
1 -4.79793
0 -4.53798
0 -4.68736
4 -4.58737
0 -4.68212
0 -4.5117
0 -4.7207
0 -4.54745
0 -4.75668
0 -4.7085
0 -4.63835
0 -4.77798
0 -4.60393
0 -4.6234
0 -4.66056
0 -4.66911
0 -4.36711
0 -4.5182
0 -4.72926
0 -4.55126
0 -4.55418
0 -4.74923
0 -4.68548
0 -4.60284
0 -4.63821
0 -4.82289
0 -4.74322
0 -4.60543
0 -4.44778
0 -4.65651
0 -4.91066
0 -4.61296
0 -4.53594
0 -4.58635
0 -4.70903
0 -4.60449
0 -4.44834
0 -4.75033
0 -4.66512
0 -4.74586
0 -4.69458
0 -4.59314
2 -4.65468
0 -4.71799
0 -4.82577
0 -4.66296
0 -4.81733
0 -4.65552
0 -4.6234
0 -4.69771
0 -4.86914
0 -4.67213
0 -4.8342
2 -4.80498
0 -4.83769
0 -4.777
0 -4.76684
0 -4.59009
0 -4.7761
0 -4.77441
0 -4.76047
0 -4.73217
0 -4.85105
0 -4.89801
0 -4.87135
0 -4.7819
0 -4.65037
0 -4.88363
0 -4.78216
0 -4.82432
0 -4.47958
0 -4.86622
0 -4.56173
0 -4.44364
0 -4.78616
0 -4.7041
0 -4.95823
0 -4.91721
0 -4.87512
0 -4.61981
0 -4.81431
0 -4.72808
0 -4.60554
0 -4.84926
0 -4.82201
0 -4.79328
0 -4.82442
0 -4.84368
0 -4.75928
0 -4.68037
0 -4.69736
0 -4.85333
0 -4.81794
0 -4.69724
0 -4.82877
0 -4.85499
0 -4.8101
0 -4.58365
0 -4.70095
0 -4.8585
0 -4.65367
0 -4.85666
0 -4.67914
1 -4.92788
0 -4.49981
0 -4.61102
0 -4.94558
0 -4.90678
0 -4.72034
0 -4.72912
0 -4.71645
0 -4.72062
0 -4.81883
0 -4.74427
0 -4.60021
0 -4.66974
0 -4.69348
0 -4.87003
0 -4.90917
0 -4.65718
0 -4.85847
0 -4.94105
0 -4.7864
0 -4.73822
0 -4.74756
0 -4.82415
0 -4.51772
0 -4.80571
0 -4.76455
0 -4.71216
0 -5.03854
0 -4.75203
0 -4.806
1 -4.53907
0 -4.63422
0 -4.58854
0 -4.57295
0 -4.84474
0 -4.7472
0 -4.21689
0 -4.86588
0 -4.7974
0 -4.81946
1 -4.77722
0 -4.81529
0 -4.75917
0 -4.32277
0 -4.37201
0 -4.46762
0 -4.16934
0 -4.21113
0 -4.33929
0 -4.50213
0 -4.25435
0 -4.34861
0 -4.14667
0 -4.37262
0 -4.34126
0 -4.22845
0 -4.49811
0 -4.49998
0 -4.43026
0 -4.33344
0 -4.14064
0 -4.27391
0 -4.56387
0 -4.40046
1 -4.47011
0 -4.48828
0 -4.12122
0 -4.1104
1 -4.55471
0 -4.47999
1 -3.9635
0 -3.87352
0 -4.48342
1 -4.57324
0 -4.43108
0 -4.45167
0 -4.1259
0 -4.21293
0 -4.349
0 -4.21273
0 -4.23443
0 -4.02818
0 -4.36112
0 -4.14976
0 -4.33987
0 -4.50112
0 -4.47567
0 -4.53334
1 -4.54596
0 -4.12926
0 -4.13369
0 -4.28253
0 -4.37541
0 -4.52918
0 -4.51349
0 -4.3723
0 -4.36606
0 -4.44968
0 -4.22524
0 -4.36041
0 -4.28869
0 -4.57026
0 -4.25426
0 -4.50835
0 -4.70035
1 -4.1137
0 -4.38882
0 -4.22115
0 -4.54133
0 -4.32787
0 -4.45771
0 -4.58152
0 -4.40608
0 -4.56536
0 -4.5512
0 -4.32873
0 -4.56942
0 -4.56597
0 -4.29715
0 -4.45472
0 -4.21742
0 -4.45959
1 -4.23683
0 -4.49247
0 -4.47872
0 -4.39344
0 -4.62456
0 -4.56849
0 -4.47994
0 -4.11647
0 -3.99781
0 -4.50103
0 -4.3065
0 -4.47478
0 -4.15727
0 -4.1318
0 -4.19105
0 -4.1564
0 -4.50563
0 -4.38796
0 -4.5109
0 -4.26577
0 -4.49061
0 -4.21398
0 -3.89912
0 -4.23481
0 -4.16197
0 -4.13727
0 -4.01737
0 -4.45474
0 -4.40473
0 -4.16351
0 -4.14146
0 -3.87836
1 -4.55256
0 -4.30681
1 -4.67143
0 -4.27947
0 -4.31217
0 -4.21314
1 -4.0161
0 -4.40951
0 -4.2224
0 -4.14413
0 -4.15757
1 -4.53136
0 -4.50053
0 -4.37858
0 -4.43402
0 -4.04997
0 -4.51239
0 -4.25022
0 -4.01951
0 -3.99827
0 -4.30481
0 -4.10164
0 -4.43861
0 -4.18256
0 -4.20318
0 -4.13271
1 -4.22749
0 -4.32123
0 -4.00467
0 -4.48292
0 -4.04761
0 -4.32218
0 -4.24793
0 -4.34995
0 -4.20276
0 -4.16185
0 -4.17511
0 -4.71059
0 -4.05904
0 -4.32366
0 -3.83579
0 -4.30833
0 -4.11316
0 -4.37374
0 -4.31649
0 -4.21647
0 -4.47928
0 -4.22203
4 -4.29203
0 -4.25427
1 -4.21746
0 -4.54066
0 -3.98002
0 -4.07202
0 -4.22305
0 -4.2485
0 -4.3268
0 -4.27094
1 -3.92592
0 -3.94689
0 -4.22071
0 -4.10653
0 -4.18461
0 -4.07194
0 -4.56695
0 -4.64213
0 -4.01593
0 -4.21321
0 -4.22357
0 -4.16783
0 -4.28834
0 -4.45228
0 -3.94726
0 -4.34618
0 -4.11465
0 -4.29712
0 -4.24609
0 -3.96883
0 -3.98904
0 -4.39125
0 -4.41281
0 -4.2192
1 -4.35683
0 -4.17418
0 -4.12996
0 -4.56351
0 -4.32003
0 -4.01425
0 -4.3554
0 -4.04511
0 -3.90852
0 -4.33108
0 -4.24693
0 -5.21295
0 -4.14517
0 -4.308
0 -4.08853
0 -4.44927
0 -4.45309
0 -4.20311
0 -4.43168
0 -4.23001
0 -4.12057
0 -4.38065
0 -4.59442
0 -4.10855
1 -4.13451
0 -4.26104
0 -4.1075
0 -4.31972
0 -4.16516
0 -3.94686
0 -4.38815
0 -4.14059
0 -3.98806
0 -4.22716
0 -3.97363
0 -4.15834
0 -4.08607
0 -4.10368
0 -4.2884
0 -4.18561
4 -4.27543
0 -4.0994
0 -4.08136
0 -3.96551
0 -4.09775
0 -4.17215
0 -4.13241
2 -4.07629
0 -3.79536
0 -4.18577
0 -3.94494
0 -3.91774
0 -4.22789
0 -3.94557
0 -4.02553
0 -4.21902
4 -3.8371
1 -4.1672
0 -3.9323
0 -4.2304
0 -4.57659
0 -4.2633
1 -4.26419
0 -3.86533
0 -4.08925
0 -4.16843
1 -3.76746
0 -4.12241
0 -3.84709
0 -4.0153
0 -4.17904
0 -4.12022
1 -3.90245
0 -4.30405
0 -3.96384
1 -4.06405
0 -3.98102
0 -4.06494
0 -4.11954
0 -4.08419
0 -3.97902
1 -3.98897
0 -4.33663
0 -4.10265
0 -3.97884
0 -4.01499
0 -4.16467
0 -4.26903
0 -3.97884
0 -4.12267
0 -4.17351
0 -4.12199
0 -3.97525
0 -4.21329
0 -4.31161
2 -4.53544
8 -4.49784
24 -4.379
3 -4.51684
0 -4.4391
7 -4.50092
2 -4.48318
1 -4.45242
0 -4.23578
4 -4.47595
0 -4.43328
7 -4.50588
5 -4.33565
0 -4.27509
19 -4.1158
13 -4.31866
1 -4.45841
0 -4.46154
0 -4.11991
0 -4.25964
3 -4.42316
1 -4.30679
0 -4.32607
13 -4.07311
0 -4.7693
0 -4.65334
2 -4.6316
0 -4.72404
4 -4.65698
0 -4.97917
0 -4.38666
0 -4.68785
3 -4.65014
3 -4.67942
2 -4.74707
2 -4.13533
1 -4.59586
0 -5.24518
0 -5.31621
0 -4.93843
0 -5.33967
0 -5.14436
0 -5.03645
0 -5.05484
1 -4.85382
0 -5.11294
0 -5.04153
1 -4.77949
0 -4.74039
2 -4.81645
1 -4.7439
0 -5.25418
0 -5.49176
0 -5.36247
2 -4.98669
0 -5.00682
0 -5.08299
0 -5.39517
1 -5.23238
2 -4.90319
0 -5.40346
6 -5.01304
0 -5.10846
0 -4.9832
0 -5.21866
0 -5.01026
0 -4.78181
0 -5.21325
0 -5.12173
1 -4.74757
0 -4.94829
0 -5.34855
0 -5.05263
0 -5.02576
2 -4.86539
1 -4.76444
0 -5.13134
4 -4.92997
0 -5.27064
0 -5.00352
1 -5.03678
0 -4.99764
0 -4.92053
0 -5.0756
0 -5.34304
0 -5.53317
9 -5.07529
0 -5.07173
2 -5.20885
1 -5.06447
0 -5.05497
0 -5.20615
1 -5.11869
0 -5.01303
1 -4.99342
0 -5.07022
0 -5.23786
0 -5.10925
0 -5.06862
13 -4.94038
0 -4.93016
0 -5.14027
0 -5.19298
0 -5.05973
0 -5.09827
0 -5.21562
0 -4.95315
0 -5.40073
0 -5.0893
1 -4.97464
3 -5.15643
0 -4.75593
0 -5.19271
0 -5.37493
0 -5.01713
1 -5.08617
0 -4.84156
3 -4.85652
28 -4.74288
0 -5.06596
0 -5.01775
0 -4.93807
0 -5.10947
0 -5.08781
0 -5.16685
0 -4.97034
0 -4.8274
0 -4.9555
0 -5.06482
2 -4.90551
0 -5.03902
0 -5.01355
0 -4.94127
0 -5.14251
0 -5.07775
0 -5.47317
0 -4.78121
0 -5.19334
2 -4.86263
0 -4.80959
0 -4.98011
0 -4.74748
0 -4.7542
0 -4.71086
0 -4.88411
0 -5.00133
2 -4.69156
0 -4.83322
0 -5.0422
0 -5.06281
0 -5.17986
0 -4.80016
0 -5.13195
0 -4.83664
0 -5.33455
0 -5.27539
0 -5.01488
0 -5.21412
0 -5.21948
0 -4.8785
0 -4.75948
0 -4.76245
0 -4.90349
0 -5.20866
0 -5.21784
0 -4.78918
0 -4.85397
0 -4.98596
0 -5.09697
0 -4.72083
0 -4.69439
0 -4.95215
0 -4.62452
0 -5.06575
0 -4.81243
0 -4.99383
0 -5.87469
0 -4.89437
0 -4.85089
0 -5.1727
0 -4.94966
0 -4.57177
0 -5.05423
0 -4.78871
0 -4.83256
0 -4.79341
0 -4.89595
0 -5.29616
0 -5.34815
0 -4.8831
0 -5.23566
0 -4.78539
0 -4.93879
0 -4.81433
0 -5.07559
0 -4.99894
0 -4.91453
0 -5.04754
0 -4.87028
0 -5.12203
0 -4.81065
0 -4.84758
0 -4.65538
0 -5.76262
0 -4.78222
0 -4.96245
0 -4.8318
0 -4.23397
2 -4.20919
0 -4.18988
0 -4.20808
0 -4.03445
0 -4.0585
0 -4.11903
0 -4.19201
0 -4.09471
0 -3.89589
1 -3.95782
0 -3.92597
0 -4.00864
0 -4.0125
3 -4.03553
2 -4.14824
1 -4.37137
1 -4.09479
0 -4.06569
1 -3.93919
0 -3.84472
0 -4.14241
0 -4.09394
1 -4.08154
13 -4.18707
0 -4.03363
0 -3.81186
0 -3.70874
0 -4.28489
3 -4.06482
0 -3.87956
0 -3.96581
0 -3.90419
1 -4.08304
1 -3.82585
0 -4.20463
2 -4.36403
0 -3.97511
0 -4.09495
1 -3.76593
0 -4.18292
0 -3.93736
0 -4.11984
0 -4.1404
2 -4.32396
0 -3.98009
0 -4.10772
0 -4.27663
0 -4.07629
1 -3.77111
4 -3.77569
0 -4.02032
0 -4.00831
0 -4.05059
0 -4.09504
0 -4.06719
0 -3.96132
0 -4.15982
0 -4.1513
0 -3.9123
5 -4.33598
0 -3.97203
0 -3.42413
0 -4.02266
0 -3.97004
0 -3.91926
0 -3.83367
0 -3.81664
0 -4.18661
0 -3.86263
1 -4.18618
0 -4.03446
1 -4.22023
0 -3.86364
0 -4.20005
1 -3.86248
0 -3.88842
0 -4.03349
1 -3.68291
1 -3.9256
0 -4.0328
3 -4.05893
0 -4.26181
0 -4.38074
0 -4.34968
0 -4.36188
0 -4.07119
0 -4.15012
0 -4.3448
0 -4.22419
1 -4.51108
2 -4.28081
0 -4.34603
0 -4.34038
1 -4.2963
1 -4.42019
0 -4.30376
1 -4.65769
0 -4.29739
0 -4.41918
0 -4.36965
0 -4.09068
0 -4.22638
0 -4.41567
0 -4.34932
0 -4.40419
0 -4.41455
1 -4.35241
0 -4.23715
0 -4.49302
0 -4.11598
0 -4.25935
0 -4.30355
0 -4.38496
0 -4.09838
0 -4.27781
0 -3.7827
3 -4.60452
0 -4.62406
0 -4.31031
0 -4.3246
0 -3.88306
0 -3.97921
0 -4.29256
0 -4.18278
0 -4.2952
0 -4.20952
0 -4.27576
0 -4.31353
2 -4.22847
0 -4.14831
0 -4.64949
0 -4.37938
0 -4.2986
0 -4.26918
0 -4.31411
1 -4.13521
0 -4.35139
0 -4.53803
0 -4.2505
0 -4.86304
0 -3.90364
0 -4.36398
0 -4.5041
0 -4.10439
0 -4.5375
0 -3.81121
0 -4.40452
0 -4.34344
0 -4.26899
0 -4.35022
0 -4.37679
0 -4.16695
0 -4.09164
0 -4.21571
0 -4.40339
0 -4.38831
0 -4.43822
0 -4.20624
0 -3.88098
0 -4.53632
1 -4.152
0 -4.2922
0 -4.41053
0 -4.41152
0 -4.17364
0 -4.64124
0 -3.8161
0 -4.47025
0 -4.31723
0 -4.47848
0 -4.40284
0 -4.32097
3 -4.70413
0 -4.11579
0 -4.60258
0 -4.59222
3 -4.44735
1 -4.24114
0 -4.26556
0 -4.31778
0 -4.38905
0 -4.35923
0 -4.32314
1 -4.34929
0 -4.24627
0 -3.61513
1 -4.38101
0 -4.18465
0 -4.14351
0 -4.49537
2 -4.39422
0 -4.42095
0 -4.1857
0 -4.32529
0 -4.13985
0 -4.14349
0 -4.59499
0 -4.19448
0 -4.52294
0 -4.40729
0 -4.50675
0 -4.74908
0 -4.8091
0 -4.6414
0 -4.83717
0 -5.03228
0 -4.94613
0 -4.65258
0 -4.83139
0 -4.73077
0 -4.48332
0 -4.58288
0 -4.81103
0 -4.16893
0 -4.46348
0 -4.47447
0 -4.9935
0 -4.45119
0 -4.5558
0 -4.36708
0 -4.63722
0 -4.84167
0 -4.44627
0 -4.95989
0 -4.53877
0 -4.42268
0 -4.28894
0 -4.51568
0 -4.51256
0 -4.52168
0 -4.7185
0 -4.88267
0 -4.594
0 -4.68998
0 -4.56515
0 -4.86768
1 -4.52231
0 -5.02084
0 -4.64011
0 -4.50064
0 -4.33817
0 -5.06294
0 -4.65829
0 -4.4929
0 -4.51092
0 -4.51645
0 -4.76058
0 -4.66664
0 -5.01735
0 -4.59145
0 -4.91669
1 -4.68513
0 -4.44967
0 -4.71372
0 -4.4526
0 -4.40027
0 -4.57823
0 -4.69345
0 -4.55744
0 -4.79198
0 -4.66131
0 -4.63903
0 -4.73195
0 -4.67242
1 -4.72964
0 -4.81958
0 -4.40305
0 -4.72243
0 -4.49908
0 -4.6546
0 -4.46631
0 -4.74854
0 -4.62383
0 -4.55591
0 -4.57016
0 -4.26187
0 -4.41554
0 -4.76732
0 -4.73505
1 -4.69911
0 -4.36271
0 -4.59345
0 -4.44305
0 -4.58195
0 -4.58456
0 -4.65152
0 -4.51212
0 -4.67426
0 -4.46959
0 -4.62719
0 -4.46463
0 -4.47083
0 -4.74303
0 -4.59555
0 -4.62749
0 -4.61428
0 -4.48571
0 -4.53782
0 -4.47683
0 -4.49839
0 -4.67222
0 -4.68763
0 -4.58159
0 -4.61647
0 -4.47804
0 -4.68874
0 -4.5965
0 -4.30091
0 -4.62835
0 -4.60348
0 -4.56375
0 -4.66173
0 -4.50229
0 -4.40418
0 -4.60646
0 -4.73383
0 -4.7514
0 -4.66706
0 -4.67589
0 -4.64014
0 -4.61939
0 -4.49432
1 -4.83328
0 -4.77268
0 -4.3215
0 -4.73479
0 -4.58783
0 -4.69463
0 -4.5519
0 -4.81146
0 -4.56166
0 -4.58552
0 -4.41516
0 -4.64253
0 -4.78544
0 -4.80269
0 -4.72267
0 -4.67365
0 -4.59432
13 -3.71334
0 -4.87772
0 -4.76255
0 -4.23545
0 -4.70258
0 -4.59088
0 -4.54856
0 -4.19515
0 -4.60998
0 -4.30923
0 -4.43681
0 -5.15146
0 -4.53807
0 -4.59754
0 -4.58416
0 -4.81381
0 -4.81964
0 -4.84553
0 -4.73934
0 -4.91856
0 -4.85688
0 -4.82667
0 -4.83514
2 -4.9783
0 -4.90544
0 -4.78112
0 -4.10362
2 -3.8907
1 -4.41496
1 -4.05836
0 -4.38808
1 -4.05807
6 -3.94589
0 -4.2465
3 -3.39612
7 -4.38677
1 -4.09582
5 -3.77617
7 -4.24666
4 -4.23002
2 -4.34848
0 -3.77512
0 -4.22662
1 -4.19994
0 -4.43383
1 -3.98662
0 -4.35707
3 -4.16885
0 -4.47365
1 -3.75097
0 -4.24641
0 -4.23765
0 -3.65442
0 -3.6475
1 -3.60776
1 -4.04452
1 -3.83959
2 -3.37948
0 -3.82098
0 -3.82066
1 -3.73118
0 -4.27706
0 -4.68615
0 -3.73864
0 -4.15961
0 -3.6653
1 -4.49739
4 -3.83014
0 -3.78675
0 -3.70232
1 -4.41705
1 -4.2064
0 -3.49493
1 -4.19261
0 -4.17785
0 -4.03565
1 -4.2346
0 -4.2004
2 -4.04019
1 -4.08987
0 -4.72246
0 -4.54777
0 -2.88577
1 -4.59745
0 -4.71361
0 -4.66241
0 -4.67382
0 -4.7648
0 -4.57262
0 -4.84207
0 -4.65299
0 -4.59305
0 -4.59174
0 -4.60061
1 -4.59425
1 -4.86232
0 -4.78174
0 -4.6498
0 -4.80329
0 -4.56173
0 -4.79186
0 -4.74199
0 -4.85136
1 -3.36371
0 -4.8007
0 -4.81117
0 -4.66651
4 -4.79258
0 -4.59542
7 -4.07053
4 -3.39593
0 -4.97942
0 -4.69201
0 -4.69945
0 -4.70401
1 -4.30387
0 -4.91957
0 -4.81962
0 -4.68588
0 -4.38228
3 -3.34206
0 -4.63061
0 -3.82738
0 -4.01269
0 -4.84173
1 -4.87148
0 -4.72799
0 -4.62323
0 -4.66598
0 -4.71112
0 -4.64747
4 -4.36352
0 -4.31105
1 -4.65393
0 -4.28042
1 -4.57877
1 -4.91063
0 -4.81898
1 -4.76261
3 -3.97462
0 -4.64057
0 -4.62796
0 -4.24134
0 -4.22603
0 -4.10705
0 -4.06381
0 -4.2569
0 -4.26408
0 -4.06792
0 -3.8943
0 -4.12456
0 -4.1849
0 -4.3075
0 -4.27978
0 -4.24402
0 -4.36958
0 -4.1429
0 -3.805
1 -4.21036
0 -4.12179
0 -4.23723
0 -3.5006
0 -4.17994
0 -3.98623
2 -4.31132
0 -4.12626
0 -4.10093
0 -4.33924
0 -3.8922
0 -4.06225
1 -4.24527
0 -4.45409
0 -3.94349
0 -4.22232
0 -4.21011
0 -4.22661
0 -4.30006
2 -4.16066
0 -4.15302
0 -4.14406
0 -4.306
0 -4.03609
2 -4.1534
0 -3.38935
0 -4.26295
0 -4.40467
0 -4.2265
0 -4.09679
0 -4.08568
0 -3.73573
0 -4.35756
1 -4.21198
0 -4.2666
0 -3.98702
0 -4.21543
1 -4.12112
1 -4.2155
0 -4.39669
0 -4.15536
0 -4.32072
0 -4.13467
10 -4.13011
0 -4.23437
0 -4.08768
0 -4.28578
0 -4.42924
0 -4.12423
0 -4.05029
0 -4.27419
0 -4.23293
0 -3.85544
0 -4.16851
0 -4.08977
0 -4.03202
0 -4.34863
2 -4.13339
0 -4.24675
0 -4.23304
0 -4.27422
0 -3.93226
0 -4.24186
0 -4.29934
0 -4.35777
0 -4.05358
0 -4.10805
0 -4.32117
0 -4.27033
0 -4.18423
0 -4.19885
0 -4.29176
0 -3.78194
1 -4.26928
0 -4.1712
6 -4.36899
0 -4.02507
0 -3.99918
0 -4.38809
0 -4.20449
0 -4.29348
1 -4.20852
0 -4.26336
0 -4.11136
0 -5.00823
0 -5.09078
0 -4.57413
0 -5.14279
0 -5.03409
0 -5.09682
1 -5.1151
0 -5.24001
0 -5.18987
0 -5.00206
0 -5.18364
0 -4.96037
0 -4.97954
0 -4.92199
0 -4.99892
0 -4.97763
0 -5.30039
0 -4.92101
0 -5.0181
0 -4.95214
0 -5.02524
0 -4.97117
0 -5.09057
0 -4.91158
0 -4.94514
0 -5.03207
0 -5.17325
0 -5.17329
0 -4.93554
0 -5.04989
0 -5.31856
0 -5.12083
0 -5.14912
0 -5.11251
0 -5.13496
0 -5.06279
0 -4.53392
0 -5.1117
0 -4.82824
0 -4.28544
0 -5.13668
0 -5.0461
0 -5.07261
0 -5.13837
0 -5.20795
0 -4.9531
0 -5.28428
0 -4.44799
1 -4.7243
0 -4.88285
1 -4.92728
0 -4.64057
0 -4.80114
0 -4.55874
0 -4.54914
2 -4.68721
0 -4.7138
0 -4.75183
1 -4.68937
0 -4.6365
0 -4.62959
1 -4.75489
0 -4.6922
2 -4.82139
7 -4.65588
0 -4.75586
0 -4.91114
0 -4.88283
3 -4.94715
1 -4.83662
0 -4.60548
9 -4.68714
0 -4.91528
0 -4.46746
0 -4.99923
0 -4.71454
0 -4.76557
1 -4.58279
0 -4.86533
0 -4.75149
0 -4.61421
0 -4.77115
0 -4.71511
1 -4.7388
0 -4.77761
0 -4.8182
0 -4.70887
0 -4.57493
1 -4.9089
1 -5.06189
1 -4.65122
0 -4.85863
0 -4.76455
0 -4.95141
2 -4.90119
0 -4.741
0 -4.89335
0 -4.77233
0 -4.94072
0 -4.531
1 -4.73212
0 -4.68891
0 -4.44573
4 -4.62143
0 -4.78497
0 -4.69302
0 -4.78465
0 -4.58919
0 -4.98328
0 -4.77207
0 -4.64096
0 -4.69313
0 -4.52461
1 -4.86184
1 -4.72049
0 -4.7682
1 -4.8249
0 -4.65271
0 -4.88358
1 -4.72383
0 -4.82951
0 -4.81228
3 -4.83109
3 -4.76274
1 -4.9716
0 -4.75877
1 -4.8164
0 -4.82627
0 -4.49837
2 -4.72016
0 -4.56821
0 -4.84563
0 -4.87886
1 -4.91877
0 -4.72991
0 -4.42998
0 -4.29847
0 -4.39392
0 -4.30561
0 -4.42578
0 -3.79075
0 -4.26757
0 -4.29727
0 -4.20963
2 -4.41534
0 -4.39173
0 -4.48234
0 -4.23186
0 -4.15071
2 -4.43479
0 -4.43797
0 -4.15734
0 -4.35439
0 -4.20721
0 -4.85896
0 -4.57367
0 -4.44292
0 -4.56109
0 -4.55461
1 -4.51394
0 -4.4916
0 -4.27321
0 -3.14338
0 -4.35055
0 -4.20445
0 -4.21365
0 -3.81501
1 -4.70483
0 -4.53401
0 -4.4083
2 -4.09456
1 -3.82248
0 -4.33464
1 -4.05089
0 -4.51405
0 -4.38842
0 -4.157
0 -4.44447
0 -4.40627
1 -4.43066
0 -4.45577
0 -4.12829
0 -4.42886
0 -4.41001
0 -3.72848
0 -4.57554
0 -4.38799
0 -4.24301
0 -4.63547
0 -4.34867
0 -4.58357
0 -4.45988
0 -4.67924
0 -4.34852
6 -4.24278
0 -3.94224
0 -4.51292
0 -4.7099
0 -4.60273
0 -4.51534
3 -4.43309
0 -3.75073
0 -4.45349
0 -4.43137
0 -4.41123
0 -4.10089
0 -4.42845
6 -3.77067
0 -4.73488
0 -4.31531
0 -4.69235
4 -4.2656
0 -4.08261
0 -3.97945
3 -4.49416
0 -4.65215
0 -4.70244
0 -4.37052
0 -4.0071
0 -4.48853
0 -4.43458
0 -3.8232
1 -3.95985
0 -3.79805
0 -3.44915
0 -4.37196
0 -3.59575
0 -4.72082
0 -4.75837
0 -4.64364
0 -4.24809
0 -4.72319
0 -4.58135
0 -4.74801
0 -4.21006
0 -4.89651
0 -4.70131
0 -4.7323
0 -4.64024
0 -4.73617
0 -4.0834
0 -4.90348
0 -4.58907
0 -4.73299
0 -4.88688
0 -4.76766
3 -4.66769
0 -4.50048
0 -4.74085
0 -4.37904
1 -4.55657
0 -4.45036
0 -4.52354
0 -4.56661
0 -4.65986
0 -4.07376
0 -4.55185
0 -4.72276
0 -5.10332
0 -4.77557
1 -4.55454
0 -4.61352
0 -4.54516
0 -4.34314
0 -4.55414
0 -4.5416
0 -4.67958
0 -4.39968
0 -4.11432
1 -4.46185
0 -4.65659
3 -4.2804
0 -4.76952
0 -4.47664
0 -4.63395
1 -4.2281
0 -4.57575
2 -4.34037
0 -4.63489
0 -4.51678
0 -4.58263
0 -4.58559
0 -4.65925
0 -4.38688
0 -4.33473
0 -4.11005
0 -4.74593
1 -4.67675
1 -4.33704
0 -4.56907
1 -4.34254
0 -4.33201
0 -4.57807
0 -4.45388
0 -4.38137
0 -4.71955
0 -4.47863
1 -4.473
2 -4.27779
1 -4.74528
0 -4.20428
0 -4.15518
1 -4.41279
2 -4.69406
0 -4.60485
0 -4.72211
0 -4.59325
2 -4.19791
3 -4.25604
0 -4.56539
1 -4.22464
1 -5.29337
0 -4.46116
1 -3.67733
0 -4.32941
0 -4.53544
1 -4.28494
0 -4.62262
0 -4.34159
0 -4.42164
1 -4.52491
1 -4.57427
0 -4.70057
0 -4.64972
0 -4.69927
0 -4.59646
0 -4.47655
1 -4.52419
0 -4.57789
0 -4.39504
0 -4.72142
2 -4.71054
0 -4.75955
0 -4.33816
3 -4.7741
0 -4.33971
1 -4.30711
0 -4.26306
3 -4.31022
2 -4.202
2 -4.15337
0 -4.20728
4 -4.39764
1 -4.1943
4 -4.1925
1 -4.29358
1 -4.26181
0 -4.2624
0 -4.14012
0 -4.18336
1 -4.27531
0 -4.1859
3 -4.44
0 -4.20091
1 -4.22634
2 -4.34366
1 -4.22599
9 -4.22277
0 -4.22693
0 -4.17542
3 -4.36254
0 -3.91618
3 -4.41019
4 -4.29363
1 -4.26346
0 -4.20092
6 -4.34883
0 -4.22844
1 -4.16148
0 -4.14243
0 -4.24992
1 -4.3113
2 -4.12352
1 -4.34092
5 -4.38364
1 -4.10907
0 -4.27438
2 -4.33044
0 -4.36307
0 -4.07399
12 -4.35318
0 -4.77235
0 -5.30068
0 -4.40485
0 -4.69752
0 -4.8388
0 -5.4205
0 -4.7255
0 -10.3324
0 -4.95074
0 -4.93682
0 -4.45681
0 -5.14872
0 -4.73645
0 -4.99156
0 -4.31167
0 -4.55239
0 -4.86544
0 -5.0863
0 -4.8446
0 -4.30669
0 -4.74523
0 -5.02578
0 -4.63624
0 -5.32276
0 -5.00003
0 -4.5928
0 -4.80128
0 -4.85286
0 -5.25252
0 -4.81279
0 -4.91888
0 -5.03775
0 -4.73282
0 -4.90003
0 -4.23379
0 -4.74158
0 -4.7385
0 -4.80439
0 -4.79978
0 -4.5942
2 -4.9584
0 -4.54134
0 -4.77349
0 -4.92487
0 -4.91703
0 -5.01881
0 -4.23181
0 -4.7424
1 -4.8681
0 -4.86383
0 -4.79002
0 -4.92254
0 -4.95279
0 -4.78334
0 -4.79314
0 -3.68656
0 -5.07024
0 -4.96551
0 -4.99487
0 -3.81762
0 -4.60721
0 -4.83969
0 -4.89148
0 -4.86088
0 -4.80221
0 -3.94613
0 -4.1497
0 -4.0871
0 -4.0221
0 -4.02268
1 -4.19959
5 -4.28762
0 -4.10494
0 -4.09466
0 -4.17314
0 -4.15781
0 -4.36234
0 -4.0529
0 -4.08369
0 -4.09951
0 -4.31218
0 -4.16971
0 -3.8858
0 -4.26367
3 -4.20853
0 -4.37993
0 -4.05425
0 -4.34431
1 -4.15922
0 -4.07631
0 -4.053
1 -4.30507
0 -4.18089
1 -4.23864
0 -4.11666
0 -4.27036
0 -3.94449
0 -4.05525
1 -4.07675
0 -3.90183
1 -4.03104
0 -3.98936
0 -4.26813
0 -3.82182
0 -4.13755
0 -4.06962
1 -4.17712
0 -4.16012
0 -4.25601
0 -4.11109
0 -4.25215
0 -4.301
6 -4.18824
0 -3.94361
0 -4.07468
0 -4.05051
0 -4.1095
1 -4.18586
0 -4.17432
0 -4.20476
1 -3.98236
0 -4.0578
1 -4.08703
0 -4.03491
3 -4.14727
2 -4.28404
0 -4.05776
0 -4.15664
0 -4.40536
0 -4.1528
1 -4.18111
0 -4.27639
0 -4.26002
0 -4.21167
0 -4.17336
0 -4.07559
0 -4.1399
2 -4.2893
0 -4.29966
0 -4.214
1 -4.2547
0 -4.2215
0 -3.89389
2 -4.19513
9 -4.08718
0 -4.22299
0 -4.1768
1 -4.44827
0 -4.18932
0 -4.17364
0 -4.02032
0 -4.35625
0 -4.12124
0 -4.36885
0 -4.10361
1 -4.29609
0 -4.08167
0 -4.16083
0 -4.09393
0 -4.35984
0 -4.3062
6 -3.94671
0 -3.55865
12 -4.0213
2 -2.62296
0 -4.19228
0 -4.3757
2 -2.96018
0 -3.91227
0 -3.72233
0 -3.84939
4 -3.76664
0 -3.98713
3 -2.67618
4 -4.03069
55 -3.32854
0 -3.88423
0 -4.03832
0 -3.94893
2 -4.2037
11 -3.72185
3 -3.78916
0 -3.60527
0 -4.01858
1 -1.69182
4 -3.96002
1 -3.8138
1 -3.96772
0 -3.58834
1 -3.0431
0 -4.01685
41 -1.16535
0 -3.90789
0 -4.42411
0 -4.20819
1 -3.68913
2 -3.8471
1 -3.90344
0 -3.94797
0 -4.27016
0 -3.33148
0 -3.90923
1 -3.82325
26 -3.94426
0 -3.99399
0 -3.64329
3 -3.85779
1 -4.10286
0 -3.78194
0 -4.03166
1 -4.16583
0 -3.83794
0 -3.48797
0 -3.25571
0 -3.42737
0 -3.31292
0 -4.08047
48 -3.42627
0 -3.39457
1 -3.58143
0 -3.99834
17 -3.91416
0 -3.37608
0 -4.43258
0 -2.62426
0 -4.19324
0 -1.22509
1 -3.97199
8 -3.42251
0 -3.03526
5 -3.86121
10 -3.07447
2 -3.97559
0 -3.73701
0 -4.01556
1 -3.80076
0 -3.69352
0 -3.61371
0 -3.79785
23 -3.59815
0 -3.9822
0 -3.88106
2 -2.86444
0 -3.56806
16 -3.68634
0 -3.65034
0 -4.00073
0 -3.69144
0 -3.12453
1 -3.34354
0 -4.33737
4 -4.14839
9 -4.04812
1 -3.91134
6 -3.74878
0 -3.73219
0 -3.6942
0 -4.13112
0 -3.81241
0 -3.97999
4 -4.02971
155 -3.33233
2 -4.07577
0 -4.01376
1 -3.70306
5 -3.7316
0 -4.3706
1 -3.88061
144 -2.09115
1 -3.79309
0 -3.7465
2 -4.14898
2 -3.94271
0 -4.06191
0 -3.51843
0 -4.1045
0 -3.9566
0 -4.1457
0 -3.75396
1 -3.97861
0 -3.42901
1 -4.0462
0 -4.00284
16 -3.94212
1 -2.39579
15 -2.37012
7 -3.91503
0 -3.83301
1 -3.12346
5 -3.95468
1 -3.86828
0 -2.64645
0 -4.13206
0 -3.87989
0 -3.85554
0 -4.06586
0 -2.84464
5 -2.73878
0 -3.67651
3 -4.05567
0 -3.57033
1 -3.97188
0 -2.33789
7 -3.70107
3 -3.85273
2 -3.98598
5 -3.83521
0 -3.58525
0 -4.11001
3 -3.06076
0 -4.20775
2 -3.85104
0 -3.44343
1 -3.6851
12 -3.78258
0 -2.70764
0 -3.86473
0 -4.20465
0 -3.41682
0 -3.65555
0 -3.41295
1 -2.33226
5 -3.33562
0 -3.5773
3 -3.59273
0 -3.76714
0 -3.7882
0 -3.85714
0 -4.09816
31 -4.0606
0 -3.78022
0 -4.12834
0 -4.07136
0 -3.96786
0 -3.72143
0 -3.88255
0 -3.68244
49 -2.96611
0 -4.08618
0 -4.49245
2 -4.15182
0 -4.06993
0 -4.19065
6 -4.06537
0 -3.68242
0 -3.19743
2 -4.01068
1 -4.00128
0 -2.95592
0 -3.93719
4 -4.48217
0 -3.41097
0 -3.49668
0 -4.04811
0 -3.52295
0 -2.99484
0 -4.46955
0 -3.82982
3 -4.02596
0 -3.6882
1 -4.05841
0 -4.0119
0 -3.88831
1 -3.98811
26 -2.67291
0 -3.8157
0 -3.45062
0 -3.83238
0 -4.01851
2 -4.01727
0 -4.15457
2 -3.97587
0 -4.02726
6 -1.529
0 -3.94202
0 -3.6206
0 -3.97094
0 -3.38541
0 -4.00809
54 -3.66482
2 -3.98138
0 -3.07549
0 -3.52984
1 -4.32332
2 -3.77917
1 -3.71978
34 -3.64669
1 -3.84173
0 -3.98
7 -3.99622
0 -3.28064
1 -2.94128
1 -2.72468
0 -3.9495
4 -3.0604
2 -4.07087
1 -3.84784
1 -3.51625
0 -4.03731
16 -2.00331
0 -3.5493
0 -4.14536
1 -4.14342
2 -3.90094
4 -2.26114
17 -3.98386
2 -3.60592
0 -3.41947
1 -4.00095
1 -4.03274
0 -3.56792
1 -4.09325
2 -2.10657
0 -2.363
0 -4.36589
0 -4.63085
0 -4.49285
0 -4.46289
0 -4.68358
0 -4.60488
0 -4.74171
0 -4.17045
0 -4.18776
0 -4.14602
0 -4.59965
0 -4.58567
0 -3.46861
0 -4.42442
0 -4.80455
0 -4.3614
0 -4.98495
3 -4.48218
0 -4.26131
1 -4.44797
0 -4.43647
0 -4.954
0 -4.55395
0 -4.58877
0 -4.70535
0 -4.80365
0 -4.18211
0 -4.12382
0 -4.57765
0 -4.97714
0 -4.66873
0 -5.03059
0 -5.01977
0 -5.00111
0 -4.10397
0 -4.97036
0 -4.86747
0 -4.8809
0 -4.96132
0 -4.80516
0 -4.98335
0 -4.77884
0 -4.79609
0 -4.11604
0 -4.39309
0 -4.15754
0 -4.05483
0 -4.01699
0 -4.12318
0 -4.00749
0 -3.78536
0 -4.11691
0 -4.26389
0 -4.19882
0 -4.08675
0 -4.05537
0 -4.13679
0 -4.28957
0 -4.13163
0 -3.95067
0 -4.07707
0 -4.64384
0 -3.88622
0 -4.05614
1 -4.2077
0 -4.04464
0 -4.29072
0 -4.18994
0 -4.24866
0 -4.29677
0 -3.92884
0 -4.11933
0 -4.05836
0 -4.37211
0 -4.28375
0 -4.12678
0 -4.11731
0 -3.93819
0 -3.94268
0 -4.26263
0 -3.32287
0 -4.01497
0 -4.10874
0 -4.0977
0 -4.21457
0 -3.92627
0 -4.2831
0 -4.17645
0 -4.16001
0 -3.89401
0 -4.0092
0 -4.07296
0 -4.16759
0 -4.61265
0 -4.73117
0 -5.26034
0 -4.70762
0 -4.00832
0 -4.59313
1 -4.37381
0 -4.88523
0 -4.89116
0 -4.67062
0 -4.71306
0 -4.72099
0 -4.41111
0 -4.30733
0 -4.58782
0 -4.10743
0 -4.7464
0 -4.46388
0 -4.45371
0 -4.40379
0 -4.56022
2 -4.76748
0 -4.78339
0 -4.57234
0 -4.72322
0 -4.62359
0 -4.05499
0 -4.31417
0 -4.57569
0 -4.40729
19 -4.42541
0 -4.78347
0 -4.55415
1 -4.84293
0 -4.64884
2 -4.86907
0 -3.8815
0 -4.69553
0 -4.51804
0 -4.7919
0 -4.58995
0 -4.29638
0 -4.47575
0 -4.58037
0 -4.75116
1 -4.71608
0 -4.64241
0 -4.11531
0 -4.93324
0 -4.52082
0 -4.66625
0 -4.46783
0 -4.67366
0 -4.55941
0 -4.40689
0 -4.14276
3 -4.68504
0 -4.68434
0 -4.10673
0 -4.47122
0 -4.25151
0 -4.35277
0 -4.57196
0 -4.32942
0 -4.64532
0 -4.66658
0 -4.61785
1 -3.90676
0 -3.91319
0 -3.93086
0 -4.52495
0 -4.6596
3 -4.49854
0 -4.3735
0 -4.66635
0 -4.78405
0 -4.56315
0 -4.44667
1 -4.10848
8 -4.68694
0 -4.64657
0 -4.51121
0 -4.3857
0 -4.70207
0 -4.72702
3 -4.63301
1 -4.5337
0 -4.65316
0 -4.06371
0 -4.69829
0 -4.87415
0 -4.43121
2 -4.85617
1 -4.85006
0 -4.39631
0 -4.25698
0 -4.71401
0 -4.60928
0 -4.17296
0 -4.97522
0 -4.19135
3 -4.42003
0 -4.8735
0 -4.55236
0 -4.31727
0 -3.78227
0 -4.22215
0 -3.88212
0 -4.16808
0 -4.0784
0 -3.81463
0 -4.27309
0 -4.24355
0 -4.21463
0 -4.10341
2 -4.11959
0 -4.21435
0 -3.85474
0 -3.88687
0 -4.75658
2 -4.51424
0 -4.43219
0 -4.75411
0 -4.39057
0 -4.80753
0 -4.07269
0 -4.74109
0 -4.40158
0 -4.16059
0 -4.35203
0 -4.47968
0 -4.329
1 -4.48663
0 -4.53942
0 -4.7081
0 -4.59378
1 -4.18597
0 -4.20208
0 -4.54878
0 -4.75112
0 -4.17178
0 -3.7828
0 -4.56556
0 -4.4279
0 -4.41223
0 -4.49303
0 -4.54384
0 -4.26315
0 -4.44753
0 -4.25015
0 -4.78185
0 -3.90126
3 -4.18283
0 -4.91085
0 -4.41918
0 -4.64716
0 -4.46521
0 -4.84694
0 -4.26713
0 -4.34124
0 -4.3837
0 -4.64397
1 -4.65962
0 -4.68828
0 -3.88198
0 -4.16789
2 -4.21716
1 -4.89226
0 -4.7198
2 -4.86153
0 -4.39665
0 -4.59226
0 -3.75599
0 -4.61844
1 -4.22526
0 -4.30574
1 -4.52638
0 -4.51052
0 -4.38115
0 -4.55002
0 -4.85631
0 -4.26945
0 -4.25562
0 -4.37501
0 -4.31261
0 -4.38674
0 -4.25372
0 -4.36987
0 -4.5168
0 -4.62422
0 -4.53174
0 -4.47149
1 -4.52066
0 -4.47296
0 -4.56839
1 -4.40963
0 -4.23941
0 -4.37066
0 -4.0705
0 -4.49804
0 -4.59161
0 -4.62938
1 -4.23809
0 -4.49048
0 -4.0481
0 -4.55536
0 -4.15512
0 -4.39251
0 -4.31812
0 -4.6533
0 -4.54232
0 -4.56933
0 -4.48913
0 -4.29933
0 -4.65705
0 -4.37198
0 -4.46448
0 -4.44493
0 -4.25118
0 -4.25442
0 -4.34008
0 -4.39732
0 -4.48323
0 -4.28431
0 -4.46854
0 -4.1158
0 -4.51551
0 -4.37727
0 -4.58398
0 -4.19066
0 -4.80141
0 -5.24353
0 -4.8637
0 -5.40233
0 -5.12526
0 -4.83493
0 -4.80575
0 -5.118
0 -4.94338
0 -4.87831
0 -4.90552
0 -4.82623
1 -4.89807
0 -4.87418
0 -5.34195
0 -5.15608
0 -4.90622
0 -4.93575
0 -5.18294
0 -4.94333
0 -4.98113
0 -4.80783
1 -4.88591
0 -4.92385
0 -4.84343
0 -5.04411
0 -4.92969
0 -4.8261
0 -4.84414
0 -4.88427
0 -5.18353
0 -4.82259
0 -5.08567
0 -5.0779
0 -5.10471
0 -5.17348
0 -4.90409
0 -5.60435
0 -4.90215
0 -4.44767
1 -4.78788
0 -4.86234
0 -5.26309
0 -5.08474
0 -5.0973
0 -5.23103
0 -4.86457
0 -4.92462
0 -4.86313
0 -4.96531
0 -4.95252
0 -4.97019
0 -4.92183
0 -4.83133
0 -4.94654
0 -5.0164
0 -4.9393
0 -4.83868
0 -5.06484
0 -5.04657
0 -4.98156
0 -4.87161
0 -4.71953
0 -4.9856
0 -4.71912
0 -4.89588
1 -5.01768
2 -5.02529
0 -5.0457
0 -4.84541
0 -5.0061
0 -4.9531
0 -4.40389
0 -4.69176
0 -4.67111
0 -4.22751
0 -4.50469
0 -4.78583
0 -4.59775
0 -4.41034
0 -4.77479
0 -4.68094
0 -4.00687
0 -4.94791
0 -4.55332
0 -4.47562
0 -4.62559
0 -4.30144
0 -4.59988
0 -5.23782
0 -4.96817
0 -4.84613
0 -5.03231
0 -4.68491
0 -4.61437
7 -3.85686
0 -4.35284
0 -4.46696
0 -4.51184
0 -4.48162
0 -4.17191
2 -4.20183
0 -4.21185
1 -4.48731
2 -3.77212
0 -4.24179
2 -4.38433
3 -3.2733
1 -4.08881
0 -3.90377
1 -4.32663
1 -4.33604
0 -4.8
45 -3.70023
1 -3.92336
2 -4.59343
0 -4.42227
1 -4.1751
3 -3.93055
0 -4.76204
0 -4.44417
3 -4.31848
0 -4.24634
3 -4.56606
26 -4.1209
2 -4.54997
0 -4.63207
7 -3.97022
11 -4.4181
0 -4.23633
11 -3.65562
0 -4.46374
2 -4.0733
1 -4.85425
4 -4.10088
1 -4.43402
16 -3.70508
3 -4.2947
1 -4.58113
0 -4.57796
0 -4.63731
0 -4.31241
2 -4.44848
1 -4.12975
0 -4.57321
0 -4.26098
0 -4.30489
1 -3.72925
2 -4.42386
3 -4.44463
0 -4.28738
0 -4.34454
2 -3.85732
0 -4.3912
1 -4.04943
0 -4.54933
0 -4.2594
0 -3.91669
3 -4.42654
0 -4.6254
0 -4.20764
0 -4.4483
0 -4.09228
0 -3.8486
0 -4.05706
0 -4.52221
0 -4.44573
1 -3.65992
0 -4.25587
2 -4.27406
0 -4.4454
0 -4.23311
2 -4.28088
0 -4.41779
0 -4.32269
0 -4.32912
0 -4.7109
0 -4.59328
0 -4.8027
0 -3.94397
0 -4.53217
1 -4.26062
0 -4.32369
0 -4.08439
0 -4.34252
1 -4.62951
1 -4.33787
0 -3.96837
0 -4.17214
0 -4.2251
1 -4.22354
0 -4.92525
0 -4.75111
0 -4.21352
0 -4.13666
0 -4.0298
0 -3.88783
0 -4.56853
0 -4.90337
0 -4.10694
0 -4.5037
0 -3.90385
0 -3.94224
0 -4.52481
0 -4.3097
0 -4.83245
0 -3.87435
0 -4.5357
0 -4.27773
0 -4.12845
0 -4.70877
0 -4.48806
0 -4.14487
0 -4.12577
0 -4.06828
4 -4.34802
7 -4.39948
1 -4.58801
2 -4.68364
7 -4.4073
2 -4.73531
0 -4.68922
0 -4.63202
