0 -4.88952
7 -4.88732
1 -4.88151
3 -5.10907
5 -5.04632
0 -5.24297
0 -5.21022
2 -4.62401
2 -5.00661
0 -5.33812
1 -5.28995
0 -5.26255
1 -5.13579
1 -4.83375
5 -4.71635
0 -5.32094
0 -5.16572
6 -5.34315
0 -5.24701
0 -4.88486
0 -5.16879
3 -5.27004
2 -5.04638
1 -5.29675
10 -5.12398
1 -4.84872
0 -5.13101
17 -5.20784
4 -5.06087
2 -5.25455
0 -5.37616
0 -5.16272
1 -5.09547
0 -4.82923
0 -5.09477
0 -4.77513
23 -5.10691
0 -5.20823
16 -5.25522
0 -5.30788
1 -5.22465
0 -5.42854
4 -5.30617
1 -5.26069
0 -4.73693
6 -4.98024
4 -5.31883
2 -4.96529
0 -5.34227
9 -5.12208
26 -4.99112
4 -4.91357
12 -4.89085
37 -4.88889
1 -5.23077
1 -4.99401
1 -5.14514
8 -5.06212
0 -5.29184
2 -5.19392
2 -5.2518
7 -5.32859
0 -4.75909
0 -5.27006
1 -5.26253
6 -5.23313
2 -5.29633
1 -4.9775
0 -4.15484
0 -5.17583
5 -4.58636
1 -5.01531
0 -5.1179
2 -4.72347
33 -4.31311
30 -4.1914
0 -5.05888
3 -4.48273
0 -4.66155
1 -4.8581
5 -4.22477
2 -4.78748
0 -4.14337
2 -4.41166
37 -4.5429
4 -4.84174
2 -4.32453
0 -5.09401
0 -4.88599
1 -4.5205
0 -4.97764
0 -4.97456
0 -4.80225
2 -3.66073
0 -3.8976
3 -4.45059
1 -4.26219
47 -3.96825
0 -5.232
0 -4.4462
1 -5.12451
0 -5.1343
0 -4.49837
9 -4.38697
12 -3.97329
2 -5.13927
0 -4.39975
0 -4.88605
1 -5.22265
8 -4.13576
0 -4.56002
3 -4.60421
93 -3.53641
0 -4.15248
1 -5.0611
4 -5.27529
0 -4.3191
49 -3.99959
10 -3.97671
35 -4.46194
11 -4.22482
27 -3.91815
41 -4.13743
0 -4.40576
4 -4.63394
2 -4.16389
8 -5.30325
3 -4.30523
12 -4.27868
0 -4.28496
1 -4.75985
0 -4.95911
0 -4.76957
6 -4.35533
0 -5.01672
2 -5.40354
0 -5.24773
0 -4.90911
1 -4.65571
0 -4.81637
0 -4.73134
10 -5.15095
2 -5.01615
2 -5.10963
4 -5.04542
7 -4.77366
0 -4.88259
5 -5.00391
3 -5.10355
2 -5.04148
5 -4.87307
1 -5.05975
3 -4.88117
0 -5.06999
0 -5.15956
7 -4.3601
5 -5.05557
0 -4.78049
2 -5.00404
1 -5.07848
0 -4.80673
7 -4.90249
0 -5.14278
2 -4.97437
8 -5.06639
4 -5.07634
2 -4.64776
2 -4.79749
6 -4.92713
9 -4.89791
1 -4.84259
2 -4.40674
2 -5.41741
11 -4.63602
0 -5.14511
1 -5.02573
8 -3.9057
0 -5.00634
0 -4.88863
5 -4.71982
8 -4.78466
6 -4.92688
6 -4.60219
9 -4.66845
2 -5.00748
7 -4.52416
0 -4.396
2 -5.1434
0 -5.15279
2 -4.86378
0 -4.74895
0 -4.82771
6 -5.18169
2 -5.00453
0 -5.12029
0 -5.07629
20 -4.76523
3 -4.67239
0 -5.18881
5 -4.75774
5 -4.93905
12 -4.39562
0 -5.03685
16 -4.82432
0 -4.87999
4 -4.86821
1 -5.03723
0 -4.9789
1 -5.17799
0 -5.07309
0 -5.01396
5 -5.17544
11 -5.20098
3 -4.41325
6 -5.10993
0 -5.06353
1 -4.80402
1 -5.1294
0 -4.96881
0 -4.9488
1 -5.12475
0 -5.23336
0 -5.14883
0 -5.117
0 -4.93791
1 -5.06117
0 -5.16344
0 -4.73254
18 -4.95486
0 -4.81293
2 -5.17016
0 -4.82839
1 -4.78047
3 -5.09591
0 -4.80145
0 -4.99568
0 -4.38655
1 -4.87827
0 -5.1225
0 -4.9907
0 -5.20832
0 -4.8877
8 -5.0343
2 -5.17599
4 -5.35693
0 -5.22281
1 -5.10656
4 -4.91211
0 -4.83544
0 -4.89123
1 -5.10299
0 -4.85416
2 -4.88987
1 -5.17951
0 -4.93316
0 -4.70819
1 -4.70659
4 -5.19509
1 -5.0336
0 -4.87264
1 -5.06807
1 -4.39987
2 -5.00842
3 -4.77863
1 -4.86569
14 -4.69865
0 -4.91003
0 -5.02144
1 -4.72702
0 -5.01878
6 -4.88361
0 -4.72469
41 -4.8678
9 -4.71244
0 -4.76456
0 -4.80114
0 -4.92133
2 -4.96563
0 -4.47996
0 -4.8866
0 -5.02709
2 -5.0156
0 -4.99828
0 -5.16952
1 -4.92045
0 -5.02907
0 -5.06778
1 -4.93489
1 -4.72993
0 -4.96926
1 -4.90496
0 -4.76754
4 -4.16155
1 -5.17603
2 -5.03901
2 -4.7828
2 -6.08134
0 -5.81824
0 -5.7478
0 -6.131
0 -5.94151
0 -5.8716
0 -5.79404
0 -5.65239
0 -5.98208
0 -5.65947
0 -5.78201
0 -5.98721
1 -6.06576
0 -6.13079
0 -5.27112
0 -5.34197
0 -5.99484
0 -5.71319
0 -6.24366
0 -5.71819
0 -5.53864
1 -6.01263
0 -5.6859
0 -6.04093
0 -6.04565
0 -5.61832
0 -6.07514
0 -6.14368
0 -5.95246
0 -6.26664
0 -5.84358
0 -5.73781
0 -5.05011
0 -6.03821
0 -5.7805
0 -5.54181
0 -6.36023
0 -5.3878
0 -5.56885
0 -5.49457
0 -5.53742
0 -5.7885
0 -6.12734
0 -6.01789
0 -5.25002
0 -5.7203
0 -6.04061
0 -6.00166
0 -6.09487
0 -5.86401
0 -6.22374
0 -5.87555
1 -5.86019
1 -5.90778
0 -5.76962
0 -5.64673
0 -5.78529
0 -5.84654
59 -5.44085
0 -5.70381
1 -5.77986
2 -6.07073
0 -5.96546
0 -5.93741
19 -5.79913
0 -5.85012
0 -5.51156
2 -5.81666
0 -5.70051
0 -6.04267
0 -5.63737
0 -6.00881
0 -5.54784
0 -5.8754
0 -6.18992
0 -5.6199
0 -6.01819
0 -5.46219
0 -6.02686
1 -6.21319
0 -5.9726
1 -5.49019
0 -5.74403
2 -5.70276
0 -5.90766
0 -6.30257
0 -5.45695
4 -5.84518
0 -5.96546
1 -6.10433
0 -6.10554
13 -5.79833
2 -6.06958
0 -5.72532
0 -6.14362
0 -6.05222
1 -6.00387
0 -5.95631
7 -6.12466
3 -6.03389
4 -6.00083
0 -5.8858
1 -5.78765
0 -5.70235
0 -6.0889
0 -5.99629
1 -5.52221
0 -5.98596
0 -6.12791
0 -5.88074
0 -5.79613
0 -6.01207
0 -5.94605
1 -6.1129
0 -6.09926
0 -5.57094
0 -6.07291
0 -5.89568
0 -5.43138
0 -5.16767
0 -6.07717
0 -5.71707
0 -5.67793
0 -6.08193
2 -5.72539
0 -5.57786
1 -6.02977
0 -6.00479
0 -5.96087
0 -5.85207
0 -6.08841
0 -6.24865
0 -6.11198
0 -5.44553
0 -5.91482
0 -5.64566
0 -6.05597
1 -5.75953
0 -5.59226
0 -5.62142
1 -6.16353
13 -5.96561
0 -5.59158
4 -6.0863
0 -6.15088
1 -5.57496
0 -5.68921
0 -5.45375
0 -5.83658
0 -5.65338
0 -5.6923
0 -5.43127
0 -5.64303
0 -5.56426
0 -5.38682
0 -5.52856
0 -5.53538
0 -5.15865
0 -5.39451
0 -5.51434
0 -5.39732
3 -5.84276
0 -5.59845
0 -5.43016
1 -5.70047
0 -5.5049
0 -5.33138
1 -5.69569
1 -5.43029
0 -5.62694
1 -5.42677
1 -5.63861
0 -5.49433
6 -5.74328
0 -5.68308
0 -5.30378
0 -5.68991
0 -5.52865
1 -5.6961
0 -5.67788
0 -5.46045
1 -5.75719
0 -5.53864
0 -5.3567
0 -5.39561
1 -5.60323
0 -5.44169
0 -5.64992
0 -5.70673
4 -5.50971
1 -5.67077
1 -5.45768
0 -5.61071
4 -5.45321
1 -5.66034
0 -5.42828
0 -5.66966
0 -5.46351
0 -5.66215
0 -5.58029
0 -5.86282
0 -5.64407
0 -5.34814
0 -5.27879
0 -5.45504
0 -5.54932
0 -5.24442
0 -5.34055
1 -5.69456
0 -5.34923
0 -5.67512
0 -5.58422
0 -5.56408
0 -5.47141
0 -5.66132
1 -5.70379
0 -5.43059
0 -5.43512
0 -5.19226
0 -5.66089
0 -5.7355
0 -5.47029
0 -4.85448
0 -5.57782
0 -5.6685
0 -5.43718
0 -5.37326
0 -5.72521
2 -5.5432
0 -5.67789
0 -5.79491
0 -5.4162
1 -5.39775
0 -5.52693
0 -5.66421
0 -5.69183
0 -5.68341
0 -6.18885
0 -6.11739
0 -6.25384
0 -6.00164
0 -6.25794
3 -6.41798
0 -6.40781
0 -6.40457
0 -6.42871
0 -6.37622
0 -6.16513
0 -6.31484
0 -6.35082
0 -6.35527
0 -6.22403
0 -6.30915
2 -6.44645
0 -6.41221
0 -6.38465
0 -6.17615
0 -6.46991
0 -6.37154
0 -6.21938
1 -6.12921
1 -6.43019
0 -6.02101
0 -6.06314
0 -6.4124
0 -6.10067
0 -6.52341
0 -6.37997
0 -6.4973
0 -6.3202
0 -6.33608
0 -6.31327
0 -6.16476
0 -6.36395
0 -6.40923
0 -6.29072
0 -6.40072
0 -6.41478
0 -6.35531
0 -6.30911
0 -6.05522
0 -6.44125
0 -6.47926
0 -6.31317
0 -6.35666
0 -6.30352
0 -6.37355
0 -6.083
1 -6.2348
0 -6.33699
0 -6.16856
0 -6.46024
2 -5.98839
1 -6.45941
0 -5.9416
0 -6.13956
0 -6.50678
0 -6.34362
0 -6.2407
1 -6.27228
0 -6.31766
0 -6.23659
0 -6.38321
0 -6.33389
0 -6.15313
0 -6.15342
1 -6.04054
0 -6.48421
0 -6.49577
0 -6.16535
0 -6.48189
0 -6.48621
0 -6.38986
3 -6.36467
0 -6.26869
0 -6.34967
0 -6.02534
0 -6.29764
2 -6.20215
0 -6.29169
0 -6.49824
1 -6.32117
0 -6.40454
0 -6.00245
0 -6.17405
0 -5.97147
0 -6.05453
0 -6.39263
1 -6.21523
0 -6.08324
0 -6.4116
0 -6.39879
1 -6.42091
1 -6.32206
0 -6.40562
0 -6.36847
0 -5.21847
0 -5.26497
0 -5.79703
0 -5.84653
0 -5.83296
0 -4.95139
0 -5.90117
0 -5.80215
0 -5.69086
0 -5.54827
0 -5.5004
0 -6.54106
2 -6.48747
0 -6.00162
0 -5.92748
0 -5.66325
0 -5.2892
0 -5.63682
1 -5.35979
0 -6.45176
0 -5.89458
0 -5.82804
2 -5.78155
0 -5.78231
0 -5.65196
0 -7.06432
0 -5.9077
0 -6.28002
0 -4.81012
0 -5.51463
0 -5.99223
0 -6.90405
0 -5.88349
0 -5.77414
0 -5.77032
0 -5.9286
0 -5.70781
0 -5.87654
0 -5.77853
0 -5.81854
0 -5.6467
0 -7.01514
0 -5.89843
0 -5.90352
0 -5.96809
10 -5.75108
0 -5.76195
0 -5.84904
0 -5.31106
0 -5.4729
0 -7.7349
0 -5.84099
0 -5.927
0 -4.90846
0 -7.0126
0 -5.52036
0 -5.98979
0 -5.8301
0 -5.94817
0 -5.25615
0 -5.49706
0 -6.04823
0 -5.56553
0 -5.83972
0 -5.69169
0 -5.8928
0 -5.4025
0 -7.89445
0 -6.00301
0 -5.78414
0 -5.93688
0 -5.96822
0 -6.93749
0 -6.00749
0 -5.91136
0 -5.86245
0 -6.7696
0 -5.85015
0 -5.86056
0 -5.8127
0 -5.9246
0 -5.88445
0 -7.16159
0 -5.88567
0 -5.98782
0 -6.11087
2 -5.77712
0 -5.40035
0 -5.91752
0 -6.33675
0 -5.98868
0 -5.71123
0 -5.67013
1 -5.74979
0 -5.79336
0 -6.47535
0 -7.16433
0 -5.84305
0 -6.25883
0 -5.89438
0 -5.77854
0 -5.50396
0 -5.47923
0 -5.39199
0 -4.79228
0 -4.89988
0 -5.2619
0 -5.07429
0 -4.93611
0 -5.02436
0 -4.52967
4 -5.25848
0 -5.03163
1 -5.08043
3 -5.0681
0 -5.09451
0 -4.42661
0 -4.93175
0 -5.13954
0 -4.98713
0 -4.93899
0 -4.85842
0 -5.23664
0 -4.96339
0 -5.02642
0 -4.99844
0 -4.66832
1 -5.03082
0 -5.0829
0 -4.52864
0 -4.52781
1 -5.59669
0 -4.73962
0 -5.12863
0 -4.9095
0 -4.95558
0 -4.89998
4 -5.04853
0 -5.02021
1 -4.82924
0 -5.20913
0 -4.75536
0 -4.92171
0 -5.01191
0 -5.02801
0 -4.86054
0 -4.91081
0 -4.83342
1 -5.11343
0 -4.90134
0 -5.10921
0 -4.42143
0 -5.13526
0 -4.85547
1 -5.13788
0 -5.11273
0 -4.90857
1 -5.04402
0 -4.76207
3 -4.94994
1 -5.06984
0 -4.96528
2 -5.22186
0 -4.34069
0 -4.74631
0 -4.95288
1 -4.88774
0 -4.93412
0 -4.76937
0 -4.23184
0 -4.59856
0 -4.81828
3 -4.88001
0 -5.03832
0 -4.99352
0 -5.06236
0 -5.15161
0 -4.67304
0 -4.97726
1 -5.04457
0 -4.67403
0 -4.98828
0 -5.14566
0 -4.66962
0 -5.0541
0 -5.05356
0 -4.79698
0 -5.10195
0 -4.7309
0 -4.75436
2 -5.06501
0 -4.95567
0 -4.94215
1 -5.13404
1 -5.46257
0 -4.97771
1 -5.23003
0 -4.97279
0 -4.52649
0 -5.07696
0 -4.49245
0 -4.72605
0 -4.86228
0 -4.85039
0 -5.04136
0 -4.79863
0 -4.93068
0 -4.66544
1 -5.20762
0 -5.10899
1 -5.02622
0 -5.17416
0 -4.89359
0 -4.86283
0 -5.09076
0 -4.9779
0 -5.09497
1 -5.07711
2 -4.99763
0 -4.63645
3 -5.05579
1 -4.74319
0 -4.66077
2 -5.16198
0 -4.85826
2 -4.94427
1 -4.92814
0 -4.60584
1 -5.01441
5 -5.05202
0 -4.88225
3 -4.97572
4 -4.71912
5 -5.02929
2 -5.37684
0 -4.82878
0 -4.60134
0 -5.02096
0 -4.92831
4 -4.6718
9 -4.96947
0 -3.34777
0 -4.88643
0 -4.84129
0 -5.00759
0 -4.95524
2 -4.65764
0 -4.85655
0 -5.01262
11 -4.28565
0 -4.86124
12 -4.98962
7 -4.51027
2 -4.78016
0 -5.10155
2 -5.0128
0 -3.94978
0 -4.99999
0 -4.7016
0 -4.04602
1 -5.02714
1 -4.62746
1 -4.82518
1 -5.01306
1 -4.93276
1 -4.26958
0 -4.94536
0 -4.37891
2 -4.57429
0 -4.9794
0 -4.65641
2 -4.60558
2 -4.91835
1 -4.76478
1 -4.73924
26 -5.0479
3 -4.78536
0 -4.81722
3 -4.48987
0 -5.03372
0 -4.74036
0 -5.21175
2 -4.72469
0 -5.01487
0 -5.20311
0 -3.83009
1 -5.00422
1 -4.83357
0 -5.18951
27 -5.15259
27 -5.07868
1 -5.19489
1 -5.02022
4 -5.21212
1 -5.09722
1 -5.20203
0 -4.97491
1 -5.27078
0 -4.9755
6 -5.16792
11 -5.09217
1 -4.91328
29 -4.92722
11 -5.04791
1 -5.14559
0 -5.03393
0 -4.81734
2 -5.06401
1 -5.20459
2 -5.04619
1 -5.01732
9 -4.78415
0 -5.48364
0 -5.59256
0 -5.55468
0 -5.47204
3 -5.44045
0 -5.54117
0 -5.36556
0 -5.69159
2 -5.6178
3 -5.67999
0 -5.72493
1 -5.06648
2 -5.67471
0 -5.94823
0 -5.98069
0 -5.69
0 -5.97339
0 -5.8833
0 -6.0097
0 -6.42214
0 -5.8591
0 -6.00721
0 -5.78975
0 -5.68358
0 -5.77357
0 -5.81599
0 -5.80412
0 -5.87045
0 -5.9492
0 -6.24837
0 -6.05403
0 -5.96863
0 -6.15359
0 -6.18342
0 -6.49363
3 -5.90904
1 -5.93737
2 -5.90078
0 -6.04286
0 -6.36382
2 -6.00334
1 -5.99324
0 -5.80216
1 -6.27551
0 -5.76482
1 -5.73433
0 -5.93654
0 -5.9666
0 -6.29975
0 -6.02243
0 -5.84474
0 -5.81612
0 -6.0217
0 -5.95177
0 -6.0716
0 -5.85055
0 -5.88381
0 -5.78245
1 -5.83175
1 -5.97122
0 -6.03376
0 -6.24456
9 -5.92959
0 -5.80103
0 -6.23492
1 -5.93024
0 -6.07488
0 -6.2376
0 -6.04087
0 -6.0256
1 -5.80736
0 -6.01909
0 -6.03971
0 -5.76029
0 -5.95406
9 -5.82897
0 -5.63126
0 -6.06703
0 -6.29873
0 -6.0537
0 -5.98017
0 -6.11262
0 -5.84149
0 -5.87066
0 -6.06371
0 -5.89347
2 -5.92879
0 -5.80447
0 -5.67473
0 -6.12228
1 -5.92598
0 -5.90158
0 -5.64235
1 -5.81566
10 -5.60613
0 -5.9522
0 -7.12622
2 -6.68237
0 -6.80974
0 -6.68605
0 -6.7731
0 -6.67771
0 -6.4625
0 -6.60642
0 -6.62281
0 -6.67239
0 -6.65037
0 -6.68858
0 -6.67995
0 -6.8764
0 -6.68347
0 -6.64502
0 -6.39074
0 -6.69936
1 -6.68549
0 -6.41828
1 -6.72775
0 -6.3368
0 -6.38244
0 -6.30638
0 -6.61168
0 -6.70548
3 -6.53962
0 -6.44008
0 -6.7401
0 -6.64917
0 -6.69678
0 -6.40404
0 -6.64227
0 -6.69434
0 -6.65334
0 -6.89644
0 -6.81002
0 -6.63823
0 -6.84027
0 -6.52746
0 -6.49952
0 -6.49944
0 -6.65377
0 -6.9251
0 -6.76185
0 -6.41096
0 -6.58868
0 -6.6581
0 -6.70174
0 -6.34559
0 -6.40784
0 -6.64112
0 -6.22826
0 -6.87553
0 -6.50402
0 -6.73431
0 -6.9502
0 -6.55975
0 -6.53909
0 -6.93276
0 -6.64732
1 -6.3293
0 -6.83081
0 -6.57317
0 -6.62389
0 -6.50123
0 -6.4759
0 -6.69429
0 -6.75628
0 -6.65757
0 -6.76934
0 -6.49987
0 -6.69435
0 -6.37162
0 -6.77936
0 -6.81513
0 -6.64342
0 -6.71281
0 -6.55691
0 -6.7414
0 -6.37301
1 -6.65597
0 -6.29593
0 -6.85973
0 -6.43364
1 -6.68403
0 -6.72208
0 -5.14229
10 -5.02341
0 -4.90813
1 -4.54498
0 -5.04102
2 -4.84153
1 -4.80259
0 -5.02985
2 -5.02882
3 -4.78959
0 -4.83887
1 -4.65935
0 -5.0851
0 -4.79756
3 -4.84229
2 -4.8507
1 -5.10278
2 -4.94052
0 -5.10212
2 -4.83628
0 -3.9287
0 -4.98844
3 -4.99227
8 -4.99373
10 -4.89886
0 -4.67072
0 -4.65068
0 -4.0357
1 -5.3664
5 -5.05928
0 -4.7991
1 -4.76764
1 -4.69475
6 -4.77848
1 -4.81189
6 -5.09214
3 -4.89421
4 -4.87743
0 -5.06385
1 -4.79816
8 -5.76123
1 -4.7755
0 -4.71192
2 -5.22275
9 -5.04866
2 -4.91961
0 -5.01072
3 -5.35869
0 -5.12975
1 -4.80973
5 -4.87643
0 -4.86051
4 -5.12871
0 -4.78884
7 -4.88337
0 -4.66902
1 -4.92572
4 -5.12034
1 -5.30716
0 -4.84986
9 -5.2492
2 -4.96081
1 -4.69808
2 -4.90159
0 -5.05326
1 -4.83859
0 -4.95855
0 -4.79961
1 -4.94635
3 -5.6003
0 -5.24653
0 -4.85112
5 -5.13608
0 -4.70263
6 -4.49471
1 -4.85468
3 -4.72331
0 -4.96677
0 -4.72738
0 -4.81304
4 -4.68961
0 -4.7187
0 -5.5101
0 -5.7211
0 -5.778
0 -5.47864
1 -4.99197
0 -5.17642
0 -5.02955
0 -5.29409
0 -5.14294
0 -5.44601
1 -5.68732
0 -4.72649
0 -5.54907
2 -5.44829
0 -5.29433
1 -5.22516
0 -5.44059
0 -4.95355
0 -5.50649
0 -5.11678
0 -5.45739
1 -5.06683
0 -5.56258
0 -5.71416
0 -5.75187
1 -5.38514
0 -5.49801
0 -5.2899
0 -5.12161
0 -5.14665
0 -5.5616
0 -5.66338
0 -5.10564
0 -4.72598
0 -4.62735
0 -5.54919
0 -5.42603
0 -5.65939
3 -5.23606
0 -5.54071
0 -5.69215
0 -5.4213
0 -5.25085
0 -5.64853
0 -5.50092
1 -4.8227
0 -4.95988
6 -5.4519
0 -5.11341
0 -5.52717
0 -5.56135
0 -5.54989
0 -5.244
0 -5.60765
0 -5.06208
0 -5.54508
0 -5.58963
0 -5.46764
0 -5.55293
0 -4.982
0 -5.65026
0 -5.18054
0 -5.43752
1 -5.64476
0 -5.61283
0 -5.06963
0 -4.8266
0 -5.25433
0 -5.52759
0 -5.38536
0 -5.27102
0 -4.77704
0 -5.21091
0 -5.7722
0 -4.97856
0 -5.32664
0 -4.77575
0 -4.50632
0 -5.31835
0 -5.42369
0 -5.20807
0 -5.5161
0 -5.73298
0 -5.14329
1 -5.43522
0 -5.52466
0 -5.57933
0 -5.42725
0 -5.60521
0 -5.10509
0 -4.81623
2 -5.68604
0 -5.15651
0 -5.36181
1 -5.26945
7 -5.53705
0 -5.45763
0 -5.60893
0 -5.60189
0 -5.03853
0 -5.03877
0 -5.45769
0 -4.95465
0 -5.06948
0 -5.34834
1 -4.9953
0 -4.92633
0 -4.89094
0 -5.45389
0 -5.18174
0 -5.02503
0 -5.03324
0 -5.68082
0 -4.66645
0 -5.12051
0 -6.02831
0 -5.68052
1 -6.20279
0 -5.99695
0 -5.79081
0 -6.10795
2 -6.09872
1 -6.2741
1 -6.38999
0 -6.67254
0 -6.49985
0 -5.94669
0 -6.28475
0 -6.16424
0 -5.80559
1 -5.96498
0 -6.37231
0 -5.52433
0 -5.96258
0 -5.45917
3 -6.75389
0 -6.13083
0 -5.86708
0 -5.83685
3 -5.97778
0 -6.59914
0 -5.87604
0 -6.60147
0 -5.84136
0 -5.63995
0 -5.64519
0 -5.87386
0 -6.17224
0 -5.73979
0 -6.28207
0 -6.58837
0 -6.15629
0 -6.14887
0 -5.871
0 -6.43346
0 -5.69942
0 -6.66663
1 -6.2476
0 -6.04397
0 -5.848
0 -6.71886
0 -6.07436
0 -5.97544
0 -5.77502
0 -6.07584
0 -6.51198
0 -6.54622
0 -6.77182
0 -5.77306
0 -6.47162
1 -6.31154
3 -5.92499
0 -6.39205
0 -5.66133
0 -5.65973
0 -5.85407
0 -5.98866
0 -5.84612
0 -6.07013
0 -5.89508
0 -5.96935
0 -6.15249
0 -6.18536
0 -6.13394
0 -6.13014
0 -5.87784
0 -5.97625
0 -5.88513
0 -5.84137
1 -5.8485
0 -6.10603
0 -5.92331
2 -5.90743
0 -5.91327
1 -5.69001
0 -5.74346
0 -6.08477
0 -6.14811
3 -6.05543
0 -5.86435
0 -5.91867
0 -5.95889
0 -6.037
0 -5.97596
0 -6.04246
1 -5.69344
0 -6.01944
1 -5.83267
0 -6.19401
0 -5.97277
0 -6.02583
1 -6.00621
0 -5.88165
0 -6.02157
0 -5.9624
0 -5.91575
0 -6.03353
0 -5.79584
0 -5.67496
0 -5.92019
2 -6.10046
0 -5.96837
0 -6.01768
0 -5.79269
0 -5.9425
0 -6.19955
0 -5.62713
0 -6.0253
0 -6.04227
0 -5.98984
0 -6.09023
0 -5.90996
0 -5.76915
0 -6.0136
0 -6.02939
0 -6.20393
0 -6.06673
0 -6.19976
0 -6.0117
0 -5.90367
0 -5.82133
4 -6.25822
0 -6.14412
0 -5.67314
0 -6.27816
0 -5.93611
0 -6.10244
0 -5.90184
0 -6.10264
0 -5.88907
0 -5.83259
0 -5.73987
0 -5.97687
0 -6.22212
0 -6.14328
0 -5.97718
0 -6.17627
0 -6.05952
18 -5.04614
1 -5.47957
0 -5.7489
0 -5.62686
0 -5.65579
0 -6.07402
0 -5.53177
0 -5.91218
3 -5.87068
0 -5.60894
0 -5.72329
0 -5.79272
0 -5.719
5 -5.87039
0 -5.69789
3 -5.49757
0 -5.58616
0 -5.72895
0 -5.65957
0 -5.69099
0 -5.58702
0 -5.66589
0 -5.71448
0 -5.8215
0 -5.65426
0 -5.64744
1 -4.83944
6 -4.90254
1 -5.09341
1 -4.7965
0 -5.10734
0 -4.7771
2 -4.65717
0 -4.96603
4 -4.10329
6 -5.16241
0 -4.92123
17 -4.55664
10 -5.11317
3 -5.08521
1 -5.07936
1 -4.70561
0 -4.9131
1 -4.90769
1 -5.28938
2 -4.67516
1 -5.24046
16 -4.98148
1 -5.12715
2 -4.95004
1 -4.97976
0 -5.02879
0 -5.15339
0 -5.06249
2 -4.54504
2 -4.80399
0 -4.70915
1 -4.43515
0 -5.15146
0 -4.89004
0 -5.02493
1 -4.88743
0 -5.22864
0 -4.61235
1 -4.86002
0 -4.42092
0 -4.71103
0 -5.09059
0 -4.60121
0 -5.11489
3 -5.14908
0 -5.21513
0 -4.425
4 -4.8061
0 -4.95231
0 -4.68398
2 -4.7923
1 -4.72558
0 -5.10393
0 -4.93426
2 -5.53354
0 -5.44346
8 -3.74731
0 -5.33041
0 -5.45098
0 -5.49926
0 -5.20872
0 -5.48856
0 -5.31258
0 -5.82115
1 -5.45707
1 -5.42552
0 -5.25997
1 -5.40614
2 -5.44259
0 -5.70931
0 -5.81244
0 -5.5855
0 -5.56535
0 -5.14304
0 -5.64387
0 -5.68442
0 -5.81082
15 -3.93049
0 -5.67364
1 -5.59324
1 -5.57899
3 -5.49371
1 -5.53879
15 -4.85778
10 -4.11607
0 -5.66843
0 -5.61215
0 -5.51264
0 -5.56061
3 -5.16941
0 -5.44821
0 -5.46509
0 -5.42959
0 -5.34482
29 -3.92465
1 -5.58539
1 -4.4898
2 -5.00502
0 -5.89553
0 -5.819
2 -5.6638
0 -5.34905
0 -5.42035
0 -5.51719
0 -5.52788
13 -5.04702
0 -5.04482
0 -5.46049
0 -5.26519
2 -5.21768
0 -5.85673
0 -5.70658
0 -5.56343
9 -5.01367
0 -5.52467
0 -5.48473
2 -5.1823
1 -4.98153
0 -4.78373
0 -4.99921
0 -4.69799
0 -4.67614
1 -5.06527
0 -4.95759
0 -5.09386
1 -5.28415
2 -4.92566
0 -5.02558
2 -5.13773
0 -4.95932
0 -5.01963
0 -4.93333
0 -5.14923
0 -5.05725
1 -5.25176
1 -4.75113
0 -5.03703
0 -4.91833
0 -5.23766
2 -5.18763
0 -5.19417
2 -5.14862
0 -4.97685
0 -5.08578
0 -5.0621
1 -5.26818
0 -4.80363
0 -5.05742
0 -5.14711
6 -5.04629
1 -5.04799
0 -5.15612
0 -5.0241
0 -4.38662
0 -5.16878
0 -4.9664
6 -5.02137
0 -5.00601
0 -4.93721
0 -4.6553
1 -4.88822
0 -5.28439
2 -4.79415
0 -4.80547
0 -5.24932
0 -4.65226
3 -5.16417
0 -4.92875
1 -4.88943
0 -5.08476
0 -5.11761
0 -4.87636
0 -4.64521
0 -4.71021
0 -4.93133
30 -5.04664
1 -4.76203
2 -5.11561
0 -4.94979
4 -5.2142
3 -5.15245
0 -4.78543
1 -5.24112
3 -5.17875
0 -4.90696
0 -5.00589
2 -5.16183
0 -5.00101
2 -5.39609
9 -5.11383
0 -4.98298
2 -4.96662
1 -4.81459
1 -4.85882
0 -5.25113
0 -5.14263
0 -5.05954
0 -4.90173
0 -4.8623
0 -5.03873
0 -5.16792
0 -4.96854
0 -4.3543
1 -4.75754
0 -4.82356
3 -5.12105
0 -5.04653
16 -5.17519
0 -4.92122
0 -4.97196
0 -4.70997
2 -4.97255
1 -4.92442
0 -5.20854
1 -5.1062
0 -4.6387
0 -6.45197
0 -6.83543
0 -6.4744
0 -7.04533
0 -6.39663
0 -6.83895
0 -6.84275
0 -7.0937
0 -7.01254
0 -6.54292
0 -6.82308
0 -6.53575
0 -6.83471
0 -6.51913
0 -6.83097
0 -6.47598
0 -6.95253
0 -6.42577
0 -6.48057
0 -6.66822
0 -6.66609
0 -6.59212
0 -6.97101
0 -6.47253
0 -6.57247
0 -6.77935
0 -6.80873
0 -6.77035
0 -6.58406
0 -6.85201
0 -6.71075
0 -7.04742
0 -6.9913
0 -6.74663
0 -6.93684
0 -6.73136
0 -6.46179
0 -6.6982
0 -6.63529
0 -5.80122
0 -6.62736
0 -6.77576
0 -6.7682
0 -6.84411
0 -6.96997
0 -6.76058
0 -7.07596
0 -5.02171
0 -5.52926
0 -5.33397
0 -5.19262
0 -5.26422
0 -5.53817
0 -5.19875
1 -5.27175
3 -5.52505
0 -5.26847
0 -5.49315
0 -5.49805
2 -5.35599
0 -5.44144
0 -5.35593
0 -5.39907
0 -5.30072
0 -5.09058
0 -5.43808
0 -5.59797
1 -5.53165
0 -5.39472
0 -5.47913
0 -5.4983
9 -5.35694
0 -5.60387
0 -5.06885
0 -5.3553
0 -5.55965
0 -5.26467
6 -5.40806
0 -5.56761
1 -5.42172
0 -5.23339
0 -5.5505
0 -5.3027
0 -5.37836
0 -5.35179
0 -5.42068
0 -5.20721
0 -5.2109
0 -5.4779
0 -5.16472
1 -5.19488
2 -5.51493
0 -5.55027
1 -5.26641
4 -5.48383
2 -5.51615
0 -5.33582
0 -5.43104
2 -5.3999
0 -5.11874
0 -5.54463
0 -5.49291
0 -5.1793
1 -5.45267
0 -5.37098
0 -5.32786
0 -5.37293
0 -5.29559
0 -5.29338
0 -5.62718
0 -5.30935
0 -5.42467
0 -5.20648
2 -5.35731
0 -5.46338
0 -5.55994
0 -5.39536
1 -5.33719
0 -5.47919
0 -5.14502
0 -5.47793
0 -5.47528
1 -5.33773
1 -5.26402
0 -5.33151
0 -5.32609
0 -5.52557
0 -5.63129
0 -5.04196
0 -5.55113
0 -5.2523
2 -5.36994
0 -5.64451
0 -5.60897
0 -5.47616
0 -5.24806
0 -5.81038
0 -5.28253
0 -5.3487
0 -5.52673
0 -5.01592
0 -5.47855
0 -5.16888
0 -5.41451
5 -5.58791
1 -5.40049
0 -5.43036
0 -5.13588
0 -5.52109
12 -5.54209
0 -5.23729
0 -5.33486
2 -5.63697
0 -5.574
0 -5.89347
2 -5.58199
2 -5.48734
0 -5.52993
1 -5.63174
0 -5.67413
1 -5.75979
1 -5.40112
0 -5.00168
0 -5.57093
0 -5.77828
0 -5.35269
0 -5.42478
0 -5.25703
0 -5.45678
0 -5.36269
0 -5.44695
0 -5.27271
0 -5.28026
1 -5.22361
0 -5.76591
1 -5.53762
0 -5.37825
0 -5.2784
0 -5.1273
0 -5.4942
4 -5.61796
0 -5.21479
0 -5.4945
0 -5.20972
0 -5.2181
0 -5.48828
1 -5.63525
0 -5.13247
0 -5.63527
0 -5.30382
1 -5.50915
0 -5.68753
0 -5.75067
0 -5.34885
16 -5.33833
0 -5.00982
0 -5.50775
0 -5.87053
0 -5.64767
0 -5.62975
5 -5.59283
0 -5.18042
0 -5.39353
3 -5.35904
2 -5.46274
0 -5.16957
0 -5.44949
18 -5.26378
0 -5.79262
0 -5.33028
2 -5.55068
4 -5.47955
0 -5.50828
0 -5.32984
16 -5.54031
0 -5.59687
1 -5.7778
0 -5.53269
1 -5.45077
0 -5.87321
0 -5.78097
0 -5.22122
0 -5.21726
0 -5.15891
0 -4.4414
1 -5.49344
0 -5.03791
0 -6.21762
1 -5.68033
1 -5.62494
0 -5.11704
0 -6.00275
1 -5.48028
1 -6.32122
0 -5.00303
0 -6.26691
0 -5.6839
0 -6.14367
0 -6.02953
0 -6.15492
1 -5.51652
2 -5.8381
0 -5.88878
0 -5.70276
0 -5.86271
0 -6.02705
1 -5.54007
0 -5.29788
0 -5.56763
0 -5.83998
1 -5.42398
0 -5.8232
0 -5.75827
0 -5.35168
0 -6.05281
0 -4.94365
2 -5.90322
1 -5.88895
0 -6.14022
0 -6.0413
4 -5.69185
0 -5.92341
2 -5.5556
0 -5.04727
3 -5.24798
0 -5.19778
1 -5.25787
0 -5.07488
2 -4.84084
0 -5.12576
0 -4.95376
1 -5.06007
1 -5.34447
0 -5.07032
0 -5.42783
0 -5.12324
0 -5.15879
1 -5.07407
0 -5.20862
0 -5.12006
0 -5.33297
0 -4.80255
0 -5.2042
0 -5.1344
0 -5.17708
4 -4.91847
0 -5.34866
1 -5.22599
0 -4.94904
0 -5.14592
1 -5.123
0 -5.04713
0 -5.12857
0 -5.07396
0 -4.9834
0 -5.16907
0 -5.12043
0 -5.28516
1 -5.00885
0 -5.28102
1 -5.00602
0 -5.03447
1 -4.77033
0 -5.10591
0 -5.35045
0 -5.20948
0 -5.10579
0 -5.1013
6 -5.02283
0 -5.30201
2 -5.10014
0 -5.27528
0 -5.14503
0 -4.47333
0 -5.19213
0 -5.32773
0 -5.08522
0 -5.17909
0 -5.08546
0 -4.11759
0 -5.26321
0 -5.43732
0 -5.24166
0 -5.22938
0 -5.34466
0 -5.27941
0 -5.2042
0 -5.23115
0 -4.69449
3 -5.11227
0 -5.62091
1 -5.63471
0 -5.43931
2 -5.50458
1 -5.60318
1 -5.26574
8 -5.37969
0 -5.29191
3 -5.28522
2 -5.32524
0 -5.23047
4 -5.07323
11 -5.37513
0 -5.34784
16 -4.97681
1 -5.26974
0 -5.25042
0 -5.17913
0 -5.14516
1 -5.15914
2 -5.30535
1 -5.29207
3 -5.40758
0 -5.27183
0 -5.25558
10 -5.45273
3 -5.04279
16 -5.163
2 -5.31452
2 -5.2283
7 -5.35599
0 -4.8806
1 -5.37183
3 -5.27087
1 -5.36277
0 -5.15297
17 -5.38825
0 -5.17669
0 -5.27627
1 -5.27999
1 -5.2989
5 -4.9692
4 -5.2523
5 -5.01855
22 -5.41177
3 -5.16633
13 -5.3386
3 -5.35302
3 -5.41389
1 -5.13068
15 -5.35323
0 -6.20708
0 -6.48798
0 -5.70213
0 -6.01512
0 -6.46267
0 -6.69722
0 -6.13683
0 -5.52383
0 -6.26256
0 -6.48503
0 -5.75015
0 -6.42565
0 -6.14194
0 -6.58934
0 -5.8305
0 -5.94705
0 -6.35842
0 -6.39672
0 -6.45067
0 -5.8069
0 -5.78501
0 -6.57472
0 -6.18871
0 -6.53702
0 -6.52324
0 -5.93381
0 -6.23667
0 -6.50042
0 -6.43866
0 -6.30191
0 -6.28566
0 -6.55321
0 -6.12728
0 -6.41188
0 -5.58956
0 -6.16422
0 -6.17025
0 -6.37706
0 -6.36224
0 -5.67797
0 -6.44709
0 -5.98647
0 -6.23974
0 -6.50562
0 -6.48464
0 -6.411
0 -5.55069
0 -6.29449
0 -6.45484
0 -6.43237
1 -6.19613
0 -6.41095
0 -6.46566
0 -6.31282
1 -6.27934
0 -5.10033
0 -6.63199
0 -6.44165
0 -6.4897
0 -5.13679
0 -6.00474
0 -6.24251
1 -6.3203
0 -6.4049
0 -6.03319
0 -5.42655
2 -4.91331
0 -4.88174
0 -4.76288
0 -4.82193
3 -4.74118
0 -4.97754
0 -4.66972
2 -4.6014
1 -4.85009
0 -4.67275
1 -5.1
0 -5.01131
0 -4.74816
0 -4.69034
0 -4.79039
1 -4.87417
1 -4.69266
0 -4.67136
7 -5.0411
0 -4.99567
12 -4.54597
5 -4.9929
0 -4.72016
0 -4.82466
0 -4.57438
1 -4.83624
0 -4.89006
3 -4.91336
0 -4.86778
3 -4.97765
0 -4.49369
0 -4.94332
2 -4.93902
0 -4.60825
0 -4.87506
0 -4.77201
0 -4.90166
0 -4.71242
0 -5.02012
0 -4.85363
0 -4.92427
0 -4.83807
0 -4.81504
0 -4.80433
3 -4.91104
0 -4.2918
9 -4.98897
0 -4.57053
0 -4.60697
3 -4.91219
0 -4.92781
0 -4.93336
0 -4.99925
0 -4.98175
2 -4.91817
1 -4.68219
1 -5.05529
0 -4.75636
0 -4.96875
21 -5.05765
0 -4.84623
0 -4.82069
1 -5.19209
0 -4.87532
0 -4.63644
0 -4.86976
0 -4.54431
0 -4.89639
0 -4.68615
0 -4.76524
1 -4.58983
0 -4.83324
1 -4.90603
0 -5.06908
5 -5.01998
0 -4.58548
0 -4.71466
0 -4.69325
12 -4.69544
0 -4.73899
0 -4.85785
1 -4.80229
6 -5.06333
0 -4.78796
0 -4.75366
0 -4.69133
0 -4.69018
0 -4.68324
2 -4.64957
0 -4.88527
0 -4.88096
0 -4.77581
0 -4.50764
8 -5.0479
11 -5.03909
0 -4.93465
0 -4.94585
9 -4.97774
4 -4.36179
0 -5.37727
0 -5.66615
1 -4.61115
1 -5.23696
2 -5.01508
2 -5.14119
1 -5.12145
0 -5.21541
8 -4.53886
22 -5.15324
76 -4.60285
0 -5.08672
0 -5.35063
0 -5.12104
1 -5.13764
20 -4.79559
6 -4.92
0 -4.72677
0 -5.2777
1 -4.15574
0 -5.01
1 -5.04519
7 -5.25384
2 -4.83257
1 -4.46014
0 -5.1209
30 -3.90607
0 -4.69036
0 -5.66735
0 -5.04456
0 -5.03699
1 -5.01326
1 -4.87052
0 -5.30279
0 -5.43551
0 -4.81071
0 -5.22033
0 -4.93254
49 -4.96669
0 -5.21958
0 -5.16995
10 -5.08561
2 -4.83772
0 -4.68715
0 -5.09681
1 -5.34342
0 -5.25252
0 -5.07831
2 -4.84953
0 -4.69012
0 -3.52882
0 -5.45864
89 -4.50676
0 -4.86947
0 -4.89522
0 -4.90507
49 -5.03595
1 -5.00207
0 -5.07617
0 -4.21932
0 -5.48936
3 -4.18947
0 -5.00111
4 -4.82143
0 -4.7265
2 -4.91404
7 -4.00924
1 -5.0277
3 -4.88962
0 -4.94801
3 -5.21748
0 -5.02166
0 -4.98627
0 -5.22821
25 -4.90354
1 -4.80124
2 -4.88115
1 -4.3463
0 -4.97869
14 -4.63027
0 -4.9556
1 -5.04472
0 -5.14808
0 -4.88181
2 -4.83677
0 -5.67295
7 -5.09909
4 -4.96819
0 -5.05907
6 -5.01154
0 -5.01319
0 -5.06213
0 -5.11281
0 -5.37514
0 -5.36608
4 -5.28914
146 -4.65544
2 -4.93001
0 -5.69565
0 -5.01555
6 -4.97991
0 -5.53113
2 -4.90391
20 -4.24145
0 -4.89813
0 -5.01147
1 -5.2804
0 -4.90986
0 -5.01068
2 -4.95509
0 -3.83713
0 -5.01686
0 -5.60232
0 -5.19338
0 -5.22156
1 -4.98028
4 -4.94517
0 -4.37161
5 -4.87107
1 -4.39498
9 -4.1715
5 -5.03419
0 -5.06418
1 -4.79369
2 -4.94811
2 -5.09547
0 -4.41718
0 -5.43116
1 -4.9456
0 -4.8717
0 -5.42546
0 -4.74119
4 -4.2396
1 -4.93046
4 -4.98787
0 -4.97913
0 -5.09294
1 -4.3182
3 -5.19366
1 -5.15933
2 -5.08877
4 -5.07026
0 -4.9125
0 -5.44445
0 -4.87003
1 -5.2789
1 -5.1401
0 -4.82546
0 -4.74753
27 -4.90816
0 -5.07447
0 -4.9317
0 -4.83961
0 -4.85253
0 -4.8789
4 -4.64425
4 -4.12149
0 -4.8224
0 -4.5761
2 -5.05888
1 -4.9944
0 -4.96774
0 -4.96454
0 -5.27365
20 -5.23613
0 -5.1723
1 -4.94674
0 -5.37197
2 -4.8662
0 -4.77652
0 -4.86969
0 -4.91411
118 -4.38861
0 -5.42973
0 -5.5199
3 -5.1016
0 -5.05856
0 -5.10124
3 -5.25392
0 -5.16676
1 -4.59153
5 -5.0921
1 -5.26696
1 -3.99994
0 -4.98626
2 -5.75501
0 -4.92686
0 -4.78058
0 -4.92385
0 -4.23337
0 -4.67347
0 -5.72289
0 -5.01848
3 -5.06743
0 -4.85121
1 -4.96121
4 -4.84797
2 -4.80195
0 -5.0719
23 -4.53609
0 -4.96521
0 -4.59885
1 -4.9551
0 -5.19286
13 -4.96163
0 -5.25249
11 -4.95793
0 -5.16794
0 -3.98311
0 -5.06265
0 -5.05994
0 -5.33724
0 -4.94567
0 -5.16991
73 -4.82974
5 -5.09865
0 -4.77025
0 -4.865
0 -5.24002
2 -4.60595
1 -4.97849
56 -4.94881
2 -4.95718
0 -4.9142
0 -4.93646
0 -4.82454
2 -4.45486
0 -4.52772
0 -4.97193
4 -4.79561
0 -5.08032
1 -5.02713
2 -5.02673
0 -5.24101
12 -4.08466
1 -4.92295
0 -5.34456
7 -5.42694
1 -5.2837
1 -4.08823
22 -5.18934
1 -4.98383
0 -4.94649
2 -5.17228
1 -5.00788
0 -4.97133
1 -5.21829
0 -4.28051
1 -4.13288
0 -5.41127
0 -5.77262
0 -5.79931
0 -5.65555
0 -5.90085
7 -5.85444
0 -5.93658
0 -5.69459
0 -6.28904
0 -5.58338
0 -6.8066
0 -5.81059
0 -5.11178
0 -6.43299
0 -6.01536
0 -6.51321
0 -6.21861
5 -5.78914
0 -5.83879
0 -5.48959
1 -6.25302
0 -5.96206
0 -5.95342
0 -6.09143
2 -5.84417
0 -5.8802
0 -5.44194
0 -5.52976
1 -5.94889
0 -5.80671
0 -5.56488
0 -5.72616
1 -5.74398
0 -5.74556
0 -4.62166
0 -5.84532
0 -5.71695
0 -5.62943
0 -5.69314
0 -5.64768
0 -5.82041
0 -5.68831
0 -5.58686
0 -4.84833
0 -4.97594
3 -5.0139
0 -4.63588
0 -4.52475
0 -4.32586
0 -4.69544
0 -4.15781
1 -4.47758
0 -4.63945
0 -4.93227
0 -4.51507
0 -4.79223
0 -4.87323
3 -4.70605
0 -5.05196
0 -4.65586
1 -4.7074
1 -4.06653
0 -4.76237
1 -4.55641
1 -4.86456
0 -4.86673
0 -4.89852
0 -4.7373
0 -4.62112
0 -4.70824
0 -4.81032
0 -4.35433
0 -4.75475
0 -4.79324
0 -4.99781
0 -4.67502
0 -4.81494
0 -4.64512
0 -4.7058
0 -4.75218
0 -4.43765
0 -4.95526
0 -4.92278
0 -4.80465
2 -4.96506
0 -4.50526
0 -4.80677
0 -4.87409
1 -4.58601
0 -4.57022
0 -4.48252
1 -4.70895
0 -6.28868
2 -5.46327
0 -5.38829
0 -5.80094
0 -5.30296
0 -4.55723
0 -5.49941
8 -5.12218
0 -5.44085
0 -5.45927
1 -5.40934
0 -5.30879
0 -5.43237
0 -5.42887
0 -5.16039
0 -5.46113
0 -4.51192
0 -5.64483
0 -5.48222
0 -5.22572
0 -5.34543
0 -5.50567
3 -5.79278
0 -5.41928
0 -5.29057
0 -5.18087
0 -5.62068
0 -4.7959
0 -4.92146
0 -5.74417
0 -5.29953
56 -5.11954
0 -5.26594
0 -5.21358
0 -5.648
1 -5.39938
0 -5.4982
0 -4.53535
0 -5.30978
0 -5.20281
0 -5.78093
0 -5.14015
0 -5.5906
0 -5.68566
1 -5.59023
0 -5.65376
8 -5.62746
2 -5.47045
0 -4.71779
0 -5.34624
0 -5.30107
1 -5.49879
0 -5.30534
0 -5.43021
0 -5.43147
0 -4.52129
0 -5.01085
8 -5.42824
0 -5.54025
0 -4.58964
0 -5.50104
0 -5.00394
0 -5.27888
0 -5.5225
0 -5.2576
0 -5.26435
0 -5.36195
0 -5.56881
0 -4.57728
0 -4.85812
0 -4.9119
0 -5.57747
0 -5.46322
0 -5.24628
0 -5.23349
1 -5.71599
2 -5.87767
0 -5.7362
0 -5.50031
0 -4.76659
11 -5.36769
0 -5.4144
0 -5.04097
0 -5.03319
1 -5.42837
0 -5.45107
0 -5.33378
0 -4.91713
0 -5.01108
0 -4.7006
2 -5.48248
0 -5.16188
0 -5.69439
1 -5.96629
0 -5.61752
0 -5.38639
0 -5.38711
1 -5.14092
0 -5.29489
5 -4.80684
0 -5.04505
0 -4.99933
0 -4.50616
0 -5.33294
0 -5.39862
0 -4.75669
0 -4.43125
3 -4.83169
1 -4.45743
0 -4.56738
3 -4.82402
0 -4.62375
0 -5.01241
0 -4.75329
0 -4.86759
0 -4.67957
2 -5.09909
0 -4.86026
0 -4.45488
0 -4.64609
0 -5.08439
1 -5.48169
0 -5.63558
0 -5.55705
1 -5.37262
0 -5.37873
0 -5.42079
1 -5.50207
4 -5.16712
0 -5.31607
1 -5.4124
0 -5.37004
0 -5.21773
0 -5.35561
0 -5.34218
0 -5.45416
3 -5.40975
2 -5.57677
0 -5.91428
0 -6.28285
1 -6.6602
0 -5.88463
0 -5.34342
1 -5.73604
0 -6.12405
1 -5.6511
0 -6.37121
0 -6.07802
0 -5.79916
0 -6.09937
0 -5.23424
0 -5.88525
0 -5.03719
12 -5.48078
0 -5.87443
0 -6.24329
0 -6.22346
0 -5.4385
0 -6.37119
0 -5.36865
0 -6.02882
0 -5.29067
0 -6.01921
9 -5.70039
0 -5.81872
1 -5.31999
0 -5.35102
5 -5.44958
3 -6.32476
0 -6.16354
3 -5.97183
0 -5.36735
1 -6.03457
1 -5.43963
0 -6.17828
0 -5.90144
0 -4.74661
0 -5.27592
0 -4.81935
0 -5.00481
0 -5.29485
0 -5.05552
1 -5.03735
0 -4.78518
0 -5.07566
2 -4.86027
0 -5.06189
0 -4.95608
0 -5.03275
0 -5.00226
0 -5.29024
0 -5.03842
1 -5.1572
0 -5.1971
0 -5.2067
1 -5.00862
0 -5.1058
0 -4.90019
1 -4.7622
0 -4.63925
0 -5.07358
0 -5.23494
0 -5.07546
0 -4.94791
0 -5.14899
0 -4.72948
0 -5.13738
1 -5.402
0 -5.14007
1 -4.71924
0 -5.30868
0 -4.94327
0 -5.15589
0 -4.90463
0 -4.84071
1 -5.2485
0 -4.90316
0 -4.93057
0 -5.09467
0 -5.04049
0 -4.88058
0 -4.87652
0 -4.84776
0 -5.16912
0 -4.83375
0 -5.07673
0 -5.23973
0 -5.15827
0 -5.06996
1 -5.18697
0 -4.76553
0 -6.29714
0 -6.42343
0 -6.52828
0 -6.38504
0 -6.33379
0 -6.4675
0 -6.58252
0 -6.34724
0 -6.63208
0 -6.44349
0 -6.36188
0 -6.26363
0 -6.23698
0 -6.2524
0 -6.00126
0 -6.46304
0 -6.63795
0 -6.60049
0 -6.52364
0 -6.34524
0 -6.296
0 -6.22814
0 -6.23167
0 -6.33052
0 -6.10103
0 -6.45395
0 -6.5433
0 -6.27242
0 -6.34417
1 -6.10995
0 -6.07113
0 -6.32543
0 -6.1457
0 -6.30246
0 -6.43342
0 -6.15404
0 -6.4859
0 -6.41337
0 -6.33313
0 -5.64364
3 -5.70532
0 -6.36576
0 -6.45248
0 -6.40399
1 -6.42366
0 -6.12806
0 -6.54329
1 -6.72226
0 -6.5959
0 -6.4422
0 -6.42957
0 -6.1625
0 -6.25032
0 -6.1824
0 -6.49073
0 -6.71286
0 -6.31359
0 -6.40856
0 -6.42335
0 -6.10772
0 -6.49543
0 -6.49737
0 -6.1764
0 -6.45141
0 -6.0765
0 -6.57162
3 -6.30497
1 -6.27748
0 -6.45305
0 -6.28137
0 -6.35274
0 -6.57034
0 -5.31551
0 -6.07027
0 -6.10731
0 -5.49548
0 -5.75901
0 -5.91285
0 -5.93322
0 -5.63296
0 -6.06872
0 -6.01937
0 -5.48714
0 -6.16928
0 -5.79314
0 -5.83005
0 -5.81552
0 -5.58412
0 -5.9879
0 -6.52693
0 -6.25911
0 -6.00461
0 -6.38787
0 -6.13782
0 -6.05459
17 -5.17549
0 -5.15107
2 -5.41408
2 -5.27478
1 -5.33079
2 -5.06605
17 -5.77596
0 -4.85108
9 -5.41753
17 -4.9944
0 -5.11843
3 -5.29988
3 -4.61454
0 -5.39265
7 -5.19669
5 -5.56269
2 -5.44902
2 -5.82167
94 -4.6148
1 -5.02672
4 -5.5379
0 -5.40433
1 -5.4191
9 -5.30236
0 -5.85524
0 -5.6606
23 -5.25723
3 -5.52309
3 -5.38018
59 -4.9462
30 -5.33901
0 -5.5975
13 -5.12391
75 -5.69948
0 -5.43225
15 -4.90652
20 -5.21551
6 -5.44198
10 -5.73956
7 -4.89256
2 -5.10648
19 -4.80223
11 -5.17207
2 -5.73235
0 -5.75985
1 -5.60728
9 -5.90623
7 -5.53046
6 -5.4135
3 -5.13194
0 -5.21413
0 -5.4962
9 -4.95188
1 -5.40835
15 -5.16058
14 -5.47656
0 -5.116
0 -5.33932
0 -5.50965
4 -5.45931
0 -5.39446
0 -5.67022
0 -5.33687
0 -5.14155
0 -5.32484
0 -5.65087
0 -5.29943
0 -4.75053
0 -4.64024
0 -5.51033
0 -5.30781
0 -5.51694
4 -4.99663
0 -5.11276
1 -5.41013
0 -5.40506
0 -5.56886
9 -5.57236
0 -5.36864
0 -5.45266
0 -5.2124
0 -5.53039
0 -5.52932
0 -5.45617
0 -4.94007
0 -5.39682
2 -5.3509
0 -5.82426
0 -5.85604
0 -4.96721
0 -5.36819
1 -5.39957
0 -5.0782
0 -5.50218
0 -5.70169
1 -5.5763
0 -5.53524
0 -5.89369
0 -5.19777
0 -5.44083
0 -5.5332
0 -5.30921
0 -5.52997
0 -5.56642
0 -5.65086
0 -5.57052
0 -5.46779
0 -5.2146
0 -5.55954
0 -5.33806
0 -5.81391
0 -4.92293
0 -5.05603
0 -5.3309
0 -5.6168
0 -5.42277
0 -5.51971
0 -5.58902
1 -5.61039
0 -5.5717
7 -5.23739
2 -5.40836
0 -5.51951
1 -5.52322
1 -5.29862
3 -5.58955
2 -5.61669
0 -5.60213
