5 -4.36552
0 -4.24884
1 -4.36959
2 -4.41622
2 -4.01562
0 -4.39262
1 -4.27115
0 -4.02329
0 -4.34652
2 -4.66391
0 -4.49269
0 -4.35198
1 -4.31272
0 -4.22426
0 -4.2904
0 -4.32065
0 -4.34847
1 -4.44528
0 -4.37529
0 -4.27667
0 -4.42074
0 -4.16738
0 -4.50344
0 -4.2585
0 -4.37475
2 -4.17539
0 -4.08274
1 -4.34887
2 -4.28659
4 -4.42215
1 -4.23785
0 -4.18725
0 -4.16563
1 -4.06065
0 -4.2696
2 -3.96196
1 -4.28132
0 -4.56831
7 -4.25912
0 -4.29509
1 -4.40649
0 -4.40332
1 -4.39167
2 -4.36908
0 -4.10915
0 -4.10201
1 -4.61469
1 -4.31138
0 -4.30401
1 -4.22285
1 -4.04428
0 -4.37974
12 -4.10644
3 -4.47473
2 -4.36814
1 -4.31358
1 -4.17629
0 -4.36594
0 -4.34546
0 -4.32744
0 -4.42747
5 -4.48485
0 -3.9288
1 -4.36264
2 -4.33127
2 -4.38466
0 -4.27436
1 -4.29195
0 -4.11611
0 -4.21967
4 -4.29437
0 -4.20939
0 -4.17527
1 -4.04514
4 -3.99329
25 -3.45692
0 -3.69053
0 -3.96893
0 -4.04395
2 -4.28656
2 -3.57401
0 -4.23383
0 -3.55864
0 -5.26996
6 -3.84367
1 -4.25548
1 -3.90334
0 -4.40098
0 -3.84711
0 -4.76524
0 -3.69087
0 -4.01087
0 -4.02613
0 -3.42399
1 -3.20056
0 -4.0333
0 -3.81847
18 -3.65271
0 -3.92292
0 -3.89266
0 -3.89352
0 -4.22738
0 -4.23571
1 -3.90172
4 -3.83521
2 -4.41839
0 -4.22071
0 -4.05958
0 -4.61673
3 -3.82287
2 -4.04906
1 -3.70617
52 -2.94271
0 -3.63132
0 -4.21834
0 -4.46696
0 -3.67049
15 -3.50135
2 -3.54313
25 -3.63405
0 -3.88724
7 -3.58635
19 -3.81237
1 -3.97656
2 -4.06693
1 -3.62507
1 -4.41929
3 -4.07841
2 -3.83847
1 -3.83905
1 -5.04333
0 -5.07538
2 -4.57796
4 -3.92086
0 -4.2823
0 -4.28723
0 -4.22371
1 -4.10302
1 -3.83516
0 -4.07115
0 -4.04431
1 -4.20897
0 -4.18685
1 -4.00708
6 -4.26253
0 -4.01751
0 -4.11716
2 -3.99572
0 -4.02821
1 -4.27954
0 -3.84991
0 -4.25857
1 -4.10403
0 -4.01248
0 -4.21748
0 -3.60132
1 -4.30836
0 -3.93308
2 -4.09137
0 -4.30284
1 -4.03197
4 -4.09862
0 -4.18175
1 -4.22445
5 -4.25435
1 -4.03386
0 -3.399
2 -3.83707
0 -4.14098
6 -4.09894
0 -4.07594
1 -3.71974
2 -4.40591
1 -3.96626
0 -4.24398
0 -3.97583
0 -3.82454
0 -4.19451
0 -4.13077
0 -3.85733
7 -3.8953
0 -4.02869
1 -3.87793
0 -3.95631
2 -4.12373
0 -3.64856
0 -3.65517
0 -4.21642
0 -4.16443
0 -3.94632
0 -3.94674
0 -4.26899
3 -4.2814
2 -4.17471
0 -4.15898
1 -4.04437
17 -3.89561
0 -4.08714
0 -4.26384
0 -4.15749
1 -4.16067
0 -3.6315
0 -4.06351
15 -3.92667
0 -4.09052
4 -3.89089
0 -4.0878
1 -4.06233
0 -4.28314
0 -4.44585
0 -4.09618
2 -4.27073
2 -4.26786
0 -4.3171
0 -4.05088
1 -4.25776
0 -3.99375
2 -4.063
0 -3.97101
0 -3.90289
1 -4.199
0 -4.09844
0 -4.08098
1 -4.117
0 -4.15166
0 -4.22963
0 -4.15018
0 -3.95928
1 -4.08597
0 -4.13957
1 -4.12696
0 -4.13069
0 -3.75757
0 -4.16875
0 -3.82434
0 -4.12749
0 -3.82437
0 -3.9055
0 -4.17242
0 -4.0375
0 -4.34742
1 -3.95879
0 -4.15001
6 -4.26751
1 -4.25308
1 -4.15545
1 -4.29983
1 -3.79071
0 -4.17787
0 -4.25951
0 -4.22002
0 -4.05437
0 -4.02516
0 -4.17168
0 -3.51546
0 -3.99006
0 -3.80503
3 -4.16158
6 -4.10499
0 -3.76556
1 -4.06472
0 -3.73214
0 -4.06575
1 -4.11337
0 -3.92862
1 -4.01671
0 -3.99517
0 -3.97772
1 -3.96343
1 -3.89622
0 -4.03749
0 -3.87616
4 -3.9754
1 -3.96327
0 -4.26689
1 -4.31994
0 -4.07771
0 -4.26706
0 -3.91153
0 -3.89793
1 -4.33426
0 -4.22818
0 -4.25212
2 -4.12283
0 -4.10059
0 -4.01296
0 -4.16632
0 -4.14552
0 -3.87797
1 -4.26691
0 -4.17553
2 -3.98382
0 -4.02608
0 -4.23002
1 -4.04411
0 -3.94046
0 -4.80361
0 -4.73994
0 -4.88283
0 -4.6507
0 -4.62072
0 -4.46947
0 -4.64498
0 -4.64851
0 -4.49891
0 -4.69136
0 -4.19605
0 -4.64484
0 -4.74397
0 -4.87539
1 -2.85559
0 -4.0921
0 -4.52152
0 -4.73763
0 -4.60622
0 -4.36949
0 -4.62444
0 -4.66603
0 -4.34768
0 -4.58058
0 -4.71986
0 -4.06837
0 -4.61306
0 -4.68704
0 -4.52368
0 -4.41847
0 -4.14614
0 -4.83737
2 -4.25718
0 -4.58608
0 -4.51728
0 -4.45137
0 -4.96951
0 -4.33424
0 -4.41414
0 -4.65417
0 -4.5839
0 -4.81809
0 -4.58049
1 -4.73545
1 -4.49638
1 -4.76838
1 -4.66819
0 -4.80458
0 -4.76131
0 -4.82899
0 -4.88312
0 -4.71043
0 -4.6922
1 -4.85778
0 -4.84558
0 -4.77557
0 -4.83197
0 -4.7203
106 -4.21895
0 -4.76554
0 -4.66854
0 -4.70889
1 -4.80377
0 -4.80224
24 -4.53753
0 -4.86377
0 -4.9625
1 -4.66261
0 -4.659
0 -4.92191
1 -4.66897
0 -4.81695
0 -4.5076
0 -4.80982
0 -4.92283
0 -4.6542
0 -4.66993
0 -4.92116
0 -4.66796
0 -4.82703
0 -4.80408
0 -4.6046
0 -4.7172
4 -4.79102
0 -4.80234
1 -4.85886
0 -4.62224
6 -4.53907
1 -4.78439
1 -4.83224
0 -4.80246
13 -4.71118
2 -4.81206
0 -4.79964
0 -4.86833
0 -4.88823
1 -4.93561
0 -4.74197
8 -4.82104
2 -4.8235
1 -4.8185
0 -4.77959
5 -4.73246
0 -4.79671
0 -4.82114
0 -4.84658
0 -4.64184
0 -4.87043
0 -4.71814
3 -4.87502
0 -4.70982
0 -4.88999
0 -4.78422
0 -4.80244
3 -4.85077
0 -4.72279
1 -4.83048
0 -4.74774
0 -4.37301
0 -4.40997
0 -4.78271
0 -4.85763
1 -4.83093
1 -4.74922
4 -4.67852
0 -4.75041
4 -4.93558
0 -4.77107
0 -4.82791
0 -4.77903
0 -4.95335
0 -4.84291
5 -4.91697
1 -4.62461
0 -4.91955
1 -4.81227
0 -4.70856
0 -4.78009
0 -4.74513
0 -4.75073
0 -4.8231
19 -4.72215
0 -4.83461
4 -4.6982
2 -4.91453
0 -4.5877
3 -4.75077
0 -4.68705
1 -4.68006
0 -4.57883
1 -4.7731
0 -4.54521
0 -4.61801
0 -4.60471
1 -4.62921
1 -4.64981
0 -4.58837
0 -4.44371
0 -4.50712
0 -4.60949
0 -4.46648
0 -4.70162
1 -4.56884
0 -4.65523
1 -4.57241
0 -4.61832
0 -4.50081
0 -4.67724
0 -4.54289
0 -4.74972
0 -4.57648
2 -4.69914
0 -4.57342
2 -4.84469
0 -4.78617
0 -4.4399
0 -4.76774
0 -4.66484
0 -4.69549
0 -4.72813
0 -4.61446
0 -4.71059
0 -4.49467
0 -4.73153
0 -4.66702
1 -4.69844
1 -4.50149
1 -4.66364
0 -4.58011
2 -4.33214
0 -4.63742
0 -4.59135
2 -4.6707
8 -4.53931
0 -4.65432
0 -4.51642
0 -4.69055
0 -4.58887
1 -4.72721
1 -4.70388
0 -4.58114
0 -4.58793
0 -4.55602
0 -4.6297
0 -4.56883
0 -4.62786
2 -4.49068
0 -4.49878
5 -4.6384
0 -4.54269
0 -4.64987
1 -4.69004
0 -4.55415
0 -4.55299
0 -4.64644
1 -4.67111
0 -4.51988
0 -4.64301
0 -4.42806
0 -4.59667
0 -4.62442
0 -4.54351
0 -4.48992
0 -4.60104
2 -4.69098
0 -4.552
1 -4.55376
0 -4.72356
2 -4.57844
0 -4.72553
0 -4.71665
0 -4.65561
0 -4.52295
0 -4.68723
0 -4.68246
0 -4.63798
0 -4.71686
0 -4.69361
0 -4.5942
0 -4.68696
0 -4.53196
0 -4.68739
1 -4.92032
1 -4.84141
0 -4.77467
0 -4.86721
1 -4.84123
0 -4.40224
2 -4.74963
0 -4.72429
2 -4.72834
0 -4.71595
0 -4.8598
0 -4.82473
0 -4.6515
0 -4.7958
0 -4.76883
0 -4.67135
0 -4.78535
1 -4.94133
1 -4.75391
3 -4.90538
0 -4.70805
0 -5.01409
0 -4.87962
1 -4.69376
0 -4.72749
2 -4.8627
0 -4.6927
0 -4.95459
0 -4.77739
0 -4.69598
0 -4.5472
0 -4.78359
0 -4.80153
0 -4.78926
1 -4.76016
0 -4.75832
0 -4.71615
0 -4.60638
0 -4.71261
0 -4.82476
0 -4.74863
0 -4.56783
0 -4.80228
1 -4.89048
0 -4.78495
0 -4.69118
5 -4.77289
1 -4.91425
0 -4.67473
0 -4.66237
2 -4.67611
2 -5.00791
0 -4.74579
0 -4.79205
0 -4.64614
1 -4.80611
0 -4.73014
0 -4.7492
0 -4.68975
0 -4.62185
0 -4.78832
0 -4.59155
0 -4.75393
0 -4.59939
5 -4.62958
0 -4.59575
0 -4.54061
2 -4.61089
0 -4.65299
3 -4.68296
0 -4.64371
13 -4.7644
0 -4.66613
0 -4.79958
0 -4.54425
0 -4.61184
1 -4.81768
0 -4.68024
1 -4.64935
0 -4.64681
1 -4.75383
0 -4.48857
0 -4.69731
0 -4.63187
1 -4.70183
0 -4.86252
0 -4.77054
0 -6.08775
0 -4.75796
0 -4.6813
0 -4.83481
1 -4.50832
0 -4.72838
0 -4.769
0 -4.2568
0 -4.27232
0 -4.31008
0 -4.4802
0 -4.0215
0 -4.29234
0 -3.72079
0 -4.50998
0 -4.20864
0 -4.57515
0 -4.36438
0 -4.2853
0 -4.11759
0 -4.27169
0 -4.31792
0 -4.32711
0 -4.15913
1 -4.42049
0 -4.28833
0 -4.3645
0 -4.22311
0 -4.25456
0 -4.40226
0 -4.0225
0 -4.25194
0 -4.33602
0 -4.15662
1 -3.73453
0 -3.7196
0 -4.36947
0 -4.32162
0 -4.27794
0 -4.24957
0 -3.92984
0 -4.10943
0 -4.22868
0 -4.52207
0 -4.03722
0 -4.34016
0 -4.32661
0 -3.92095
0 -4.19896
0 -4.44458
0 -4.38351
0 -4.34345
4 -4.4173
0 -3.89758
0 -4.36921
0 -4.12121
0 -4.33842
0 -4.32763
1 -4.47303
0 -4.23119
0 -4.28975
0 -4.36273
0 -4.08201
0 -4.22826
0 -4.18667
0 -4.44403
0 -4.2342
0 -4.397
0 -4.32174
0 -4.66991
0 -4.17471
0 -4.1017
0 -4.4366
0 -4.30417
0 -4.20416
0 -4.35687
0 -4.3015
1 -4.24
0 -4.24669
0 -4.29646
0 -4.36066
0 -4.42145
0 -4.36496
0 -4.31299
0 -4.27127
0 -4.28878
0 -4.27025
0 -4.24468
0 -4.26262
0 -4.11609
0 -4.25243
0 -4.27133
0 -4.35794
0 -4.25311
0 -3.667
2 -4.4041
0 -4.27005
0 -4.30285
0 -3.94997
0 -3.99595
0 -4.18455
0 -4.49449
0 -4.39818
0 -4.12199
0 -4.28449
0 -4.1585
0 -4.31368
0 -4.08271
0 -4.92871
0 -4.15079
0 -4.03623
0 -4.21288
0 -4.17961
0 -4.43393
0 -4.27969
0 -4.16381
0 -4.24642
0 -3.39983
1 -4.54696
1 -4.61708
3 -4.69374
1 -4.3978
1 -4.71639
0 -4.02774
0 -4.74578
0 -4.38663
0 -4.21649
1 -4.08313
1 -4.16554
0 -4.51493
0 -4.18113
0 -4.43266
0 -4.22054
0 -4.0981
0 -4.22495
1 -4.50701
0 -3.44957
0 -4.08361
0 -4.36821
0 -4.18583
0 -4.32834
0 -4.18749
0 -4.11984
0 -4.30361
6 -4.31992
0 -4.60423
1 -4.09792
0 -4.52421
0 -4.18191
0 -4.23729
0 -4.44023
0 -4.31396
2 -4.08395
0 -4.2012
0 -4.22298
0 -4.35607
0 -4.16779
0 -4.46505
1 -3.17388
0 -4.73143
0 -4.14496
1 -4.30872
0 -4.52805
0 -4.14648
2 -4.14324
2 -4.20556
2 -4.32946
1 -4.48381
0 -4.18989
3 -4.48362
0 -4.07854
0 -4.12977
0 -4.25404
0 -4.34586
0 -4.17527
0 -4.2712
0 -3.18341
0 -4.09621
1 -3.97817
0 -4.21851
0 -4.18124
0 -4.20261
0 -4.18104
0 -4.24942
0 -4.10844
0 -4.15798
1 -4.55188
0 -3.79749
0 -4.29858
1 -4.21353
0 -3.89419
0 -4.64194
0 -4.29929
0 -4.11547
0 -4.37936
0 -4.02119
0 -4.08227
1 -4.45813
0 -4.15835
0 -4.18407
2 -4.34404
0 -4.66123
0 -4.24009
0 -4.58695
0 -4.29747
0 -4.0801
0 -4.34326
1 -3.48876
1 -4.25142
0 -4.29448
1 -4.3182
0 -4.30765
0 -4.27449
0 -4.23139
0 -4.15257
0 -4.43597
0 -4.37704
0 -4.59441
0 -4.3993
0 -4.28498
0 -4.10599
0 -4.29934
0 -4.33215
0 -4.21184
3 -4.31777
0 -4.16554
0 -4.1927
0 -4.05351
0 -4.2028
0 -3.97222
0 -4.43786
1 -3.71907
1 -3.99302
2 -4.15405
0 -3.88332
0 -3.79443
0 -3.78493
1 -4.05371
4 -4.27125
3 -4.06212
2 -3.74386
0 -4.16896
0 -3.51796
0 -3.89871
0 -4.17159
0 -3.9819
1 -3.87105
4 -4.05004
0 -3.88326
0 -3.92666
1 -3.67759
0 -4.24223
1 -4.09713
0 -3.83321
0 -3.922
0 -4.31142
4 -3.78102
0 -3.68713
1 -4.18545
0 -3.85797
0 -3.99689
0 -4.19764
0 -4.10795
0 -3.95732
0 -4.09896
0 -3.89921
3 -3.67651
0 -4.24734
0 -3.708
0 -3.87629
0 -3.91283
0 -3.97676
0 -3.86705
0 -3.96585
0 -3.93872
1 -3.92227
0 -4.04783
0 -4.0959
1 -3.89067
1 -3.7617
0 -3.88109
0 -3.83155
1 -4.32031
0 -4.05204
0 -3.63617
1 -3.84492
0 -4.15363
0 -3.7707
0 -4.27321
0 -4.00084
0 -4.19038
0 -4.06079
0 -4.05049
0 -3.84387
0 -4.24298
2 -4.42535
21 -4.45825
40 -4.34635
4 -4.49494
1 -4.45788
8 -4.489
2 -4.42715
3 -4.48435
1 -4.30493
9 -4.4513
1 -4.39017
13 -4.46323
11 -4.34839
2 -4.28605
42 -4.13085
37 -4.29725
0 -4.44552
2 -4.4319
0 -4.24955
3 -4.35452
7 -4.39799
0 -4.4127
5 -4.51438
20 -4.07064
0 -4.90033
1 -4.654
2 -4.70988
0 -4.87103
3 -4.7283
0 -4.87483
1 -4.42973
1 -4.79679
12 -4.66631
8 -4.63291
1 -4.80201
3 -4.15585
4 -4.6422
0 -5.18995
0 -5.28832
0 -4.85648
0 -5.21559
0 -5.10655
0 -5.04959
0 -5.01841
2 -4.81936
0 -4.92295
0 -4.99372
2 -4.70968
0 -4.7274
1 -4.81888
0 -4.68818
0 -5.19722
0 -5.40187
0 -5.35464
0 -4.94903
0 -4.94178
0 -5.0388
0 -5.22939
0 -5.12236
2 -4.93293
0 -5.30897
8 -4.88624
1 -4.89633
0 -4.96166
0 -5.06888
1 -4.88636
0 -4.8291
0 -5.15955
0 -5.0181
3 -4.78665
0 -4.87741
0 -5.1658
0 -4.98794
0 -4.89
0 -4.84254
1 -4.72559
0 -4.96367
7 -4.90263
0 -5.22407
0 -4.86537
2 -4.88503
0 -4.89677
1 -4.87865
3 -4.9822
0 -5.36475
0 -5.50721
23 -4.98102
0 -4.84824
3 -5.12086
1 -4.98752
0 -4.97332
0 -5.2137
1 -4.91966
0 -4.92241
2 -4.95992
0 -4.90289
0 -5.1778
0 -4.978
0 -4.97378
34 -4.84351
0 -4.77725
0 -5.02847
0 -5.19491
0 -4.92156
0 -5.04757
0 -5.15804
2 -4.85882
0 -5.45318
0 -5.00225
3 -4.80345
3 -5.01906
0 -4.69613
1 -5.05316
0 -5.36369
0 -4.8935
0 -4.95017
0 -4.74705
4 -4.81318
41 -4.65578
0 -5.00494
0 -4.83446
2 -4.91395
0 -4.70516
0 -4.88606
0 -4.90804
0 -4.71095
0 -4.74628
0 -4.84902
1 -5.06363
0 -4.75105
0 -4.77949
0 -4.81055
1 -4.86023
0 -4.73631
0 -4.90089
0 -5.12419
0 -4.6368
0 -4.88023
1 -4.77599
0 -4.77552
0 -4.68499
0 -4.67003
0 -4.73992
0 -4.68047
0 -4.82085
0 -4.19681
3 -4.62482
0 -4.79916
0 -4.80867
0 -4.91635
0 -4.86556
0 -4.65795
0 -4.91938
0 -4.6819
0 -5.01845
0 -5.03474
0 -4.76816
0 -5.1608
0 -4.93188
0 -4.78076
0 -4.60581
1 -4.7963
0 -4.75005
0 -4.86902
0 -5.99564
0 -4.67543
0 -4.73724
0 -4.84082
0 -4.84241
0 -4.73223
0 -4.63892
0 -4.86328
0 -4.47913
0 -4.73256
0 -4.73934
0 -4.57984
1 -4.94369
0 -4.90782
0 -4.6992
0 -5.01796
0 -4.73172
1 -4.47443
0 -6.14125
0 -4.77543
0 -4.71757
0 -4.77405
0 -4.70723
0 -5.01146
1 -5.06827
1 -4.74807
0 -4.86031
0 -4.65412
0 -4.80676
0 -4.76052
0 -4.83608
0 -4.78398
0 -4.63633
0 -4.71265
0 -4.77694
0 -4.71881
0 -4.74106
1 -4.72289
0 -4.53909
0 -4.72576
1 -4.68837
0 -4.83543
0 -4.74728
0 -3.70405
1 -4.359
0 -3.79361
0 -3.92813
0 -4.21589
0 -3.95731
0 -4.13368
0 -4.17338
0 -4.05923
0 -3.96257
0 -3.45411
0 -4.01116
0 -4.11956
0 -3.92247
0 -3.78406
0 -4.02141
0 -4.41157
4 -4.17749
0 -3.73923
0 -4.3127
0 -4.29062
0 -4.19436
0 -4.2953
1 -4.22859
7 -4.09702
1 -3.88676
0 -3.69856
0 -3.78114
0 -4.34483
0 -4.26206
0 -4.05834
0 -2.54325
1 -3.78765
3 -4.1807
1 -3.71578
2 -4.30312
0 -4.13938
2 -3.74315
0 -3.89618
1 -3.99366
1 -4.30905
0 -3.97284
0 -3.51206
1 -4.33922
3 -4.16741
1 -4.12824
1 -4.22692
0 -4.24908
0 -4.30758
4 -3.61082
4 -3.77852
0 -3.69225
1 -4.15419
0 -4.09175
0 -4.17516
1 -4.21327
0 -4.0184
0 -4.19861
0 -4.25716
0 -3.95206
5 -4.36419
1 -4.14891
0 -3.61642
0 -4.19135
0 -4.09642
2 -4.23274
0 -4.00878
0 -4.25588
0 -4.37534
0 -4.13247
0 -4.17697
0 -3.75049
1 -4.41289
0 -3.8623
1 -3.93408
0 -3.98374
0 -4.13214
0 -4.28988
0 -3.71362
0 -3.78021
0 -4.2167
0 -3.66696
0 -4.12821
0 -4.16297
0 -4.24894
0 -4.28145
0 -3.83074
0 -4.14594
0 -4.20997
0 -4.13707
0 -4.21225
1 -4.27874
0 -4.1821
0 -4.18676
0 -4.14365
0 -4.32954
0 -4.37568
4 -4.25834
0 -4.17002
0 -4.33371
1 -4.28183
0 -4.07901
0 -4.19624
0 -4.28849
0 -4.2455
1 -4.32959
0 -4.17033
1 -4.35762
0 -4.23187
1 -4.34063
0 -4.08955
0 -4.20609
0 -4.08372
0 -4.15733
1 -4.27943
0 -4.1622
1 -4.13312
2 -4.48842
0 -4.42456
0 -4.20931
1 -4.18499
0 -4.64755
0 -4.72813
0 -4.24099
0 -4.10903
0 -4.06664
0 -4.23238
1 -4.19683
0 -4.22209
3 -4.1644
1 -4.07144
0 -4.50242
0 -4.28323
0 -4.23477
0 -4.31135
0 -4.29551
1 -4.05248
0 -4.25012
0 -4.51422
0 -4.09706
0 -3.78145
2 -4.053
0 -4.2419
0 -4.28485
0 -4.46193
1 -4.37608
0 -4.17729
0 -4.30823
0 -4.17487
0 -4.33665
0 -4.25833
0 -4.36945
1 -4.19156
1 -4.10619
0 -4.15132
0 -4.25934
0 -4.29672
0 -4.37846
0 -4.09569
0 -4.35282
1 -4.40424
1 -4.30478
0 -4.52178
0 -4.36122
0 -4.28612
0 -4.15014
0 -4.4414
0 -4.66889
0 -4.38083
0 -4.18306
0 -4.22642
0 -4.34529
0 -4.24449
5 -4.611
0 -4.06023
0 -4.48021
3 -4.37805
7 -4.39134
0 -4.16626
0 -4.29119
0 -4.21816
2 -4.37651
0 -4.29328
0 -4.197
1 -4.2138
0 -4.14375
1 -4.47539
1 -4.32188
0 -4.25857
0 -4.10973
0 -4.45882
0 -4.2436
0 -4.24558
0 -4.13162
0 -4.1585
0 -4.07785
0 -4.07107
0 -4.65293
0 -4.05037
0 -3.87406
0 -4.35689
0 -4.42398
0 -4.59664
0 -4.43856
0 -4.14291
0 -4.57801
0 -4.64046
0 -4.59817
0 -4.74757
0 -4.5914
0 -4.46228
1 -4.38825
1 -4.56428
0 -4.50894
0 -3.67056
0 -4.23612
0 -4.4683
3 -4.47755
0 -4.38568
0 -4.36543
0 -4.2726
0 -4.44697
0 -4.21523
1 -4.29597
0 -4.58474
0 -4.6218
0 -4.4282
0 -4.27026
1 -4.41793
0 -4.28781
0 -4.56013
0 -4.41576
0 -4.46428
0 -4.31257
0 -4.50209
0 -4.5069
0 -4.55836
0 -4.58276
0 -4.66554
0 -4.24327
0 -4.25663
0 -4.32755
0 -4.66695
1 -4.70657
0 -4.31189
0 -4.41513
0 -4.26073
0 -4.33059
0 -4.42099
0 -4.61109
0 -4.4943
0 -4.60784
1 -4.46014
0 -4.2851
0 -4.41879
0 -4.33633
0 -4.48037
0 -4.32731
0 -4.43154
0 -4.4706
0 -4.49053
0 -4.41944
0 -4.41197
0 -4.45695
0 -4.38982
0 -4.52213
0 -4.49906
0 -4.33416
0 -4.53183
0 -4.4606
0 -4.13317
0 -4.19164
0 -4.46273
1 -4.41505
0 -4.20056
0 -4.43106
0 -4.1189
0 -4.36297
0 -4.41664
0 -4.50438
1 -4.45751
0 -4.30422
0 -4.36099
0 -4.24967
0 -4.29413
0 -4.35362
0 -4.49728
0 -4.36018
0 -4.42681
0 -4.15835
0 -4.38498
0 -4.26181
0 -4.28286
0 -4.45651
0 -4.40695
0 -4.30844
0 -4.44522
0 -4.32032
0 -4.32549
0 -4.31485
0 -4.51569
0 -4.35406
3 -4.4384
0 -4.33013
0 -4.33321
0 -4.20902
2 -4.3904
0 -4.3573
0 -4.34027
0 -4.37069
0 -4.48067
0 -4.35141
0 -4.50533
0 -4.3626
0 -4.26722
0 -4.39517
0 -4.40814
0 -4.47838
0 -4.39517
0 -4.4282
0 -4.45342
0 -4.36962
0 -4.2845
1 -4.60219
0 -4.51475
0 -4.38645
0 -4.49726
0 -4.4524
0 -4.36567
0 -4.54379
0 -4.50372
0 -4.36639
0 -4.36643
0 -4.03915
0 -4.39841
0 -4.56533
0 -4.50131
0 -4.25945
0 -4.4327
0 -4.94079
21 -3.63929
0 -4.94842
0 -4.78054
0 -4.1185
0 -4.57252
0 -5.04576
0 -4.78331
0 -4.10081
1 -4.74571
0 -4.40939
0 -4.3664
0 -4.51322
0 -4.5325
5 -4.75028
0 -4.50604
0 -4.76097
1 -5.23297
0 -4.95523
0 -4.87199
0 -4.99792
0 -4.90543
1 -4.92277
0 -5.01396
5 -5.03207
1 -5.03081
0 -4.85667
3 -4.10471
8 -3.86281
4 -4.38221
0 -4.0478
2 -4.39268
1 -4.05033
8 -3.80767
3 -4.18335
7 -3.27496
9 -4.31974
5 -4.02111
13 -3.71428
17 -4.16766
9 -4.32815
6 -4.37288
7 -3.76993
3 -4.13242
2 -4.08429
1 -4.41355
11 -3.8492
2 -4.36227
5 -3.86192
0 -4.51375
1 -3.597
0 -3.95664
0 -3.94258
1 -3.92675
0 -3.64384
0 -3.32456
3 -3.94934
2 -3.87479
8 -3.68408
0 -3.78917
0 -3.45239
0 -3.63739
0 -3.99967
0 -4.40219
0 -3.37277
1 -3.81799
0 -3.57865
1 -4.23486
4 -3.72905
2 -3.51013
0 -3.76681
2 -4.131
9 -4.23791
0 -3.40195
12 -3.95121
0 -3.89443
0 -3.72173
0 -3.94502
0 -3.8795
0 -3.87536
2 -3.75934
3 -4.61083
0 -4.60375
20 -2.88717
1 -4.47609
0 -4.71536
1 -4.64503
0 -4.64138
0 -4.6906
1 -4.52401
0 -3.82644
1 -4.48317
0 -4.66356
0 -4.51869
4 -4.43366
1 -4.55348
0 -4.53578
0 -4.43894
0 -4.53549
0 -4.75545
0 -4.49202
0 -4.46383
0 -4.59143
1 -4.60336
52 -3.26351
0 -4.44474
0 -4.82849
0 -4.57867
11 -4.72569
0 -4.50664
37 -4.08088
21 -3.26752
0 -4.78764
0 -4.53075
0 -4.5369
0 -4.57212
3 -4.23965
0 -4.73882
0 -4.62906
0 -4.55831
2 -4.33778
46 -3.22031
1 -4.46841
10 -3.76493
10 -3.99662
0 -4.57295
0 -4.65388
1 -4.56677
0 -4.56421
1 -4.57851
0 -4.48433
0 -4.66144
45 -4.32901
0 -4.24385
0 -4.64861
1 -4.50066
2 -4.36327
0 -4.56333
0 -4.30008
0 -4.65569
24 -4.01885
0 -4.65011
1 -4.33819
0 -4.11126
0 -4.15227
0 -4.19022
1 -4.07674
0 -4.29822
0 -4.33907
0 -3.99824
0 -3.91127
0 -4.05069
0 -4.19228
1 -4.49163
1 -4.20707
0 -4.1642
1 -4.24747
0 -4.22837
0 -3.93564
0 -4.01755
0 -4.03953
0 -4.19934
0 -4.3046
1 -4.09835
0 -4.66402
1 -4.02093
0 -4.08127
0 -4.12755
0 -4.31141
1 -4.11107
0 -4.08127
1 -4.14086
0 -4.26812
0 -3.86746
2 -4.18272
0 -3.91701
1 -4.17274
0 -4.20318
5 -4.01943
0 -4.24085
0 -4.14803
0 -4.21442
0 -3.83889
6 -4.0985
0 -4.00905
1 -4.12131
0 -4.65345
1 -4.36826
0 -4.08989
0 -4.14926
0 -4.30306
1 -4.24557
0 -4.28748
1 -4.16432
0 -3.96553
0 -4.24908
0 -4.10047
2 -4.07292
0 -4.42951
0 -4.00614
0 -4.55137
0 -3.96285
8 -4.01171
0 -4.3252
0 -3.93646
0 -4.31479
1 -4.13662
1 -4.13924
1 -4.44466
0 -4.18645
1 -4.09744
0 -3.97138
1 -4.07999
1 -4.11243
0 -4.08945
0 -4.12918
2 -4.01376
0 -4.25008
1 -4.19384
0 -4.15699
1 -3.83968
0 -4.15761
0 -4.20612
0 -4.14632
1 -4.00281
2 -4.10776
0 -4.14914
1 -4.29745
0 -4.24631
0 -4.10742
0 -4.34505
0 -3.82571
4 -4.09992
0 -4.12645
5 -4.31072
0 -4.02661
0 -3.95232
0 -4.46233
1 -4.09565
0 -4.22941
1 -3.93476
0 -4.25624
0 -4.24879
0 -4.71409
0 -4.67974
0 -4.11089
0 -4.68222
0 -4.78167
0 -4.56723
1 -4.61521
0 -4.75334
0 -4.6931
0 -4.56599
0 -4.68039
0 -4.53672
0 -4.52478
0 -4.44164
0 -4.551
0 -4.6429
0 -4.78843
0 -4.49914
0 -4.62505
0 -4.43657
0 -4.58955
0 -4.51232
0 -4.57762
0 -4.46125
0 -4.53926
0 -4.51063
0 -4.75566
0 -4.67694
0 -4.43498
0 -4.53332
0 -4.87793
0 -4.6729
0 -4.66366
0 -4.64297
0 -4.65787
0 -4.67549
0 -4.05685
0 -4.69016
0 -4.29971
0 -3.84675
0 -4.74133
0 -4.61819
0 -4.601
0 -4.68504
0 -4.67681
0 -4.44952
1 -4.81481
0 -4.45557
2 -4.75711
0 -4.73189
0 -4.707
0 -4.56235
0 -4.71294
0 -4.53143
0 -4.6322
2 -4.63531
0 -4.56008
1 -4.6123
3 -4.6802
2 -4.62026
0 -4.59834
1 -4.72043
0 -4.75061
0 -4.68661
6 -4.43908
0 -4.53086
1 -4.73891
3 -4.73848
2 -4.76005
5 -4.68725
2 -4.66207
10 -4.55166
1 -4.7387
0 -4.54955
0 -4.74809
0 -4.69108
1 -4.64354
3 -4.46642
3 -4.72097
0 -4.57034
0 -4.58781
0 -4.68861
0 -4.61931
0 -4.6316
0 -4.60763
0 -4.68844
0 -4.54955
0 -4.55727
0 -4.73465
2 -4.7653
0 -4.51142
3 -4.79401
0 -4.64628
2 -4.68675
5 -4.63996
0 -4.69488
6 -4.62735
1 -4.645
1 -4.73928
0 -4.5466
0 -4.58231
1 -4.59296
0 -4.73481
4 -4.56578
0 -4.67769
1 -4.57747
0 -4.75258
0 -4.99728
1 -4.69345
2 -4.79126
0 -4.60006
1 -4.64399
0 -4.61012
1 -4.72197
1 -4.57501
0 -4.74108
3 -4.64941
2 -4.6098
0 -4.76328
2 -4.65057
2 -4.65936
0 -4.60372
3 -4.67556
3 -4.6062
3 -4.76532
0 -4.68651
0 -4.7073
0 -4.6938
0 -4.51646
1 -4.68811
0 -4.57619
3 -4.67694
0 -4.65952
0 -4.78924
0 -4.72705
0 -4.43721
0 -4.3843
0 -4.14372
0 -4.1237
0 -4.18753
0 -4.03107
0 -4.11674
2 -4.17043
0 -4.04538
4 -4.33113
3 -4.26081
0 -4.4187
0 -4.12263
0 -4.11976
5 -4.36664
0 -4.21942
2 -3.9953
1 -4.13807
0 -4.08147
0 -4.8471
0 -4.42104
0 -4.17111
1 -4.4532
0 -4.2388
0 -4.01201
0 -4.27592
0 -4.26693
1 -5.68328
1 -4.28428
0 -4.36289
0 -3.9079
0 -3.57735
1 -3.81976
0 -4.41786
0 -4.30478
0 -3.97638
0 -3.75892
0 -4.2935
0 -3.89647
1 -4.24701
0 -4.25923
0 -3.98799
0 -4.3703
0 -4.23433
1 -4.29839
0 -4.2517
0 -3.98727
1 -4.34363
0 -4.2194
0 -3.68594
0 -4.42286
0 -4.19164
0 -3.96102
0 -4.56303
0 -4.32653
1 -4.49951
1 -4.26075
0 -4.61975
0 -4.24398
18 -4.09382
1 -3.7726
0 -4.44759
0 -4.55949
0 -4.55125
1 -4.29819
1 -4.25844
0 -3.69273
0 -4.34227
2 -4.31185
2 -4.33646
0 -4.29736
0 -4.04107
25 -3.73655
1 -4.65038
0 -4.26734
0 -4.59913
0 -4.24441
0 -4.12114
0 -3.84615
9 -4.37778
1 -4.50876
1 -4.57202
0 -4.0914
4 -3.904
0 -4.23614
0 -4.07119
0 -4.49563
2 -3.9113
3 -3.72935
0 -3.42658
0 -4.19259
0 -3.50686
0 -4.911
0 -4.9536
3 -4.87086
0 -4.5331
0 -4.88605
0 -4.59629
0 -5.07465
0 -3.84247
2 -5.17054
0 -4.68611
0 -4.85975
0 -5.04505
0 -5.03898
0 -4.21576
3 -4.57351
0 -4.77972
0 -4.51617
0 -4.92155
0 -5.14534
1 -4.79703
0 -4.731
0 -4.96247
1 -4.69226
1 -4.79179
0 -4.70406
7 -4.62455
0 -4.81166
0 -4.75857
0 -4.37525
1 -4.77087
0 -4.8495
0 -5.24769
0 -4.93712
3 -4.76313
0 -4.76868
0 -4.82658
1 -4.3494
2 -4.53652
0 -4.53853
0 -4.6119
0 -4.52411
1 -4.13627
0 -4.52282
0 -4.66892
5 -4.30462
2 -4.65737
0 -4.47673
0 -4.63776
0 -4.25723
0 -4.54463
2 -4.36264
0 -4.62857
0 -4.50763
0 -4.56887
0 -4.44834
0 -4.64135
0 -4.47075
1 -4.38344
2 -4.11628
0 -4.72072
0 -4.68269
1 -4.34289
0 -4.5788
1 -4.49319
0 -4.41923
0 -4.48076
0 -4.4926
0 -4.39949
1 -4.52551
0 -4.51001
0 -4.42745
0 -4.28413
0 -4.63662
0 -4.26913
1 -4.17385
2 -4.37692
0 -4.62372
0 -4.59613
0 -4.60177
1 -4.5576
2 -4.20833
7 -4.29719
0 -4.49786
0 -4.28528
0 -4.52826
0 -4.43141
2 -3.68372
1 -4.40153
0 -4.40542
0 -4.34507
0 -4.55624
0 -4.34743
0 -4.35284
1 -4.50894
1 -4.62137
0 -4.57338
0 -4.65403
1 -4.70421
2 -4.59649
0 -4.46813
2 -4.46905
0 -4.52233
1 -4.3754
1 -4.83343
4 -4.74501
0 -4.86119
6 -4.28959
3 -4.89146
0 -4.31328
3 -4.31621
1 -4.00714
5 -4.30496
1 -4.10787
2 -4.13377
2 -4.1759
4 -4.33554
0 -4.13569
10 -4.14663
0 -4.25629
3 -4.20317
2 -4.2273
0 -4.03645
1 -4.11781
4 -4.25195
1 -4.23488
2 -4.40211
0 -4.30443
0 -4.18072
11 -4.31414
0 -4.21192
11 -4.21279
1 -4.376
0 -4.15384
2 -4.32558
0 -4.00028
0 -4.29398
3 -4.23058
2 -4.29217
0 -4.11448
7 -4.34652
0 -4.33123
2 -4.21417
0 -4.12822
0 -4.26281
1 -4.28459
4 -4.09036
3 -4.31149
11 -4.30285
1 -4.18234
3 -4.25564
0 -4.26482
0 -4.35622
1 -4.07674
5 -4.27677
3 -4.48252
0 -4.57897
0 -4.34282
0 -4.42069
0 -4.48684
0 -4.80138
0 -4.4359
0 -25.928
0 -4.80599
0 -4.53806
0 -4.18124
0 -4.39721
0 -4.44222
0 -4.60048
0 -3.95958
0 -4.5433
0 -4.56888
0 -4.41814
0 -4.47763
0 -3.97899
0 -4.45885
0 -4.63944
0 -4.63273
0 -4.64419
0 -4.60336
0 -4.34601
0 -4.67801
0 -4.4138
0 -4.63203
0 -4.5145
0 -4.74285
0 -4.76234
0 -4.44233
0 -4.59607
0 -4.16176
0 -4.38553
0 -4.50363
0 -4.31325
0 -4.44849
0 -4.59687
1 -4.67127
0 -4.2515
0 -4.44538
0 -4.53176
0 -4.48444
1 -4.88585
1 -4.02236
0 -4.32789
2 -4.34441
0 -4.53624
0 -4.74695
0 -4.70818
0 -4.59963
0 -4.30883
0 -4.39476
0 -3.65096
0 -4.69164
0 -4.68267
0 -4.66958
0 -3.67702
0 -4.39576
1 -4.47868
0 -4.51992
0 -4.53519
0 -4.53838
0 -3.67644
0 -4.08488
0 -4.13895
0 -4.22983
0 -4.17835
3 -4.18131
1 -4.25895
0 -4.13847
0 -4.2876
0 -4.19798
0 -4.30089
0 -4.33857
0 -4.31454
0 -4.13505
0 -4.17065
0 -4.29356
0 -4.31042
1 -4.10746
1 -4.19335
5 -4.21855
0 -4.1406
0 -4.14405
0 -4.21475
1 -4.16206
0 -4.14056
0 -4.05639
1 -4.16163
0 -4.18406
5 -4.09873
1 -4.07805
2 -4.36842
0 -4.10041
0 -4.21538
2 -4.17059
0 -3.99529
0 -4.03882
1 -4.14302
1 -4.29998
0 -4.16871
1 -4.22221
0 -4.22008
0 -4.16928
0 -4.11806
0 -4.24107
0 -4.20981
1 -4.26657
0 -4.21065
5 -4.06057
0 -4.08974
0 -4.10634
0 -4.08664
0 -4.12414
0 -4.20703
0 -4.16701
0 -4.16196
0 -4.10833
0 -4.03122
2 -4.11917
0 -4.07919
1 -4.15063
1 -4.19569
0 -4.07781
1 -4.19913
0 -4.51174
0 -4.35622
0 -3.89768
1 -4.14269
0 -4.23048
0 -4.17937
0 -4.22336
0 -4.16179
1 -4.27129
0 -4.20862
0 -4.16216
0 -4.28658
2 -4.31839
0 -4.10381
1 -4.07674
5 -4.33836
19 -4.07253
0 -4.21407
0 -4.08327
3 -4.42226
2 -4.32071
1 -4.15396
0 -4.13629
0 -4.37718
0 -4.06522
0 -4.17825
0 -4.25901
1 -4.41952
1 -4.15183
0 -4.09532
0 -4.31645
1 -4.34147
1 -4.39783
6 -3.76246
0 -3.53553
17 -3.92137
5 -2.76496
0 -4.20815
0 -4.0643
4 -3.11499
1 -3.63546
0 -3.71532
0 -3.64683
4 -3.50979
0 -4.02369
8 -3.3068
4 -3.80749
143 -3.07606
0 -3.631
0 -4.01405
0 -3.75073
3 -4.04836
21 -3.55004
12 -3.45212
0 -3.51714
0 -3.60524
1 -2.69554
0 -3.66996
2 -3.58311
4 -3.66685
3 -3.18465
2 -3.17483
1 -3.79089
44 -2.5106
0 -3.69655
0 -4.07845
1 -4.05764
0 -3.45834
4 -3.4576
0 -3.77194
0 -3.68951
0 -3.98151
0 -3.55891
0 -3.84479
1 -3.65529
59 -3.84179
0 -3.64474
1 -3.56386
8 -3.53914
1 -3.61595
0 -3.41246
5 -3.86342
1 -3.92397
0 -3.77815
1 -3.25912
0 -3.21521
0 -3.41271
0 -3.95658
0 -3.96745
135 -3.30296
0 -3.60765
0 -3.40808
0 -4.00107
48 -3.82394
0 -3.35358
0 -3.76461
3 -2.50646
0 -3.74639
1 -3.15312
0 -3.80748
20 -3.28875
0 -2.96209
10 -3.72183
16 -3.21379
1 -3.81597
0 -3.47952
0 -3.92344
3 -3.52178
0 -3.72707
0 -3.60347
0 -3.53419
46 -3.36243
0 -4.0459
0 -3.70488
2 -2.79595
0 -3.50546
25 -3.31615
1 -3.65347
1 -3.71723
0 -3.76189
0 -3.48526
2 -3.23555
0 -4.04875
0 -3.89407
20 -3.79211
1 -3.49436
5 -3.44511
2 -3.49001
0 -3.2092
0 -3.75568
0 -3.93671
0 -3.78187
11 -3.85438
273 -3.05364
7 -3.85291
0 -4.47676
2 -3.85272
11 -3.45325
0 -3.94693
1 -3.74011
91 -2.78038
0 -3.61775
0 -3.71127
5 -3.99823
0 -3.95924
1 -3.68332
3 -3.58993
0 -3.10152
2 -3.92499
1 -4.17996
0 -3.87619
0 -3.95537
1 -3.39082
15 -3.83278
0 -4.23515
37 -3.39154
1 -2.64302
11 -2.74581
15 -3.77897
0 -3.84717
1 -3.28935
7 -3.78715
2 -3.75441
0 -2.94609
0 -4.21631
3 -3.85553
0 -3.65065
0 -4.11269
0 -2.8411
4 -2.98121
0 -3.85371
1 -4.12723
0 -3.67532
0 -3.79353
2 -2.6732
5 -3.81333
3 -3.55186
2 -3.70698
11 -3.63451
0 -3.45286
0 -3.72966
1 -3.04863
1 -3.72082
15 -3.73126
0 -3.26841
1 -3.48502
12 -3.55798
0 -4.15102
4 -3.62511
1 -3.59768
0 -3.45222
0 -3.42209
4 -3.19212
3 -2.37923
10 -3.2565
0 -3.36957
6 -3.63443
0 -3.50057
0 -3.53309
1 -3.80431
0 -3.84341
58 -3.74889
0 -3.99911
0 -3.92991
0 -3.89038
1 -3.85481
0 -3.59563
1 -3.91576
0 -3.68846
77 -2.71422
0 -3.85476
0 -4.06519
7 -3.64382
2 -3.71009
1 -3.94774
1 -3.9909
1 -3.57179
1 -3.0264
3 -3.82194
3 -3.81908
0 -3.2858
0 -3.85745
10 -4.21496
0 -3.37649
0 -3.41387
0 -3.9417
0 -3.14997
2 -3.28232
0 -4.19966
1 -3.52537
7 -3.93123
0 -3.58763
2 -3.84403
0 -4.00324
0 -3.95246
2 -3.69033
13 -3.17264
0 -3.43958
0 -3.4526
2 -3.7947
0 -4.13476
3 -3.86972
0 -4.63876
15 -3.70857
0 -3.86036
5 -2.10112
0 -4.14166
0 -3.66476
0 -4.1049
0 -3.48085
1 -3.60309
101 -3.57129
10 -3.84528
0 -2.90412
0 -3.46961
0 -3.70954
1 -3.93977
6 -3.77198
64 -3.32835
4 -3.70047
2 -3.70748
2 -3.86357
0 -3.19132
4 -2.94822
2 -2.66897
1 -3.78508
4 -3.43888
10 -3.75892
3 -3.40964
0 -3.4263
1 -3.62422
13 -2.42107
1 -3.40831
0 -3.92325
3 -3.92304
1 -3.77154
3 -2.88616
32 -3.72771
3 -3.31883
1 -3.39773
1 -3.88297
1 -3.92222
1 -3.52266
0 -4.18138
0 -2.3316
1 -2.34362
0 -4.14461
0 -4.47594
0 -4.26834
0 -3.98743
0 -4.39892
0 -4.39378
0 -4.36792
0 -4.23677
0 -4.49392
0 -4.38416
0 -4.08242
0 -4.273
0 -5.44023
0 -4.12228
0 -4.51061
0 -4.06402
0 -4.61691
5 -4.09228
0 -3.37374
0 -4.11264
0 -4.06535
1 -4.67803
0 -4.37389
0 -4.2215
3 -4.17419
0 -4.53121
0 -3.90618
0 -4.38909
0 -4.26272
0 -4.67368
0 -4.62698
0 -4.88685
0 -4.74689
0 -4.86675
0 -3.9487
0 -4.76061
0 -4.68195
0 -4.81346
0 -4.7281
1 -4.67506
0 -4.83119
0 -4.79998
0 -4.80253
0 -3.96632
0 -4.23685
0 -4.03097
1 -3.84626
0 -3.85795
0 -4.22047
1 -3.81729
0 -3.74333
0 -4.15515
0 -4.04802
0 -4.0552
0 -4.18728
0 -3.99297
0 -3.88333
0 -4.05351
0 -3.9686
0 -3.55471
0 -3.6533
0 -3.51836
0 -3.78169
0 -3.84933
2 -4.04689
0 -3.87601
0 -4.12256
0 -4.08059
0 -4.27868
0 -4.07813
0 -3.76222
0 -4.14131
0 -3.76376
0 -4.07261
0 -4.3295
0 -3.7949
0 -3.92716
0 -3.65957
0 -3.7544
0 -4.07001
0 -2.81852
0 -3.95105
0 -3.89892
0 -3.89142
1 -4.06041
0 -3.78541
0 -4.10725
1 -3.85552
0 -4.01007
0 -3.34296
0 -3.76074
0 -3.83395
1 -4.35246
1 -4.60397
0 -4.7919
0 -4.67275
0 -4.71362
0 -3.78114
0 -4.5275
5 -4.35465
1 -4.77401
0 -4.79902
1 -4.73281
0 -4.65091
0 -4.7869
0 -4.47285
0 -4.75389
0 -4.49362
0 -4.17206
0 -4.65646
0 -4.62728
1 -4.6163
0 -4.49337
0 -4.44118
8 -4.85599
0 -4.64095
0 -4.6797
1 -4.59738
0 -4.68907
1 -3.89668
0 -4.20581
0 -4.80328
0 -4.60396
42 -4.38551
1 -4.72584
0 -4.76054
0 -4.73554
0 -4.69069
2 -4.81493
0 -3.35427
0 -4.69707
3 -4.70818
0 -4.69904
0 -4.75588
0 -4.24061
0 -4.56821
0 -4.40588
3 -4.75952
4 -4.6333
0 -4.72574
0 -3.85252
0 -4.83045
1 -4.6821
0 -4.64903
0 -4.51932
3 -4.71488
1 -4.71925
0 -4.54686
0 -4.40839
17 -4.64682
0 -4.58939
0 -3.80694
0 -4.41931
0 -4.57787
1 -4.54092
0 -4.48054
0 -4.58818
0 -4.73143
0 -4.67302
0 -4.65298
0 -3.69428
0 -4.17207
0 -4.63782
0 -4.7477
0 -4.74535
0 -4.50791
0 -4.62773
0 -4.62439
0 -4.99125
0 -4.70042
0 -4.87559
0 -3.89597
8 -4.57676
0 -5.01313
0 -4.40577
0 -4.54422
0 -4.76278
0 -4.70983
1 -4.85165
0 -4.5801
1 -4.5339
0 -3.84933
2 -4.7622
0 -4.66265
0 -4.51226
1 -5.1169
4 -4.88142
1 -4.46263
0 -4.50828
2 -4.48994
0 -4.49095
2 -3.98066
0 -4.78328
1 -4.72837
1 -4.53195
0 -4.86708
2 -4.59791
0 -4.10082
0 -3.39173
0 -4.06286
0 -3.66882
0 -3.93152
1 -3.91152
0 -3.56868
0 -4.32895
0 -4.12743
0 -3.99133
0 -3.85191
9 -3.97375
0 -4.04453
0 -3.59593
0 -3.61531
0 -4.72332
1 -4.5898
1 -4.20491
0 -4.56288
0 -4.43861
1 -4.38824
0 -4.49687
0 -4.75671
3 -4.44934
3 -4.27573
0 -4.45508
1 -4.49148
1 -4.35932
3 -4.47602
0 -4.57426
0 -4.72275
1 -4.56709
2 -4.36835
0 -4.06122
0 -4.69315
0 -4.70689
0 -4.08178
0 -4.42881
2 -4.59812
0 -4.56177
0 -4.49676
0 -4.29029
0 -4.27542
1 -4.21929
0 -4.27158
0 -4.32587
0 -5.11934
0 -4.20709
6 -4.2649
1 -5.07175
0 -4.28023
0 -4.60007
0 -4.57864
0 -4.6806
0 -4.40737
0 -4.18311
0 -4.58278
0 -4.36393
5 -4.83119
0 -5.72036
1 -4.16722
0 -4.21331
4 -4.40843
2 -4.70468
0 -4.52858
0 -4.96031
0 -4.54216
0 -4.69271
1 -4.0926
1 -4.57806
0 -4.20972
0 -4.47924
1 -4.41158
0 -4.36624
0 -4.27469
0 -4.60066
1 -4.36593
0 -4.31182
0 -4.32777
0 -4.34908
0 -4.39554
0 -4.27339
1 -4.54869
1 -4.35409
0 -4.40153
0 -4.58695
2 -4.52466
0 -4.42917
0 -4.53487
1 -4.45395
0 -4.56841
0 -4.38304
0 -4.25477
2 -4.17883
0 -4.01058
0 -4.54382
0 -4.49284
0 -4.49828
0 -4.3226
1 -4.52285
0 -4.16306
0 -4.47765
0 -4.55952
0 -4.37202
1 -4.37841
0 -4.53935
0 -4.64328
0 -4.51289
0 -4.51123
0 -4.26567
0 -4.60852
0 -4.19624
0 -4.5099
0 -4.39438
0 -4.6765
0 -4.29273
0 -4.44498
0 -4.43056
0 -4.48338
0 -4.30893
0 -4.30832
0 -4.13524
0 -4.51277
0 -4.36789
0 -4.52329
1 -4.20718
0 -4.60952
0 -5.04158
0 -4.74126
0 -5.12692
0 -4.88901
0 -4.40573
0 -5.01704
0 -4.92416
0 -4.80707
0 -4.74724
0 -4.73605
0 -4.71576
1 -4.70042
1 -4.81828
0 -5.13481
0 -5.1512
0 -4.72545
0 -4.80617
0 -4.93305
1 -4.77619
0 -4.87917
0 -4.72742
0 -4.7801
0 -4.75294
0 -4.71845
0 -4.96166
0 -4.79912
0 -4.7814
0 -4.6231
1 -4.77764
0 -5.00342
0 -4.69604
0 -4.65317
0 -4.95645
0 -4.98294
0 -4.98012
0 -4.76245
0 -5.0921
0 -4.70891
0 -4.32014
6 -4.67079
0 -4.71493
0 -5.11545
0 -4.95621
0 -4.94667
0 -5.11311
0 -4.71459
0 -4.74747
0 -4.67418
0 -4.8304
0 -4.86163
2 -4.78339
0 -4.73059
0 -4.74566
0 -4.84845
0 -4.78409
0 -4.73095
0 -4.80237
0 -4.96488
0 -4.84152
0 -4.85364
0 -4.70106
0 -4.59008
0 -4.93355
0 -4.7154
0 -4.89528
1 -4.95966
4 -4.94471
0 -4.95811
0 -4.69386
0 -4.81402
0 -4.7988
1 -5.23765
0 -4.32641
0 -4.54333
0 -4.60067
0 -4.57889
0 -4.66396
1 -4.50842
0 -4.4586
0 -4.55145
0 -4.58386
0 -4.57286
0 -4.76358
0 -4.65099
0 -4.43231
0 -4.64908
0 -4.55699
0 -4.63655
0 -5.01946
1 -4.7018
0 -4.90685
0 -4.83335
0 -4.42415
0 -4.50242
6 -3.78845
0 -4.21957
0 -4.35551
1 -4.31726
0 -4.44711
0 -4.13716
10 -4.1279
1 -3.91111
2 -4.28957
7 -3.7142
0 -4.13767
1 -4.23236
5 -3.23593
0 -4.10361
2 -3.77845
3 -4.24219
0 -4.22371
1 -4.71117
86 -3.48764
0 -3.88074
2 -4.54972
0 -4.25374
1 -4.10373
2 -3.79729
0 -4.73681
0 -4.50912
4 -4.35388
1 -4.18528
2 -4.26371
33 -3.90015
4 -4.33128
0 -4.44609
12 -3.74493
14 -4.29393
0 -4.11576
14 -3.56262
16 -4.163
1 -4.02974
2 -4.93495
4 -4.04151
2 -4.39182
22 -3.65904
6 -4.20426
2 -4.27513
0 -4.37075
0 -4.6081
3 -4.26355
0 -4.34906
3 -4.10986
0 -4.3765
1 -4.17062
0 -4.638
5 -3.70542
0 -4.13668
7 -4.31475
3 -4.25079
0 -4.25219
5 -3.8835
0 -4.2134
4 -4.07831
0 -4.10775
0 -4.03192
0 -3.92001
1 -4.4505
0 -4.60296
0 -4.20126
0 -4.47745
0 -3.85117
0 -3.69841
0 -3.99061
0 -4.52533
0 -4.17909
2 -3.66697
0 -4.60499
4 -4.3383
2 -4.29326
0 -4.26461
6 -4.30736
0 -4.5719
0 -4.22755
0 -4.39496
1 -4.66044
0 -4.46608
0 -4.5018
0 -3.92555
0 -4.56271
6 -4.27342
0 -4.24601
0 -4.05876
0 -4.28002
0 -4.16993
0 -4.52455
1 -3.80508
0 -4.16011
0 -4.21792
1 -4.58155
0 -4.64212
0 -4.46099
0 -4.30205
0 -4.51781
0 -4.01753
0 -3.91804
0 -4.41137
0 -4.49547
0 -4.08644
0 -4.346
0 -3.81893
1 -3.93525
0 -4.39757
0 -4.05152
1 -4.61782
0 -3.67995
0 -4.14049
0 -4.75869
0 -4.0871
0 -4.6199
0 -4.54488
0 -4.13094
2 -4.08657
0 -4.03677
14 -4.37333
7 -4.48368
2 -4.63171
2 -4.76083
13 -4.45541
2 -4.75848
0 -4.72159
1 -4.59892
