4 -4.89928
7 -4.76456
4 -4.8627
2 -4.59798
1 -4.55956
4 -4.29141
9 -4.11961
0 -4.07108
0 -4.51832
5 -4.28334
0 -4.28604
0 -4.3232
2 -4.3666
1 -3.98416
2 -4.24721
0 -4.29413
4 -4.08691
0 -4.48337
1 -4.74985
0 -4.31078
1 -4.46037
0 -4.32938
0 -4.27302
2 -4.53965
0 -4.31334
1 -4.38474
2 -4.39248
12 -4.52181
1 -4.44029
4 -4.41717
0 -4.28425
0 -4.58844
1 -4.28017
1 -4.25178
0 -4.21417
0 -4.26584
1 -4.29027
1 -4.41661
55 -4.21143
0 -4.29169
1 -4.67279
1 -4.92435
3 -4.42888
6 -4.65693
0 -4.16277
0 -4.20509
11 -4.66056
1 -4.27762
1 -4.489
2 -4.27077
3 -4.23956
0 -4.55017
2 -4.70538
15 -4.42998
7 -4.52303
0 -4.10799
2 -4.45453
0 -4.49451
5 -4.01067
1 -4.45199
5 -4.23528
17 -4.55988
0 -3.54725
2 -4.37663
1 -4.47935
12 -4.3235
5 -4.33393
0 -4.36325
0 -4.22812
0 -4.32738
3 -4.16309
1 -4.33617
2 -4.42999
0 -4.33317
6 -4.12017
54 -3.5367
0 -4.2571
2 -4.3154
1 -4.28129
5 -4.44942
3 -3.90007
0 -4.41446
0 -3.7925
0 -4.34384
21 -4.26898
2 -4.34529
4 -4.28076
0 -4.40646
0 -4.1782
1 -4.20974
0 -4.25633
0 -4.25165
0 -4.02813
0 -3.84899
0 -3.49789
1 -4.32152
0 -4.1272
15 -3.95088
0 -4.31134
1 -4.10938
0 -4.38366
1 -4.27559
0 -4.02702
3 -4.26955
9 -3.96763
3 -4.28298
2 -4.25043
0 -4.18672
0 -4.12484
2 -4.17981
1 -4.36809
3 -4.03821
178 -2.90796
1 -3.61497
1 -4.41306
1 -4.52342
0 -3.88171
21 -3.92913
1 -3.85433
15 -3.84469
5 -4.21586
8 -4.06606
9 -4.04544
2 -4.22467
6 -4.24049
2 -3.77322
2 -4.47161
6 -4.24605
2 -4.2164
1 -4.24318
2 -4.11552
0 -4.26754
1 -4.43323
4 -4.09023
0 -4.35664
1 -4.39424
0 -4.34841
7 -4.01018
0 -3.98013
2 -4.20708
0 -3.90094
0 -4.40222
7 -2.88791
14 -3.39032
11 -4.20917
4 -3.75956
0 -3.95856
6 -4.24379
0 -4.20699
1 -4.05327
2 -3.80686
7 -4.13166
21 -4.06611
0 -4.28566
4 -3.86878
0 -3.94929
3 -4.17549
1 -3.73378
37 -3.3602
7 -3.84532
0 -4.06304
16 -4.11808
0 -4.32627
2 -4.18375
37 -4.10938
19 -3.59863
0 -4.05436
19 -3.835
3 -4.27025
72 -4.07313
3 -4.05449
7 -3.72928
4 -4.50828
1 -3.76524
37 -3.8743
0 -4.20151
0 -4.12936
3 -4.14215
14 -3.45833
0 -4.12561
44 -3.83302
0 -3.99497
0 -4.19387
5 -3.92526
28 -3.92621
0 -4.14324
0 -3.68345
6 -4.20256
2 -4.27236
0 -3.97321
4 -3.75534
3 -3.96574
12 -4.14898
11 -4.22411
27 -3.84319
2 -3.85354
63 -3.67618
2 -3.62843
0 -4.35061
6 -4.08887
14 -3.79444
4 -3.83966
0 -3.80465
80 -3.5087
11 -3.01705
63 -3.2929
1 -4.24225
9 -3.34391
8 -4.12131
0 -3.92719
3 -3.26009
29 -4.06074
13 -4.52366
0 -4.00207
35 -3.5481
0 -2.9448
3 -4.00987
3 -4.0815
0 -4.04054
1 -4.10481
0 -4.39416
3 -3.98904
0 -4.06569
3 -4.25273
3 -4.2076
0 -4.37252
0 -4.28328
0 -4.3203
2 -4.07067
6 -3.14786
0 -4.1727
1 -3.994
0 -4.17752
1 -3.89902
1 -4.09978
3 -3.08796
1 -4.00453
1 -3.98686
1 -4.15582
4 -3.6844
8 -3.74585
9 -3.26545
11 -3.98048
48 -3.24189
15 -3.7478
1 -4.03647
15 -4.04283
2 -4.10227
5 -3.79782
1 -4.32925
3 -3.8804
6 -3.86699
1 -4.2127
2 -4.09448
0 -4.09771
1 -3.62972
0 -4.139
6 -4.26456
24 -3.67918
0 -4.25538
1 -4.16618
0 -3.9446
5 -3.74574
7 -2.84066
0 -4.19364
3 -4.22672
0 -3.72625
0 -4.07482
6 -3.9034
0 -3.84414
1 -3.92017
2 -3.96707
1 -4.07796
5 -3.89952
2 -3.72912
2 -3.52047
0 -3.61188
37 -3.84111
1 -3.81142
0 -4.21383
1 -3.73394
6 -3.76554
10 -3.93674
26 -3.35409
4 -4.1507
0 -4.00032
1 -4.33125
2 -4.23751
0 -4.18435
0 -3.73988
11 -3.64192
11 -3.68166
0 -4.01293
1 -4.2799
0 -4.084
0 -4.06443
0 -5.30147
0 -4.95334
0 -5.10081
0 -5.02938
0 -5.07416
0 -5.04579
0 -5.27119
0 -4.99653
0 -5.12961
0 -5.17297
0 -4.85609
0 -5.13645
0 -5.0963
0 -5.12062
2 -5.3198
0 -4.53495
0 -4.99398
0 -4.96809
0 -5.14642
0 -4.97012
0 -5.13017
0 -5.05916
0 -5.07856
0 -4.98045
0 -5.38381
0 -5.10186
2 -5.14758
0 -5.18856
0 -4.98641
0 -4.95514
0 -5.33527
0 -5.17637
0 -4.80917
0 -5.06737
0 -5.01453
0 -4.85281
0 -5.1225
0 -4.80927
0 -4.78502
0 -5.04392
0 -5.05975
0 -5.07171
1 -4.8713
1 -5.39876
0 -4.81496
0 -5.25292
0 -5.41051
0 -5.39874
0 -5.50369
0 -5.21265
0 -5.55177
0 -5.27487
1 -5.24204
0 -5.41429
0 -5.27736
0 -5.22732
0 -5.33644
1 -5.06132
72 -4.84487
0 -5.20475
0 -5.23344
1 -5.42596
0 -5.37605
0 -5.31241
26 -5.19455
0 -5.25352
0 -5.08525
0 -5.36491
0 -5.28448
0 -5.4177
0 -5.17709
0 -5.47047
0 -4.88226
0 -5.20316
0 -5.46868
0 -5.09596
0 -5.38116
0 -4.82832
0 -5.39158
0 -5.54044
0 -5.3313
0 -4.98962
0 -5.2268
0 -5.28886
0 -5.27135
0 -5.61965
0 -5.11335
7 -5.21293
6 -5.32876
5 -5.44385
0 -5.45358
17 -5.3813
0 -5.42434
0 -5.31585
0 -5.51973
0 -5.4313
0 -5.40624
0 -5.39986
9 -5.49843
2 -5.42476
3 -5.38533
0 -5.26162
6 -5.24993
0 -5.1638
0 -5.47401
0 -5.43307
0 -5.04008
1 -5.40868
0 -5.54922
1 -5.3813
0 -5.34073
0 -5.39582
2 -5.375
0 -5.48619
2 -5.4222
0 -5.15323
0 -5.40669
0 -5.29478
0 -4.90351
0 -4.78635
0 -5.45206
0 -5.25472
0 -5.28747
0 -5.44254
10 -5.15725
0 -5.23189
1 -5.44387
0 -5.43624
0 -5.39027
0 -5.31019
0 -5.43146
1 -5.57066
2 -5.49407
0 -5.00047
1 -5.30034
0 -5.16944
0 -5.46001
0 -5.24019
0 -5.24982
0 -5.17597
0 -5.51887
20 -5.31839
0 -5.20747
3 -5.4228
0 -5.51117
0 -5.0917
6 -5.15309
1 -5.12274
0 -5.27911
0 -5.1637
0 -5.2837
0 -5.04109
1 -5.2257
0 -5.14419
2 -5.08276
0 -5.17288
0 -5.10491
0 -4.94444
0 -5.02272
0 -5.11235
0 -5.05398
0 -5.24861
1 -5.12404
0 -5.15425
3 -5.16914
0 -5.21615
6 -4.99363
1 -5.2221
0 -5.17221
2 -5.17088
1 -5.04649
1 -5.17893
0 -5.0695
5 -5.32597
1 -5.30133
8 -4.88931
3 -5.22483
0 -5.17085
1 -5.26062
0 -5.22741
0 -5.09052
0 -5.27146
0 -5.11882
1 -5.137
0 -5.09218
1 -5.21093
0 -4.9658
2 -5.19526
1 -5.11039
11 -4.94964
3 -5.21279
0 -5.15056
0 -5.18093
10 -5.02443
0 -5.1827
0 -5.02019
0 -5.2116
0 -5.05989
0 -5.22686
1 -5.1399
0 -5.1624
1 -5.08072
0 -4.992
0 -5.07305
0 -5.00888
1 -5.14101
0 -5.00822
0 -4.96485
4 -5.22353
0 -4.96528
1 -5.18704
0 -5.12619
1 -5.0869
0 -5.03899
0 -5.22215
4 -5.18539
2 -5.00498
0 -5.10338
0 -4.93196
0 -5.16495
0 -5.21066
0 -5.07465
0 -4.94699
6 -5.13413
0 -5.22084
0 -5.13948
2 -4.93915
0 -5.20562
0 -5.09595
2 -5.21249
0 -5.2439
0 -5.03105
0 -4.98704
0 -5.20398
0 -5.19218
0 -5.25387
0 -5.21249
0 -5.39331
0 -5.37835
0 -5.5995
0 -5.33034
0 -5.47961
0 -5.68407
0 -5.6705
0 -5.6582
0 -5.70024
0 -5.57907
0 -5.01155
0 -5.59004
0 -5.59058
0 -5.60571
0 -5.43484
0 -5.60044
0 -5.66857
0 -5.45818
0 -5.66089
0 -5.39386
0 -5.55796
0 -5.58269
0 -5.64226
1 -5.27362
1 -5.69214
0 -5.3743
0 -5.28981
1 -5.61786
1 -5.46685
0 -5.66837
0 -5.60188
0 -5.61733
0 -5.52856
0 -5.60935
0 -5.5409
0 -5.36685
0 -5.57963
0 -5.67616
0 -5.55179
0 -5.60163
0 -5.58114
0 -5.56021
0 -5.48851
0 -5.4341
0 -5.57806
0 -5.62386
0 -5.40903
0 -5.55134
0 -5.69344
0 -5.57259
0 -5.37868
0 -5.50044
0 -5.60636
0 -5.39701
0 -5.59424
0 -5.42747
2 -5.63171
0 -5.26121
0 -5.38575
0 -5.58776
0 -5.51879
0 -5.52328
0 -5.504
1 -5.4948
0 -5.40535
0 -5.56419
0 -5.49853
0 -5.42801
0 -5.41482
0 -5.41122
0 -5.54302
1 -5.63088
0 -5.44145
0 -5.56386
0 -5.51825
0 -5.54065
4 -5.47646
0 -5.48836
0 -5.59696
0 -5.28759
0 -5.44594
0 -5.6058
0 -5.52642
0 -5.55986
1 -5.48971
0 -5.56969
0 -5.30974
0 -5.40826
0 -5.35545
0 -5.35909
0 -5.54892
0 -5.50569
0 -5.32944
0 -5.66077
0 -5.52919
0 -5.62839
0 -5.37327
0 -5.54747
0 -5.5742
0 -4.9817
0 -4.99566
0 -5.08708
0 -4.76144
0 -4.77251
0 -5.02578
0 -5.11824
0 -4.99669
0 -4.97636
0 -4.84396
0 -4.94385
0 -4.82035
0 -3.8168
0 -4.99987
0 -5.25092
0 -5.26194
0 -3.88155
2 -4.8106
0 -4.85412
0 -4.90856
0 -5.20426
0 -5.07956
0 -5.11596
0 -4.64702
0 -4.93315
0 -4.98472
0 -5.54687
0 -4.41391
0 -3.51967
0 -5.10933
0 -5.36061
0 -4.85849
0 -4.84773
0 -3.23471
0 -4.71905
0 3.0545
0 -5.03816
0 -3.783
0 -4.7401
0 -4.92011
0 -4.51794
0 -4.82772
0 -5.14902
0 -5.08538
0 -5.04066
1 -5.14551
0 -3.39444
0 -4.77167
0 -3.91772
0 -5.08275
0 -4.94135
0 -5.09777
0 -4.94403
0 -5.0024
0 -4.86787
0 -4.82591
0 -4.98951
0 -4.9326
0 -5.13372
0 -3.81468
0 -5.15448
0 -5.80118
0 -4.85196
0 -4.99798
0 -4.49419
0 -5.15319
0 -5.02603
0 -4.84872
0 -4.96145
0 -5.06518
0 -5.45306
0 -5.80778
0 -4.8249
0 -4.99677
0 -5.08587
0 -4.82288
0 -4.87356
0 -4.8389
0 -5.01568
0 -4.82177
0 -5.24585
0 -4.88664
0 -4.81521
0 -5.54342
0 -5.59206
0 -4.89993
0 -4.70895
0 -4.33999
0 -5.11059
0 -4.82053
0 -4.98835
0 -4.6859
0 -3.46508
0 -4.54817
0 -4.82553
0 -4.95742
0 -4.81857
0 -5.06473
0 -4.68418
0 -5.20085
0 -3.36706
0 -4.92647
0 -4.8828
2 -4.74833
0 -4.45199
0 -4.58996
2 -4.68668
0 -4.69957
1 -4.60216
0 -4.24301
0 -4.29757
3 -4.93061
3 -4.56055
1 -4.9601
1 -4.78355
0 -4.8607
0 -4.25648
0 -4.63214
5 -4.51602
0 -4.58983
0 -4.58099
1 -4.55667
0 -4.99011
0 -4.60298
0 -4.78681
0 -4.75181
0 -4.39108
1 -4.7289
1 -4.57376
0 -4.2676
2 -4.18054
0 -4.4886
0 -4.44382
3 -4.70126
0 -4.56152
0 -4.70026
0 -4.49957
9 -4.41452
1 -4.38999
0 -4.49559
0 -4.76636
0 -4.47046
1 -4.63979
0 -4.66859
0 -4.70777
0 -4.50716
1 -4.58899
0 -4.46789
1 -4.93244
0 -4.71511
13 -4.70091
0 -4.11229
0 -4.77401
0 -4.48439
1 -4.71866
0 -4.74744
0 -4.53617
2 -4.59418
1 -4.29889
16 -4.67518
4 -4.62038
0 -4.8174
3 -4.9421
0 -4.19676
0 -4.41219
0 -4.24894
0 -4.53176
0 -4.66563
0 -4.40047
0 -4.14808
0 -4.23261
0 -4.39368
2 -4.57521
0 -4.63169
3 -4.62165
0 -4.41013
0 -4.68792
0 -4.27723
0 -4.62541
6 -4.62127
1 -4.3502
5 -4.43305
0 -4.60471
0 -4.35612
4 -4.65726
1 -4.5763
4 -4.26124
1 -4.57073
0 -4.37243
0 -4.36316
1 -4.46882
0 -4.63717
0 -4.5115
16 -4.49753
1 -4.04388
1 -4.57894
0 -4.96487
0 -4.64093
2 -4.16765
0 -4.74577
0 -4.10957
15 -4.56692
0 -4.3248
4 -4.56004
0 -4.42538
2 -4.47097
1 -4.43171
0 -4.26971
4 -4.69762
1 -4.76068
5 -4.53399
0 -4.58841
1 -4.53036
0 -4.48538
0 -4.58167
0 -4.77006
0 -4.72847
4 -4.70909
1 -3.36564
2 -4.30648
0 -4.65266
2 -4.43405
2 -4.5113
3 -4.63024
3 -4.02872
0 -4.28967
0 -4.33067
0 -4.00453
0 -4.28429
0 -4.29727
1 -3.87101
1 -4.56107
6 -4.21509
3 -4.21968
0 -3.91218
0 -4.13652
1 -4.09163
0 -4.21474
0 -4.35894
0 -4.17818
6 -4.28559
0 -4.15424
0 -4.30006
0 -4.03685
0 -4.00369
0 -3.78479
0 -3.95717
0 -4.04436
0 -3.64749
5 -4.05479
2 -4.10769
3 -4.13251
0 -4.10523
0 -4.16773
2 -4.29948
1 -4.39798
0 -4.14961
0 -4.31682
0 -4.17155
1 -3.92439
7 -4.12522
1 -4.01656
0 -4.07319
0 -5.15954
0 -4.03339
1 -4.13009
0 -4.55083
0 -4.261
2 -4.17344
0 -4.24757
0 -4.20388
1 -4.13595
0 -4.05654
1 -3.89936
0 -3.87958
4 -4.42778
0 -4.33631
0 -4.00013
3 -4.02685
5 -4.12242
0 -4.01879
0 -4.71
1 -4.20237
1 -4.7223
0 -4.26461
1 -4.21285
0 -4.28584
0 -4.0953
1 -5.04861
4 -5.05414
7 -4.88839
0 -5.04287
0 -4.9595
0 -5.01487
1 -4.98892
0 -4.97182
0 -4.78943
1 -5.0191
0 -4.82056
1 -4.99048
1 -4.88698
0 -4.83734
1 -4.69304
2 -4.8367
0 -4.97683
1 -4.98346
0 -4.77518
0 -4.91742
0 -5.04467
0 -5.00799
0 -4.94862
1 -4.65398
1 -5.23642
0 -5.1083
4 -5.06783
0 -5.14342
3 -5.09644
0 -5.27021
2 -4.87873
0 -5.16176
6 -5.06486
4 -5.05175
3 -5.1589
2 -4.54214
1 -5.06937
0 -5.97839
0 -6.30967
0 -5.5178
0 -6.06373
0 -5.87297
0 -5.82543
0 -6.21279
0 -5.4653
0 -5.73874
0 -5.75561
1 -5.35374
0 -5.30183
0 -5.38893
0 -5.31254
0 -5.97197
0 -6.21272
0 -6.40283
0 -5.66934
0 -5.61956
0 -5.99473
0 -6.29529
1 -6.23412
2 -5.51666
0 -6.14962
8 -5.52232
0 -5.70596
0 -6.19514
0 -5.87278
0 -5.6036
1 -5.29387
0 -6.13887
0 -5.73265
2 -5.45837
0 -5.50905
0 -5.97081
1 -6.14323
0 -5.63451
1 -5.45655
0 -5.36915
0 -5.85959
2 -5.55039
0 -6.15945
0 -5.67562
0 -5.53684
0 -5.87324
1 -5.42895
0 -5.66456
0 -6.34143
0 -6.46757
11 -5.63726
0 -5.96781
0 -6.21682
0 -5.81773
0 -5.68255
0 -6.13132
0 -5.68646
0 -5.79951
2 -5.53355
0 -5.59518
0 -6.01261
2 -5.76924
0 -5.71157
14 -5.48605
0 -5.63497
0 -5.87647
0 -6.42718
0 -5.65648
0 -5.87339
0 -6.00308
1 -5.57976
0 -6.23142
0 -5.85327
1 -5.54702
4 -5.56356
2 -5.27642
0 -5.63578
0 -6.29524
0 -5.59199
1 -5.71101
0 -5.35445
5 -5.44095
11 -5.28704
0 -5.82109
0 -5.94477
1 -5.90542
0 -6.00763
0 -6.08531
0 -5.9206
0 -5.68918
0 -6.01219
0 -5.86912
0 -6.14902
0 -5.77682
0 -6.02778
0 -5.84987
0 -6.01661
0 -5.93216
0 -6.03131
0 -6.33883
0 -5.6161
0 -5.99386
4 -5.76291
0 -5.72962
0 -5.78486
0 -5.65659
0 -5.5083
0 -5.60431
0 -5.81441
0 -5.80092
3 -5.61602
0 -5.67776
0 -5.94769
0 -6.10444
0 -6.15961
0 -5.65272
0 -6.00306
0 -5.61696
0 -6.17609
0 -6.28873
0 -5.77236
0 -6.33324
0 -6.19943
0 -5.78189
0 -5.57146
0 -5.67627
0 -5.72253
0 -6.03572
0 -6.0734
0 -5.70534
0 -5.66391
0 -5.90658
0 -5.88375
0 -5.73456
0 -5.55343
0 -5.79349
0 -5.41113
0 -5.89496
0 -5.59594
0 -5.8366
0 -6.12522
0 -5.9819
0 -5.59746
0 -6.02384
0 -5.72037
1 -5.48733
0 -5.97176
0 -5.81092
0 -5.72052
0 -5.76647
0 -5.62593
0 -6.22195
0 -6.30046
2 -5.74842
0 -5.90918
0 -5.64058
0 -5.80327
0 -5.74365
0 -5.83462
0 -5.74155
0 -5.75651
0 -5.72836
0 -5.77457
0 -6.05248
0 -5.69084
0 -5.79006
0 -5.49833
0 -5.91152
0 -5.64711
1 -5.82859
0 -5.68278
2 -4.30483
2 -4.63766
0 -4.42733
4 -4.50139
0 -4.40271
1 -4.28959
0 -4.4177
1 -3.47739
1 -4.27739
1 -4.18928
0 -4.24243
3 -3.47901
0 -4.19689
0 -4.38632
0 -4.31535
0 -4.22462
30 -4.57799
4 -4.44064
0 -4.34061
0 -4.2738
0 -4.2159
1 -3.28166
0 -4.41265
10 -4.118
10 -4.3474
4 -4.0445
0 -4.01768
0 -4.14174
0 -4.65741
3 -4.4246
1 -3.98097
0 -4.20707
0 -4.22665
1 -4.25569
0 -3.03777
2 -4.57656
1 -4.38486
8 -3.37539
1 -4.26006
5 -3.56484
1 -4.65823
0 -3.89905
0 -4.65678
0 -4.17504
3 -4.53439
0 -4.14085
1 -4.35644
3 -4.35174
4 -4.05402
4 -4.06114
1 -3.54736
1 -3.58156
7 -4.22543
1 -4.43861
4 -4.29792
0 -4.382
1 -4.36874
2 -4.59799
0 -4.55012
0 -4.11061
14 -4.49456
5 -3.75049
0 -4.05674
0 -4.22486
0 -4.24684
0 -4.28605
2 -4.20266
0 -4.2759
3 -4.18576
0 -4.3917
1 -4.73808
0 -4.26736
2 -4.5076
0 -4.25738
2 -4.47396
2 -4.26322
0 -3.98545
3 -3.99102
0 -4.96216
2 -3.81561
1 -4.40724
2 -4.54102
0 -4.90341
0 -4.88496
0 -4.97582
0 -4.91868
0 -4.61327
0 -4.73282
0 -4.86516
0 -4.73585
0 -4.79312
2 -4.94134
2 -4.97797
0 -4.60123
0 -4.85972
0 -4.954
0 -4.77252
1 -4.87582
0 -5.00905
0 -4.68348
1 -4.98954
0 -4.65377
0 -4.95417
1 -4.6901
0 -4.98725
2 -5.02702
0 -4.98571
0 -4.94074
1 -4.95953
1 -4.88315
0 -4.61343
0 -4.64081
0 -4.74182
0 -4.90678
1 -4.76975
0 -4.41021
1 -4.3519
3 -5.03746
0 -4.96537
0 -4.67081
0 -4.73994
0 -4.84997
0 -4.804
0 -4.88814
0 -4.60665
1 -4.88959
0 -4.92166
0 -4.59741
0 -4.70831
1 -4.85327
0 -4.64335
0 -5.09569
0 -4.9366
0 -4.92269
0 -4.72487
2 -4.97834
1 -4.60083
0 -4.97651
0 -5.0252
0 -4.91784
0 -4.9702
0 -4.46984
1 -4.97648
0 -4.88516
0 -4.78056
0 -5.06466
0 -4.89985
0 -4.81145
0 -4.58672
0 -4.82511
0 -4.94285
0 -4.88423
0 -4.69483
0 -4.43424
0 -4.78239
0 -4.98413
0 -4.62008
0 -4.89786
0 -4.46334
0 -4.2674
0 -4.86371
0 -4.86697
0 -4.83851
0 -4.96596
0 -4.98927
0 -4.61606
0 -4.88447
0 -4.85783
0 -4.99685
0 -4.96488
0 -5.04864
0 -4.81937
1 -4.51518
4 -5.12248
0 -4.60684
0 -4.91665
1 -4.90639
8 -4.95485
0 -4.9382
0 -4.9015
0 -4.92042
0 -4.6487
0 -4.6321
0 -4.89403
1 -4.6351
0 -4.75845
0 -4.69533
0 -4.72597
0 -4.56724
0 -4.75797
0 -4.95512
0 -4.787
0 -4.68366
1 -4.46413
0 -4.8455
0 -4.35106
6 -4.63743
0 -5.09816
0 -4.79138
0 -5.00848
0 -5.02643
0 -4.91117
0 -5.34898
0 -5.23528
0 -5.20096
0 -5.45012
0 -5.74479
0 -5.5329
0 -5.19602
0 -5.40167
0 -5.24656
0 -5.04411
0 -5.08394
0 -5.39349
0 -4.67815
0 -5.05156
0 -5.00212
1 -5.51445
0 -5.04822
0 -5.00114
1 -4.87206
1 -5.12155
0 -5.38472
0 -5.03617
0 -5.61111
0 -5.07381
0 -5.16762
0 -4.84414
0 -5.04173
0 -5.17454
0 -4.93023
0 -5.29896
0 -5.4194
0 -5.12027
0 -5.29122
0 -5.13186
0 -5.44343
0 -5.06227
0 -5.70061
0 -5.25611
0 -5.09884
0 -4.95729
0 -5.82164
0 -5.16566
0 -5.11717
0 -5.05954
0 -5.17606
0 -5.48782
0 -5.21707
0 -5.70148
0 -5.04283
0 -5.49833
0 -5.32434
0 -5.05128
0 -5.23211
0 -4.86817
0 -4.94047
0 -4.39104
0 -5.23962
0 -5.07621
0 -5.24566
0 -4.3383
0 -5.16977
0 -5.32919
0 -5.17967
0 -5.42406
0 -5.33396
0 -4.90707
0 -4.38845
0 -5.02881
0 -5.00938
0 -4.99131
0 -5.27835
0 -5.10643
0 -5.05676
0 -5.09834
0 -4.76332
0 -4.90795
0 -5.28323
0 -5.29641
1 -5.25009
0 -4.87666
0 -5.10743
0 -4.98546
0 -4.98103
0 -4.9942
0 -5.2997
0 -5.01229
0 -5.19378
0 -4.91685
0 -5.1354
0 -4.97134
0 -4.87777
0 -5.20409
0 -4.27508
0 -5.08533
0 -5.21823
0 -5.10629
0 -5.06924
0 -4.95649
0 -5.02766
0 -5.17126
1 -5.29549
0 -5.01664
0 -5.00635
0 -4.8637
0 -5.19829
0 -5.15753
0 -4.83684
0 -5.18807
0 -5.25535
0 -5.11384
0 -5.34382
0 -5.14588
0 -4.90278
0 -5.06414
0 -5.27191
0 -5.30607
0 -5.18739
0 -5.03943
0 -5.33885
0 -5.06167
0 -5.07038
1 -5.4976
0 -5.3402
0 -4.88053
0 -5.31402
0 -4.50464
0 -5.13221
0 -5.13057
0 -5.35661
1 -5.13883
0 -4.25936
0 -4.90598
0 -5.15386
0 -5.37958
0 -5.34166
0 -5.09996
0 -5.20751
0 -5.08287
23 -4.18994
0 -5.14867
0 -5.0476
0 -4.69247
0 -5.0511
0 -4.93724
0 -4.93292
0 -4.59828
0 -4.99757
0 -4.85457
0 -4.91467
0 -4.80527
0 -4.78985
1 -4.85612
0 -4.97267
1 -4.99404
0 -5.52804
0 -5.48557
0 -5.38954
1 -5.53026
1 -5.55355
2 -5.36741
2 -5.50392
3 -5.46772
0 -5.48996
0 -5.42784
0 -4.60348
13 -4.49767
4 -4.89637
3 -4.48979
0 -4.91941
0 -4.57614
8 -4.39441
0 -4.68594
10 -3.82747
11 -4.84362
3 -4.53796
15 -4.27269
15 -4.74881
6 -4.74703
6 -4.94202
2 -4.30213
2 -4.58223
4 -4.65826
0 -4.92905
9 -4.46632
2 -4.78917
4 -4.15585
0 -4.62842
1 -4.16445
0 -4.10737
1 -4.24542
0 -4.14105
0 -4.12973
3 -3.49971
4 -3.85417
0 -3.74078
0 -3.8872
0 -4.14658
0 -3.67428
1 -3.98789
0 -4.45225
1 -4.62976
1 -3.5226
0 -4.05589
0 -3.6818
0 -3.99803
0 -4.09718
3 -3.74549
0 -4.1785
0 -4.35891
3 -4.40613
0 -3.72178
6 -4.20983
0 -4.07368
0 -3.91903
0 -4.18603
0 -4.28174
0 -4.18154
5 -4.07381
2 -5.09357
0 -5.04685
22 -3.46841
0 -5.10787
0 -5.09892
0 -5.14463
1 -5.00681
0 -5.17858
0 -5.02838
0 -5.29587
1 -5.12366
1 -5.10643
0 -5.02623
2 -5.02307
0 -4.99876
0 -5.30992
0 -5.20189
0 -5.00879
0 -5.22493
0 -4.8995
0 -5.22345
1 -5.15117
1 -5.24033
45 -3.84254
0 -5.13428
0 -5.20822
0 -5.19793
3 -5.1113
1 -5.12709
44 -4.6219
35 -3.87685
0 -5.19121
0 -5.16746
5 -5.12768
0 -5.14512
5 -4.72853
1 -5.17084
1 -5.26284
0 -4.913
0 -4.84647
80 -3.83868
1 -5.00912
22 -4.34636
4 -4.58372
0 -5.19082
2 -5.27396
2 -5.18449
0 -5.00531
0 -5.16638
0 -5.09892
1 -5.1584
53 -4.90983
2 -4.71263
0 -5.17186
3 -5.01871
0 -4.8173
0 -5.33359
0 -5.10154
0 -5.17237
19 -4.46607
0 -5.10448
0 -5.09581
4 -4.5826
1 -4.5029
0 -4.32099
0 -4.24134
1 -4.40584
1 -4.46026
0 -4.4188
0 -4.32166
0 -4.47681
0 -4.51035
2 -4.48507
0 -4.40556
2 -4.5096
0 -4.47945
0 -4.6542
0 -4.55948
0 -4.57538
0 -4.40336
1 -4.51283
1 -3.75077
0 -4.48313
0 -3.62127
1 -4.46163
0 -4.26276
0 -4.43894
0 -4.37084
0 -4.65911
0 -4.52124
1 -4.55519
0 -4.7268
0 -4.34484
0 -4.57825
1 -4.4663
1 -4.59596
0 -4.62043
1 -4.42026
0 -4.58368
0 -4.07441
0 -4.66271
0 -4.36162
5 -4.39175
0 -4.75999
1 -4.48753
0 -4.39667
0 -4.36785
2 -4.56925
0 -4.14915
0 -4.40482
3 -4.62714
0 -4.03599
0 -4.54339
0 -4.2971
2 -4.40891
2 -4.45091
0 -4.45827
1 -4.39938
0 -3.90077
1 -4.18427
0 -4.43704
12 -4.37288
0 -4.3774
0 -4.08888
2 -4.49849
0 -4.63707
1 -4.53884
0 -4.514
3 -4.54987
0 -4.60054
0 -4.37622
0 -4.61919
0 -4.53451
0 -4.48234
1 -4.68935
1 -4.54083
0 -4.33488
0 -4.47313
0 -4.15966
1 -4.06857
0 -4.58527
2 -4.57477
0 -4.37662
0 -4.31873
0 -4.38312
2 -4.43743
0 -4.53363
0 -4.54562
0 -4.08975
0 -4.28482
0 -4.23407
4 -4.44942
0 -4.52998
6 -4.61778
0 -4.48443
0 -4.37903
0 -4.63976
0 -4.5868
0 -4.47663
1 -4.4771
0 -4.53644
0 -4.26138
0 -5.50079
0 -5.8125
0 -5.37821
0 -5.93573
0 -5.4966
0 -5.82419
0 -5.75438
0 -5.92953
0 -5.98589
0 -5.53894
0 -5.75572
0 -5.56411
0 -5.77173
0 -5.51972
0 -5.77963
0 -5.44569
0 -6.02055
0 -5.44041
0 -5.50722
0 -5.58401
0 -5.65351
0 -5.56781
0 -5.84609
0 -5.46777
0 -5.64329
0 -5.68868
0 -5.73498
0 -5.69836
0 -5.53111
0 -5.81926
0 -6.08944
0 -5.93984
0 -5.92916
0 -5.73104
0 -5.86047
0 -5.80263
0 -5.32205
0 -5.72564
0 -5.48292
0 -4.83101
0 -5.6355
0 -5.73457
0 -5.79219
0 -5.90225
0 -5.94517
0 -5.65034
0 -5.99745
1 -4.99457
1 -5.14747
0 -5.09833
0 -5.29214
0 -4.94275
4 -5.16706
0 -4.91286
2 -5.0022
6 -5.12649
1 -5.08318
0 -5.08135
1 -5.06345
2 -5.03315
2 -5.07788
0 -5.09594
0 -5.02097
2 -5.1053
5 -4.92158
1 -5.09671
0 -5.14133
3 -5.122
1 -5.23552
3 -5.07773
1 -5.11631
8 -4.90133
2 -5.18193
0 -4.82908
1 -5.24554
3 -5.10711
1 -4.99152
5 -4.98707
3 -5.13979
0 -5.07379
0 -4.94085
0 -5.09061
2 -5.04626
1 -5.03853
0 -4.98622
0 -5.14829
1 -4.89322
0 -4.98556
0 -5.09239
1 -5.33812
1 -4.85643
1 -5.07665
0 -5.06971
11 -5.23142
2 -5.10365
1 -5.09227
7 -5.09354
3 -5.06846
2 -5.18942
0 -4.87044
1 -5.13178
0 -5.01583
0 -4.90569
7 -4.99342
0 -4.94178
0 -5.00713
0 -4.99087
0 -5.02804
0 -5.16531
0 -5.08138
0 -4.90714
1 -5.00951
1 -4.87121
0 -5.14219
2 -5.03982
1 -5.10427
2 -5.06848
0 -4.96363
0 -5.15691
2 -4.95795
0 -5.12895
2 -5.16348
3 -4.98759
5 -4.95993
6 -5.18625
3 -5.08362
0 -5.09738
0 -5.09111
1 -4.8913
4 -5.09287
2 -4.94337
0 -5.10813
0 -5.10236
0 -5.20497
2 -5.11113
0 -4.74106
0 -4.79649
0 -4.65581
0 -4.01222
1 -4.52467
0 -3.98527
0 -4.63736
0 -4.63428
0 -4.43565
2 -4.75238
3 -4.61909
0 -4.98887
1 -4.51322
0 -4.38179
7 -4.81812
0 -4.68267
0 -4.09016
1 -4.59556
0 -4.52816
0 -5.28772
3 -4.86324
0 -4.48218
0 -4.99963
0 -4.67567
0 -4.63986
0 -4.82602
0 -4.6229
0 -4.48206
3 -4.67035
0 -4.69565
0 -4.36902
0 -4.03729
0 -3.7426
1 -4.77927
0 -4.71532
0 -4.36191
0 -4.34601
0 -4.53617
1 -4.15176
1 -4.8368
0 -4.69347
0 -4.35264
0 -4.52396
0 -4.59207
0 -4.76557
2 -4.68873
0 -4.45348
1 -4.81286
1 -4.44519
0 -3.97784
0 -4.84589
0 -4.59789
0 -4.45349
0 -5.07211
0 -4.62501
5 -5.00208
0 -4.7587
1 -5.06761
0 -4.71152
27 -4.53087
0 -3.92625
1 -4.93263
1 -5.02254
1 -5.10197
1 -4.79607
2 -4.70651
0 -4.084
2 -4.73474
0 -4.73117
1 -4.80042
0 -4.25504
0 -4.4832
35 -4.08848
2 -5.08984
1 -4.75835
0 -5.19327
1 -4.55771
0 -4.32995
1 -4.22014
15 -4.75582
2 -4.99232
2 -5.14767
0 -4.46035
0 -4.35274
1 -4.90133
0 -4.88999
0 -4.24629
7 -3.9604
1 -4.04558
2 -3.4191
0 -4.56501
4 -3.89954
0 -5.14476
0 -4.99662
3 -4.91536
0 -4.51349
0 -5.08173
0 -4.8877
0 -5.24025
0 -4.3158
1 -5.41755
0 -5.00149
0 -5.16999
0 -5.09883
0 -5.08826
0 -4.49117
1 -5.11384
0 -5.07626
0 -4.94492
0 -5.25873
0 -5.14282
1 -4.92511
0 -4.69047
0 -4.92867
1 -4.83628
1 -4.86699
0 -4.8772
4 -4.84936
0 -4.82515
0 -5.08886
0 -4.24781
0 -5.02131
1 -5.1004
0 -4.95368
0 -5.20876
4 -4.88594
0 -5.04283
0 -4.85824
1 -4.85159
6 -4.91467
0 -4.9439
0 -5.01131
0 -4.93413
2 -4.72456
0 -4.94917
0 -5.09133
5 -4.83696
1 -5.13881
0 -4.94793
0 -5.13685
1 -4.78017
0 -4.93747
1 -4.86497
0 -5.09176
0 -4.95336
0 -5.04702
0 -4.99472
0 -5.06289
1 -4.90618
0 -4.89105
1 -4.64841
0 -5.17893
0 -5.10527
1 -4.73898
0 -5.05787
0 -4.86112
0 -4.83378
0 -4.91662
1 -4.81353
0 -4.83454
0 -4.9313
0 -4.90461
1 -4.99389
1 -4.8051
0 -5.04635
1 -4.81654
1 -4.66545
2 -4.9345
3 -5.17215
0 -5.12509
0 -5.0493
0 -4.94659
7 -4.81336
6 -5.08464
0 -5.01169
2 -4.70739
0 -5.01051
0 -4.87639
2 -4.2345
2 -4.92747
0 -5.04467
0 -4.90718
0 -5.03782
0 -4.81871
0 -4.94277
0 -5.0561
0 -5.06911
0 -5.02239
1 -5.07138
0 -5.16978
2 -4.99987
0 -4.96873
3 -4.96621
1 -5.02226
1 -4.89086
0 -5.0364
2 -5.14942
0 -5.15047
6 -4.79705
0 -5.31031
1 -4.53373
3 -4.59001
0 -4.30126
4 -4.4934
0 -4.33793
1 -4.39984
3 -4.37589
10 -4.58678
0 -4.21344
12 -4.31194
2 -4.53486
0 -4.55156
1 -4.39178
1 -4.29045
1 -4.3357
3 -4.42619
0 -4.37405
4 -4.58518
3 -4.32618
1 -4.4706
5 -4.51633
2 -4.48221
19 -4.38092
2 -4.55892
0 -4.24675
9 -4.59931
1 -4.05005
4 -4.53795
1 -4.47723
6 -4.56977
1 -4.36239
5 -4.43304
0 -4.44815
0 -4.41015
0 -4.51662
2 -4.48875
6 -4.19886
0 -4.32857
0 -4.48923
10 -4.55352
0 -4.25544
4 -4.52465
6 -4.48901
0 -4.59281
0 -4.27248
9 -4.63729
0 -5.38713
0 -5.61825
0 -4.22499
0 -5.29783
0 -5.54958
0 -5.78032
0 -5.31974
0 -47.3331
0 -5.48261
0 -5.56477
0 -5.02236
0 -5.46982
0 -5.41966
0 -5.60585
0 -4.89384
0 -5.20147
0 -5.50369
0 -5.43601
0 -5.57527
0 -4.88615
0 -5.32711
0 -5.68242
0 -5.33913
0 -5.62966
0 -5.59586
0 -5.15597
0 -5.39117
0 -5.50924
0 -5.5541
0 -5.46419
0 -5.44086
0 -5.66131
0 -5.35898
0 -5.52411
0 -4.80553
0 -5.33454
0 -5.32287
0 -5.46205
0 -5.4921
0 -5.15647
0 -5.66863
0 -5.11866
0 -5.39385
0 -5.5447
0 -5.51131
0 -5.57673
0 -4.77814
0 -5.41456
1 -5.57514
0 -5.52628
0 -5.34365
0 -5.47574
0 -5.60673
0 -5.38267
0 -5.39796
0 -3.86595
0 -5.73978
0 -5.54089
0 -5.61716
0 -3.75959
0 -4.56103
0 -5.45571
1 -5.51814
0 -5.51707
0 -5.43293
0 -47.1565
0 -4.44914
0 -4.26439
1 -4.13736
0 -4.13691
0 -4.37492
1 -3.95388
0 -4.23827
0 -4.33688
1 -4.34851
0 -4.29021
1 -4.58251
0 -4.52927
0 -4.35394
0 -4.67447
0 -4.43754
1 -4.40162
0 -4.11984
0 -4.38078
9 -4.48295
0 -4.21388
0 -4.39349
1 -4.49271
1 -4.38454
0 -4.25874
0 -4.22617
2 -4.33799
1 -4.37844
0 -4.24467
0 -4.42394
1 -4.57644
1 -4.09508
0 -4.4197
8 -3.99947
0 -4.28141
0 -4.32782
0 -4.58256
0 -4.57486
0 -4.16104
2 -4.40259
0 -4.3908
0 -4.37958
0 -4.35482
1 -4.23229
0 -4.42298
0 -4.49549
0 -4.14565
4 -4.59132
1 -4.22778
0 -4.16587
9 -4.3047
0 -4.31114
3 -4.30239
0 -4.36321
2 -4.30974
2 -4.35671
3 -4.40213
0 -4.32945
1 -4.14689
0 -4.36226
1 -4.44861
1 -4.20878
2 -4.29173
0 -4.72315
0 -4.36137
0 -4.41674
2 -4.46652
1 -4.40433
0 -4.3033
0 -4.40018
1 -3.80378
2 -4.4386
0 -4.25517
0 -4.40366
1 -4.62322
10 -4.55055
0 -4.30816
0 -3.96261
0 -4.47892
56 -3.80549
0 -4.59986
0 -4.4896
0 -4.42346
5 -4.72737
7 -4.26758
0 -4.4847
0 -4.35518
0 -4.32365
0 -4.17038
0 -4.33108
4 -4.48601
0 -4.28851
4 -4.51835
0 -4.35618
1 -4.57866
1 -4.73112
3 -4.2149
0 -3.74887
13 -4.21723
1 -3.40373
1 -4.48525
0 -4.48649
3 -3.57414
2 -4.08983
0 -3.88912
0 -4.36414
3 -4.06091
0 -4.28041
6 -3.40028
5 -4.22994
36 -3.62818
0 -4.27503
0 -4.29702
0 -4.36408
11 -4.30487
8 -3.89064
2 -3.99076
0 -3.86178
0 -4.12819
1 -2.38378
2 -4.2903
0 -4.11901
1 -4.36043
1 -3.85475
0 -3.46158
3 -4.35557
66 -1.7766
2 -4.17899
0 -4.51804
0 -4.32665
0 -3.93916
5 -3.86977
3 -4.12728
0 -4.22147
0 -4.55363
0 -3.71914
0 -4.19088
0 -4.13711
50 -4.32555
0 -4.21853
4 -4.0403
6 -4.2355
0 -4.38076
0 -3.94246
1 -4.4398
2 -4.44518
0 -4.07166
0 -3.9512
0 -3.71304
0 -3.61832
2 -3.30448
2 -4.32077
96 -3.81616
0 -3.73792
1 -3.89755
0 -4.41926
35 -4.40345
1 -3.92163
0 -4.01284
0 -3.07416
0 -4.35077
2 -2.99629
0 -4.37537
3 -3.6565
0 -3.50664
6 -4.25046
18 -3.18039
1 -4.41639
0 -4.0116
2 -4.42241
1 -4.09134
1 -4.02639
1 -3.73201
0 -4.07272
14 -3.72501
0 -4.33698
1 -4.31974
5 -3.2837
1 -3.8143
12 -3.70438
1 -3.7972
4 -4.43472
1 -4.03355
0 -3.61589
0 -3.64061
0 -4.46568
2 -4.46845
11 -4.23539
0 -4.1242
6 -4.03947
0 -3.90033
0 -3.91033
0 -4.63476
0 -4.28555
0 -4.26
1 -4.23079
105 -3.46782
2 -4.29886
0 -4.9642
0 -4.06519
1 -4.09961
0 -4.35026
4 -4.24803
224 -2.35564
0 -4.22452
0 -3.95924
2 -4.60728
0 -4.25236
0 -4.23306
1 -3.77585
0 -3.07499
3 -4.27766
0 -4.51144
0 -4.22701
0 -4.45392
0 -3.89896
4 -4.19331
0 -3.86155
11 -3.86733
0 -3.15961
4 -3.14577
10 -4.34078
0 -4.11935
0 -3.46554
3 -4.33922
0 -4.37583
0 -2.68605
0 -4.26519
0 -4.4171
0 -4.45336
0 -4.29778
0 -3.32624
2 -3.18118
0 -3.98635
1 -4.44308
0 -3.90365
0 -4.29638
2 -3.19396
2 -3.61052
2 -4.18876
3 -4.26913
3 -3.9458
0 -4.30611
0 -4.33081
0 -3.61506
0 -4.58791
17 -4.12589
0 -3.79172
2 -4.05185
6 -4.06118
0 -3.83775
1 -4.11659
0 -4.11541
1 -3.62681
0 -4.20395
0 -3.66724
2 -2.66096
1 -3.85477
0 -3.93124
9 -3.92729
0 -4.11679
0 -4.24283
0 -3.88708
0 -4.48488
12 -4.1283
1 -4.13346
0 -4.28638
0 -4.13601
3 -4.20841
1 -4.18385
0 -4.12142
1 -3.91973
25 -3.29397
2 -4.33535
0 -4.46006
7 -4.21195
1 -4.3728
3 -4.27888
2 -4.52549
0 -3.91836
4 -3.45388
2 -4.22875
2 -4.16988
0 -3.24285
0 -4.12082
4 -4.64781
0 -3.78787
0 -3.99652
0 -4.38337
0 -3.28179
0 -3.52812
0 -4.56931
0 -4.14461
5 -4.39734
0 -4.0371
1 -4.2474
0 -4.29587
0 -4.18691
0 -4.12802
6 -3.31844
0 -4.16006
0 -3.82436
0 -4.04498
0 -4.32841
0 -4.24928
0 -4.34012
24 -4.24104
0 -4.43813
12 -1.89257
0 -4.27879
0 -4.02405
0 -4.20338
0 -3.88368
0 -4.3553
66 -4.13434
18 -4.25221
0 -3.41414
1 -3.81597
0 -4.36497
1 -4.01242
2 -4.1179
38 -3.9932
1 -4.19339
1 -4.40197
3 -4.24246
0 -3.64864
0 -3.41743
3 -3.12459
0 -4.22183
2 -3.63939
5 -4.27855
1 -3.93775
1 -3.84354
0 -4.13814
8 -2.86949
2 -3.82495
0 -4.21723
1 -4.37976
2 -4.24592
8 -2.30198
13 -4.35823
1 -3.81666
0 -3.78942
4 -4.51169
1 -4.20767
0 -3.91278
0 -4.39279
0 -2.44587
2 -2.76206
0 -4.65345
0 -5.01631
0 -4.77054
0 -4.6193
0 -4.89077
3 -4.92832
0 -4.81866
0 -4.5803
0 -4.61701
0 -4.61196
0 -4.73503
0 -4.85362
0 -4.57249
0 -4.71944
0 -4.86605
0 -4.58378
0 -5.08455
12 -4.56669
0 -3.9889
1 -4.80924
0 -4.57467
0 -5.22237
0 -4.89611
0 -4.943
0 -4.78987
0 -4.94543
0 -4.57977
0 -4.60667
1 -4.77357
0 -5.45931
0 -5.0089
0 -5.50952
1 -5.56813
0 -5.48087
0 -4.47697
0 -5.47933
0 -5.4364
0 -5.47935
0 -5.40512
0 -5.24537
0 -5.70324
0 -5.29011
0 -5.37669
0 -4.35536
0 -4.79729
5 -4.62156
1 -4.76486
0 -4.26642
0 -4.32508
0 -4.38182
0 -4.12346
0 -4.21079
0 -4.56165
0 -4.55495
0 -4.37286
1 -4.25048
0 -4.48957
1 -4.51798
0 -4.40756
2 -4.07447
0 -4.07064
0 -4.26824
0 -4.16907
0 -4.39913
3 -4.54519
0 -4.18178
0 -4.64585
0 -4.45872
0 -4.29298
0 -4.57894
1 -3.15355
1 -4.32712
2 -4.20966
0 -4.52759
0 -4.64469
0 -4.15133
0 -4.32126
0 -4.05068
0 -3.99676
2 -4.45908
0 -4.4629
0 -4.41158
0 -4.22254
0 -4.34058
0 -4.42338
0 -4.15486
0 -4.64265
1 -4.38341
0 -4.39255
0 -4.059
0 -4.26719
0 -3.94851
0 -4.79333
2 -4.97192
0 -5.08275
0 -5.15548
0 -5.04945
0 -4.25055
0 -4.97975
0 -4.87055
1 -5.15716
0 -5.09701
0 -4.93882
1 -4.91658
0 -4.97442
0 -4.91481
2 -4.79729
0 -4.89279
0 -4.17959
1 -5.07571
1 -4.93973
3 -4.70483
0 -4.85218
0 -4.88034
10 -5.24404
0 -5.24819
0 -4.82032
1 -5.12577
0 -4.99637
0 -4.36021
0 -4.80671
1 -5.10905
0 -4.8571
13 -4.89759
2 -5.18812
0 -4.81416
0 -5.16799
3 -4.85313
2 -5.3397
0 -4.15937
0 -4.89216
1 -5.08485
0 -5.13391
0 -4.62353
0 -4.95125
0 -4.98811
1 -4.93053
1 -5.21478
2 -5.02446
0 -4.87635
0 -4.10764
0 -5.0501
1 -4.929
2 -5.03185
1 -4.73125
1 -5.09966
0 -4.90943
1 -4.97765
0 -4.70317
3 -5.15648
0 -5.08982
0 -4.18647
0 -4.93757
0 -4.87251
0 -5.13444
0 -4.87991
0 -4.87499
1 -4.93948
0 -4.89781
1 -4.93555
0 -4.3336
0 -4.62885
0 -4.81201
1 -5.02511
1 -5.18152
0 -5.09526
0 -4.51241
1 -4.9395
1 -5.21819
1 -4.86555
0 -4.95389
0 -4.53485
4 -5.11881
0 -5.07964
1 -5.03521
0 -4.69473
1 -4.95152
0 -5.00242
1 -5.16606
0 -4.75112
0 -4.67383
1 -4.34523
1 -5.33509
0 -4.83454
0 -4.95414
4 -5.18055
1 -5.25265
0 -4.87931
0 -5.02957
1 -4.82254
0 -5.22608
0 -4.32244
1 -4.90098
1 -4.53955
0 -4.97495
1 -4.85991
0 -5.10646
1 -4.64188
1 -3.85159
1 -4.45745
0 -4.20464
0 -4.46274
0 -4.36145
1 -4.21067
0 -4.63805
2 -4.55986
0 -4.36892
0 -4.41465
1 -4.59966
0 -4.43012
0 -3.9932
1 -4.23569
0 -4.74193
7 -5.02402
3 -4.82629
0 -5.08409
0 -4.91476
0 -5.06964
1 -4.97847
1 -4.82944
3 -4.86845
1 -4.68597
1 -4.81977
1 -4.93344
3 -4.71538
2 -4.90694
1 -4.81424
0 -4.96626
3 -4.97094
4 -4.90857
0 -4.65177
0 -5.07356
0 -5.28171
0 -4.68601
0 -4.92902
6 -4.98966
0 -4.94653
1 -4.81827
0 -5.0438
0 -5.02432
0 -4.72622
0 -4.91973
1 -4.59225
0 -5.62021
0 -4.60037
6 -4.56799
0 -5.26236
0 -4.89285
0 -5.14362
0 -4.79493
0 -5.32235
0 -4.74711
0 -4.89701
1 -4.74217
0 -5.10716
6 -4.99479
0 -5.58758
0 -4.63523
0 -4.52332
3 -4.73144
1 -5.40263
0 -5.25254
0 -5.15784
0 -4.87016
0 -5.12151
0 -4.65305
0 -5.14899
1 -4.70098
0 -4.66233
0 -4.91921
1 -4.47452
0 -4.77047
0 -4.95428
1 -4.77485
0 -4.69934
0 -4.59983
0 -4.79899
0 -4.63115
0 -4.77055
0 -4.98843
0 -4.76742
0 -5.01499
0 -5.01213
0 -4.84808
0 -4.98736
1 -4.77995
0 -5.02293
0 -4.72651
0 -4.77292
0 -4.50361
1 -4.40868
0 -4.40338
1 -4.81176
0 -4.89197
0 -4.69606
0 -4.56888
0 -4.96352
0 -4.45744
0 -4.84928
0 -4.66567
0 -4.89238
0 -4.63476
0 -4.89538
0 -4.77926
0 -4.85581
0 -4.70252
0 -4.59296
0 -4.81825
0 -4.60124
0 -4.62589
0 -4.76417
0 -4.75528
0 -4.5035
0 -4.7302
0 -4.64629
0 -4.88708
0 -4.72325
0 -4.73244
0 -4.7014
0 -4.93649
0 -4.63511
0 -4.94048
0 -4.42259
0 -5.63916
0 -5.98513
0 -5.81517
0 -6.04245
0 -5.80767
0 -5.64135
0 -5.89014
0 -5.74166
1 -5.78907
0 -5.78783
0 -5.67046
0 -5.61504
0 -5.51939
2 -5.65737
0 -6.05065
0 -6.00857
0 -5.7461
0 -5.82088
0 -6.1239
1 -5.60671
0 -5.92716
0 -5.55363
0 -5.54865
0 -5.62677
0 -5.50343
0 -6.15073
0 -5.73637
0 -5.60507
0 -5.71641
0 -5.5425
0 -5.89224
0 -5.64518
0 -5.43762
0 -5.9639
1 -5.94956
0 -5.89102
0 -5.79453
0 -6.17684
0 -5.63636
0 -5.46534
3 -5.36626
0 -5.7183
0 -6.05454
0 -6.06906
0 -5.79207
0 -5.83193
0 -5.68869
0 -5.72701
0 -5.8066
0 -5.81307
0 -5.91498
0 -5.52617
0 -5.57482
0 -5.61054
0 -5.84306
0 -5.82517
0 -5.63423
0 -5.8279
0 -5.87143
0 -5.72419
0 -5.84323
0 -5.66071
0 -5.544
0 -6.00932
0 -5.46174
0 -5.91717
1 -5.76332
1 -5.72919
0 -5.85099
0 -5.57509
1 -5.73744
1 -5.84068
0 -5.00404
0 -4.7426
0 -5.30574
3 -5.07967
0 -5.11388
0 -5.2915
0 -4.84118
0 -5.02807
0 -4.8241
0 -5.22626
0 -4.98676
0 -5.29097
0 -5.02285
0 -5.0881
0 -4.95287
0 -5.0452
0 -5.27073
0 -5.33994
0 -5.23062
0 -5.13733
0 -5.27763
0 -4.91634
0 -5.25718
16 -4.33378
0 -4.63107
2 -4.9425
0 -4.97492
1 -5.09186
0 -4.80051
6 -4.66293
2 -4.43195
2 -4.83644
7 -4.14741
2 -4.79688
1 -4.80683
14 -3.72339
0 -4.59678
13 -4.24875
16 -4.5185
0 -4.787
1 -4.99008
121 -4.09578
5 -4.39825
6 -5.05472
0 -4.84023
0 -4.69752
6 -4.31381
1 -4.98145
0 -4.85067
7 -4.70038
0 -4.87899
0 -4.88971
46 -4.48236
5 -4.90783
0 -4.77868
18 -4.33626
15 -4.89519
6 -4.62878
10 -4.07694
30 -4.68061
6 -4.52836
2 -5.18538
5 -4.45649
9 -4.82293
29 -4.17276
4 -4.69584
2 -4.80427
0 -4.78849
0 -4.98658
5 -4.85578
4 -4.94079
8 -4.59849
1 -4.92298
1 -4.84783
0 -4.90242
15 -4.03449
1 -4.79597
11 -4.90082
1 -4.89762
3 -4.88167
4 -4.48165
0 -4.63255
6 -4.69384
0 -4.68994
0 -4.53807
0 -4.42968
0 -4.74023
0 -4.83602
0 -4.75019
0 -4.75842
0 -4.05139
0 -3.98793
0 -4.39048
0 -4.80249
0 -4.65603
1 -4.27721
0 -4.60945
9 -4.86573
0 -4.63545
0 -4.85406
3 -4.79084
0 -4.79672
1 -4.60606
0 -4.69555
3 -4.93457
0 -4.77863
0 -4.70994
0 -4.29251
0 -4.68836
3 -4.74374
0 -4.78107
0 -4.65801
0 -4.51248
0 -4.64107
0 -4.82323
0 -4.23149
0 -4.70264
0 -4.77111
1 -4.72662
0 -4.80626
0 -4.94533
0 -4.6005
0 -4.59117
0 -4.58427
0 -4.33406
0 -4.69447
0 -4.90547
0 -4.64892
0 -4.7364
0 -3.05983
0 -4.35779
0 -4.78111
0 -4.45673
0 -4.98802
0 -4.14083
0 -4.42537
0 -4.63256
0 -4.64888
1 -4.85365
0 -4.91431
0 -4.6981
2 -4.67995
0 -4.63765
18 -4.90134
11 -4.9218
3 -5.10041
1 -5.17625
14 -4.91742
11 -5.17419
1 -5.12082
1 -5.19223
