5 -4.64897
1 -4.55721
1 -4.51272
1 -4.30799
0 -4.03315
0 -4.22537
0 -4.16731
0 -4.13372
0 -4.18861
2 -4.2914
0 -4.33492
1 -4.19827
0 -4.25591
0 -4.07267
0 -4.06643
0 -4.26519
0 -4.16338
0 -4.20914
0 -4.30673
0 -4.08553
0 -4.40901
0 -4.24545
0 -4.20676
1 -4.19994
1 -4.14287
1 -4.04841
1 -4.11567
7 -4.43034
0 -4.21077
5 -4.18688
0 -4.2216
0 -4.09307
1 -4.15469
0 -3.89353
0 -4.09934
0 -4.18325
0 -4.13704
0 -4.19783
9 -4.28232
0 -4.18687
0 -4.2526
0 -4.2199
1 -4.28368
1 -4.24235
0 -4.07292
0 -4.15529
2 -4.25934
1 -4.18726
0 -4.25235
0 -4.03351
2 -4.10685
0 -4.26596
6 -4.20791
3 -4.28412
1 -4.15212
1 -3.98439
0 -4.19063
0 -4.20022
0 -4.27763
0 -3.98536
0 -4.21936
3 -4.43032
0 -3.87961
3 -4.27082
0 -4.29219
1 -4.29072
0 -4.1765
0 -4.13534
0 -3.96029
0 -4.07151
1 -4.19326
0 -4.29491
0 -4.28143
1 -4.29056
7 -3.96242
13 -3.34042
0 -4.13648
0 -3.85477
0 -4.07183
0 -4.26295
10 -3.55453
0 -4.21464
0 -3.2703
0 -4.09089
8 -4.09658
0 -4.24164
2 -4.15557
0 -4.18268
0 -3.99562
0 -4.13341
0 -3.61344
0 -4.17857
0 -3.97461
0 -3.23231
0 -3.38511
1 -4.06792
0 -3.66363
6 -3.66046
1 -4.18359
1 -3.95843
0 -4.09124
0 -4.08692
0 -3.97911
1 -3.97829
1 -3.49251
1 -4.25379
0 -4.00947
0 -4.0604
0 -4.02388
5 -3.76451
0 -4.06177
1 -3.75597
16 -2.87641
0 -3.63671
1 -4.34256
1 -4.48381
0 -3.61028
12 -3.57993
1 -3.46108
8 -3.59827
4 -3.91086
5 -3.67339
8 -3.70978
0 -3.97176
3 -4.28492
0 -3.84003
0 -4.35453
6 -3.98215
2 -3.9082
0 -4.01118
0 -4.0441
0 -4.18843
0 -4.16123
1 -4.03833
1 -4.1908
0 -4.35564
0 -4.48167
0 -4.01924
0 -3.84341
0 -4.04214
0 -4.35769
1 -4.22459
0 -4.12601
8 -4.09249
2 -4.22938
2 -4.10473
0 -4.1694
5 -4.06367
0 -4.08458
1 -4.32259
0 -4.02212
0 -4.39222
1 -4.12772
1 -4.05367
0 -4.23777
0 -4.10468
0 -4.49576
0 -3.93255
1 -4.23151
2 -4.22878
0 -4.22592
3 -4.24332
0 -3.58789
1 -4.23408
2 -4.26337
1 -4.02362
0 -3.9484
3 -3.92824
1 -4.15442
4 -4.1191
1 -4.0031
0 -3.8523
1 -4.42291
0 -4.09695
0 -4.32432
0 -4.20897
0 -3.64331
0 -4.14672
1 -4.09482
0 -4.01017
5 -3.9044
0 -3.78122
0 -3.87379
2 -3.79569
0 -4.19937
0 -4.00618
0 -3.73169
1 -4.25907
1 -4.17209
2 -4.02134
0 -4.09011
0 -4.15211
0 -4.32315
4 -4.20066
2 -4.22404
3 -4.12533
1 -3.9269
2 -4.0708
0 -4.2323
0 -4.40191
6 -4.11614
0 -3.95455
0 -4.02285
11 -3.9218
0 -4.05875
4 -3.95864
1 -4.00015
2 -4.13742
0 -4.29439
0 -4.24419
0 -4.27561
1 -4.25162
1 -4.18265
0 -4.09658
2 -4.09169
0 -4.07606
0 -3.99025
3 -4.1776
0 -4.00928
0 -3.98614
1 -4.23516
1 -4.20406
0 -4.08988
1 -4.11969
0 -4.22792
0 -4.40645
0 -4.23185
0 -4.1572
3 -4.1744
1 -4.06325
0 -4.16913
0 -4.3826
0 -3.98713
0 -4.19377
0 -3.6852
1 -4.09977
0 -4.18638
1 -3.96985
0 -4.24096
2 -4.08469
0 -4.17601
1 -3.96485
2 -3.87095
2 -4.12469
0 -4.25871
0 -4.30487
0 -4.27593
0 -4.01715
1 -4.17325
0 -4.09048
0 -4.2135
4 -4.01545
0 -3.96133
1 -4.12062
0 -3.9836
0 -3.98258
0 -3.98514
1 -4.23982
3 -4.12117
0 -4.2555
0 -4.05703
0 -4.03121
0 -4.11636
0 -4.03117
0 -3.72769
0 -3.98335
0 -3.75393
0 -3.9827
1 -4.00628
0 -3.94459
1 -4.17603
0 -3.98567
0 -4.05841
0 -4.0268
1 -4.17415
0 -4.11314
0 -4.06652
0 -4.26784
0 -3.97487
0 -4.00315
0 -4.17569
0 -4.0815
0 -4.1724
2 -4.12972
5 -4.09854
0 -4.05939
0 -4.15121
0 -4.29204
0 -4.08379
0 -4.22482
0 -4.10527
0 -3.94697
0 -4.03579
0 -4.1954
2 -4.0472
0 -4.01047
1 -5.09312
0 -4.76474
0 -5.35476
0 -4.87301
0 -5.05432
1 -4.98014
0 -5.31419
0 -4.85175
0 -4.99211
0 -4.95219
0 -4.77817
0 -5.16393
0 -4.90794
0 -4.82212
1 -4.88584
0 -4.42691
0 -4.95357
0 -4.95536
0 -5.01471
0 -4.814
0 -4.96442
0 -4.8765
0 -4.98937
0 -4.97771
0 -5.33335
0 -5.14215
0 -5.04668
0 -5.13695
0 -5.03795
0 -4.95757
0 -5.21023
0 -5.04032
0 -5.15617
0 -5.05633
0 -4.9175
0 -4.74247
0 -4.72072
0 -4.92597
0 -4.80582
0 -4.79262
0 -5.1566
0 -4.98121
1 -4.53236
0 -5.26141
0 -4.3095
0 -4.8461
0 -5.2356
0 -5.18655
0 -5.24784
0 -4.99257
0 -5.35552
0 -5.01107
2 -4.94323
0 -5.01629
0 -5.01742
0 -4.81512
0 -4.89186
0 -4.9263
45 -4.69588
0 -4.85263
0 -4.89226
1 -5.19021
0 -5.14203
0 -5.00567
23 -5.02515
0 -4.98168
0 -4.81913
3 -4.86457
1 -4.81438
0 -5.30186
0 -4.73885
0 -5.22249
0 -4.63627
0 -5.08149
3 -5.31664
0 -4.8132
0 -5.20628
0 -4.5268
0 -5.2544
0 -5.34069
0 -5.18691
0 -4.5845
0 -4.8759
1 -4.83161
0 -5.00695
0 -5.39313
1 -4.68722
6 -5.02578
1 -5.12501
1 -5.25953
0 -5.2173
6 -5.30292
0 -5.2171
0 -4.76705
0 -5.305
0 -5.22057
0 -5.17357
0 -5.2465
2 -5.36941
2 -5.18721
3 -5.07731
1 -4.94409
2 -4.91014
2 -4.82447
0 -5.24768
0 -5.15004
0 -4.53942
0 -5.12898
0 -5.27254
0 -5.02043
0 -4.86338
0 -5.12722
0 -5.03307
2 -5.2699
3 -5.24086
0 -4.72757
0 -5.12583
0 -5.06633
0 -4.50237
0 -4.86263
0 -5.24003
0 -4.8064
0 -4.81168
0 -5.27266
0 -4.80672
0 -4.75862
4 -5.15461
0 -5.26677
0 -5.07276
0 -5.0277
0 -5.25742
1 -5.41215
1 -5.27767
2 -4.60715
0 -5.01797
0 -4.88468
0 -5.13255
0 -4.87096
2 -4.79888
0 -4.81593
1 -5.29298
12 -5.12693
0 -4.78174
0 -5.26116
0 -5.30645
0 -4.94231
1 -5.07571
0 -4.79003
1 -5.08247
0 -5.00405
1 -5.08326
0 -4.77895
0 -5.00157
0 -4.9042
0 -4.70443
0 -4.90686
0 -4.8683
0 -4.58792
0 -4.64917
0 -4.85174
3 -4.77122
0 -5.10751
1 -4.95123
0 -4.7756
1 -5.04541
0 -5.04206
1 -4.70657
1 -5.01436
0 -4.86625
0 -5.11043
0 -4.77843
1 -5.07055
0 -4.77343
0 -5.10974
0 -5.10777
1 -4.65935
0 -5.06289
0 -5.03106
2 -5.04176
0 -5.09598
0 -4.83198
0 -5.05005
0 -4.9372
0 -4.78517
0 -4.79738
0 -4.94801
0 -4.72415
2 -5.08946
0 -4.98787
15 -4.84963
2 -5.10408
0 -4.8038
0 -4.98621
4 -4.81589
0 -5.05797
0 -4.92168
0 -5.05471
0 -4.80678
0 -5.01313
0 -4.93413
0 -4.92566
0 -4.96964
0 -4.69956
1 -4.6815
1 -4.81356
0 -4.89814
0 -4.68432
0 -4.67459
0 -5.10676
0 -4.68604
0 -5.05359
0 -4.97324
0 -4.90457
0 -4.7561
0 -4.8777
0 -5.15854
0 -4.70376
0 -4.85879
0 -4.57919
0 -5.12459
0 -5.05655
0 -4.83775
0 -4.6257
1 -4.94366
0 -5.02135
0 -4.83823
1 -4.77775
0 -5.09986
0 -4.85004
0 -5.08843
0 -5.04624
0 -4.7407
0 -4.71507
0 -4.95843
0 -5.08012
0 -5.00096
0 -5.12883
0 -5.16244
0 -5.1405
0 -5.38993
2 -5.07139
0 -5.25465
0 -5.47607
1 -5.47427
0 -5.42448
0 -5.52664
0 -5.46369
0 -5.09799
0 -5.35008
0 -5.28089
0 -5.33533
0 -5.22306
0 -5.43378
0 -5.45054
0 -5.36925
0 -5.41195
0 -5.1789
0 -5.39515
0 -5.45618
0 -5.42834
0 -5.07651
0 -5.35355
0 -5.2126
1 -5.06044
0 -5.4971
0 -5.25119
0 -5.44412
0 -5.481
0 -5.38726
0 -5.37546
0 -5.35708
0 -5.30074
0 -5.11962
0 -5.32807
0 -5.41315
0 -5.25842
0 -5.3319
0 -5.37067
0 -5.29262
0 -5.31537
0 -5.23731
0 -5.71898
0 -5.34917
0 -5.30728
0 -5.39754
0 -5.44312
0 -5.31325
0 -5.17711
0 -5.29707
0 -5.47055
0 -5.20468
0 -5.35225
0 -5.2674
2 -5.55813
0 -5.07716
0 -5.24011
0 -5.41308
1 -5.31086
0 -5.27108
0 -5.25884
0 -5.2363
0 -5.19299
0 -5.39462
0 -5.35406
0 -5.26246
0 -5.17379
1 -5.20426
0 -5.36565
0 -5.41142
0 -5.18176
0 -5.34259
0 -5.42865
0 -5.2999
2 -5.27739
0 -5.25987
0 -5.36909
0 -5.02811
0 -5.25733
0 -5.36867
0 -5.31657
0 -5.39144
0 -5.22236
0 -5.36827
0 -5.05251
0 -5.13884
0 -5.14211
0 -5.26642
0 -5.35656
0 -5.31187
0 -5.21328
1 -5.34671
0 -5.33506
0 -5.49072
1 -5.19647
0 -5.3791
0 -5.32013
0 -4.61296
0 -4.75261
0 -4.94523
0 -4.78944
0 -4.80197
0 -4.61035
0 -5.00379
0 -4.86044
0 -4.80201
0 -4.66301
0 -4.65103
0 -5.02021
0 -4.7409
0 -4.97658
0 -4.98823
0 -4.85048
0 -4.80235
0 -4.67463
0 -4.58991
0 -5.13754
0 -4.9627
0 -4.92472
0 -4.93068
0 -4.58
0 -4.64581
0 -5.0586
0 -4.953
0 -4.45627
1 -4.34267
0 -4.90723
0 -5.0765
0 -5.03393
0 -5.01947
0 -4.53186
0 -4.71819
0 -4.82987
0 -4.75338
0 -4.62288
0 -4.72275
0 -4.85048
0 -4.6407
0 -4.85155
0 -5.00905
0 -4.95115
0 -5.02901
6 -4.92637
0 -4.57856
0 -4.84696
0 -4.72992
0 -4.68076
0 -5.10898
0 -4.96425
0 -4.78999
0 -4.70164
0 -5.06058
0 -4.65718
0 -4.96243
0 -4.85456
0 -5.0525
0 -4.80435
0 -4.88563
0 -5.08009
0 -4.6673
0 -4.86603
0 -4.52789
0 -5.03534
0 -4.60465
0 -4.96869
0 -5.12454
0 -4.87018
0 -4.99092
0 -4.94726
0 -4.8038
0 -5.09784
0 -5.04776
0 -4.85614
0 -5.09499
0 -4.82847
0 -4.96006
0 -4.83357
0 -4.95703
0 -5.00515
0 -4.86828
0 -4.94979
0 -4.96685
0 -5.05178
0 -4.71968
1 -4.24265
1 -4.9674
0 -4.94637
0 -5.04728
0 -4.67835
0 -4.50726
0 -4.63689
0 -4.75391
0 -5.1433
0 -4.94017
0 -4.98316
0 -4.83896
0 -4.96486
0 -4.75504
0 -4.51854
0 -4.55438
1 -4.58693
0 -4.15661
0 -4.33964
0 -4.48778
0 -4.25857
0 -4.24209
0 -4.19482
0 -4.00983
0 -4.61621
0 -4.23441
3 -4.29259
0 -4.35088
0 -4.44758
0 -3.90603
1 -4.31683
1 -4.48661
0 -4.33824
0 -4.03517
0 -4.29177
0 -4.65007
0 -4.0912
0 -4.49699
0 -4.06569
0 -4.05771
1 -4.2852
0 -4.4104
0 -3.9277
0 -4.02545
0 -3.59824
0 -4.12287
2 -4.43624
0 -4.32063
0 -4.16601
0 -4.22646
4 -4.34355
0 -4.20962
0 -4.30218
0 -4.53437
0 -4.18003
0 -4.35401
1 -4.39021
0 -4.33792
0 -4.26224
1 -4.44902
0 -4.18329
2 -4.28809
0 -4.35821
0 -4.52537
0 -4.05861
0 -4.36138
0 -4.29743
0 -4.4397
0 -4.39498
0 -4.33586
0 -4.23383
1 -4.14018
3 -4.33336
1 -4.39105
0 -4.31564
1 -4.62524
0 -4.10454
0 -4.09398
0 -4.42099
0 -4.20016
0 -4.27441
0 -3.95721
0 -4.10836
0 -4.27223
0 -4.10126
0 -4.13937
0 -4.18409
0 -4.52167
0 -3.68723
0 -4.21888
0 -3.98691
0 -4.2727
0 -4.35023
0 -3.86578
0 -4.39011
0 -4.32005
0 -4.15766
0 -4.47324
0 -4.53403
0 -3.8006
0 -4.35854
0 -4.16819
0 -4.05469
0 -4.2771
0 -4.06343
0 -4.36481
0 -4.42099
0 -4.07528
0 -4.30098
0 -4.5619
0 -4.35797
0 -4.02697
0 -4.48733
0 -4.21593
0 -4.24625
0 -4.05784
1 -4.21109
1 -4.31767
0 -4.12452
0 -4.58079
0 -4.11416
0 -4.4392
1 -4.41987
1 -4.39669
0 -4.48023
0 -4.22929
0 -4.16675
0 -4.29163
1 -4.39056
0 -4.46266
0 -4.46782
0 -4.26972
0 -4.09874
0 -4.20332
0 -4.09887
0 -3.84803
0 -4.48224
0 -3.87245
0 -3.86868
0 -4.28897
0 -4.03662
0 -3.96176
0 -3.9581
0 -4.12534
1 -4.40384
0 -4.27212
1 -4.10996
0 -4.20008
0 -3.84503
0 -4.43379
0 -4.13569
0 -4.18447
0 -4.22454
2 -4.20022
0 -3.91615
0 -4.06358
0 -3.86385
0 -4.44719
0 -4.13548
0 -4.01107
0 -4.04173
0 -4.21486
3 -3.95947
0 -3.88715
0 -4.27358
0 -3.96305
2 -4.15739
1 -4.1865
1 -4.32083
0 -4.64507
0 -4.12071
1 -4.17174
2 -3.79449
0 -4.20403
0 -4.12903
0 -4.06799
1 -4.06431
0 -4.07051
0 -4.16827
1 -4.13928
0 -4.13287
0 -4.07955
0 -4.14797
0 -4.09292
1 -4.07497
2 -3.93128
1 -4.00647
1 -4.08086
1 -4.4121
0 -4.14621
0 -3.91738
0 -4.09979
0 -4.16869
0 -4.05709
0 -4.56948
0 -3.91335
0 -4.25886
0 -4.15084
0 -4.0805
0 -3.96326
0 -4.07363
1 -4.82306
11 -4.72616
31 -4.64209
2 -4.73039
3 -4.58624
8 -4.77377
2 -4.71056
4 -4.73378
1 -4.44405
2 -4.81335
0 -4.59982
10 -4.70484
6 -4.60669
0 -4.50381
17 -4.38265
23 -4.5108
2 -4.65945
1 -4.6725
0 -4.50566
3 -4.44754
1 -4.81696
2 -4.67206
1 -4.79242
10 -4.36745
0 -4.9005
0 -4.86856
1 -4.85776
0 -4.94308
2 -4.92584
1 -5.06194
1 -4.59663
0 -4.85364
2 -4.94208
5 -4.88821
3 -4.99749
1 -4.38828
1 -4.82374
0 -5.60808
0 -5.92905
1 -5.2442
1 -5.68245
0 -5.50568
0 -5.51042
0 -5.79012
0 -5.12092
0 -5.46289
0 -5.44369
1 -5.10342
0 -4.95554
3 -5.0851
0 -5.10118
0 -5.59739
0 -5.86356
0 -5.95553
0 -5.36411
0 -5.26581
0 -5.47306
0 -5.95633
0 -5.84958
2 -5.1552
0 -5.78381
6 -5.26958
0 -5.42592
0 -5.68964
0 -5.45691
0 -5.23229
0 -4.99349
0 -5.80811
0 -5.45038
3 -5.10278
1 -5.21674
1 -5.695
0 -5.80649
0 -5.34152
4 -5.10461
1 -5.05409
1 -5.46636
1 -5.24079
0 -5.87236
0 -5.39615
1 -5.29302
0 -5.51791
1 -5.11794
2 -5.28997
0 -5.98577
0 -6.05947
15 -5.28888
0 -5.59595
0 -5.92822
0 -5.54207
0 -5.35206
0 -5.90095
0 -5.37152
0 -5.4005
4 -5.21555
2 -5.32279
0 -5.64338
1 -5.51542
0 -5.40317
15 -5.15938
0 -5.33699
0 -5.53256
0 -5.81541
1 -5.36277
0 -5.51234
0 -5.6229
1 -5.28751
0 -5.75089
0 -5.4717
1 -5.23485
5 -5.39861
0 -4.95679
0 -5.55061
0 -5.94082
1 -5.2378
0 -5.37735
0 -5.15459
2 -5.03288
30 -4.95779
0 -5.50698
0 -5.5252
0 -5.59353
0 -5.60105
0 -5.62543
0 -5.4533
0 -5.45833
0 -5.4672
0 -5.48291
0 -5.83788
0 -5.4834
0 -5.53262
0 -5.49837
0 -5.6557
0 -5.69669
0 -5.5656
0 -5.65492
0 -5.22973
0 -5.51443
0 -5.44212
0 -5.37309
0 -5.48582
0 -5.28812
0 -5.39019
0 -5.28615
0 -5.48489
0 -5.54193
0 -5.32619
0 -5.49143
0 -5.48586
0 -5.53006
1 -5.76787
0 -5.27697
0 -5.54761
0 -5.3236
0 -5.93922
0 -5.93908
0 -5.48433
0 -5.60404
0 -5.86923
0 -5.40731
0 -5.25836
0 -5.3195
0 -5.44122
0 -5.84805
0 -5.85723
0 -5.3066
0 -5.36986
0 -5.38898
0 -5.47228
0 -5.32568
0 -5.23822
0 -5.51748
0 -5.07616
0 -5.74397
0 -5.45978
0 -5.57743
1 -5.94121
0 -5.67287
0 -5.33911
0 -5.86137
0 -5.42439
2 -5.15065
0 -5.80784
0 -5.41932
0 -5.34884
0 -5.35094
0 -5.3523
0 -6.00371
0 -5.80426
0 -5.40774
3 -5.52403
0 -5.33953
0 -5.46885
0 -5.33504
0 -5.57153
0 -5.4795
0 -5.46615
0 -5.45717
0 -5.54254
0 -5.52483
0 -5.33321
0 -5.51143
0 -5.17954
0 -5.34819
0 -5.44795
0 -5.50426
0 -5.42072
1 -4.26419
0 -4.12119
1 -3.86008
0 -3.71063
0 -4.13162
0 -3.97816
0 -4.25592
0 -4.01518
0 -4.05362
0 -4.04104
0 -4.22566
0 -4.01202
0 -4.06446
1 -3.86672
0 -3.97249
1 -3.85616
4 -4.33327
3 -3.95771
0 -3.9035
0 -4.09364
0 -4.00257
1 -4.17242
0 -4.10822
1 -4.09884
16 -3.59951
1 -3.56619
0 -3.74222
0 -3.78633
0 -4.18445
2 -4.17127
0 -3.95002
0 -3.7077
0 -3.67174
1 -3.95668
0 -4.28061
0 -4.34348
1 -3.95196
0 -4.07773
0 -3.89866
1 -4.01023
0 -4.20842
0 -3.87598
0 -4.10761
0 -4.13811
9 -3.96022
0 -3.81898
0 -4.19498
1 -4.09772
0 -4.10655
0 -3.96994
1 -4.09453
1 -3.90317
1 -4.08813
0 -4.09774
1 -4.09934
1 -3.95639
0 -3.91657
0 -4.28127
0 -4.15894
0 -3.92065
13 -4.20538
1 -4.0257
0 -3.8306
0 -3.97569
0 -4.04176
0 -3.99859
0 -3.84733
0 -3.95465
0 -4.21074
0 -4.48392
0 -4.18966
0 -3.99386
0 -4.20287
0 -3.60483
0 -4.31698
0 -3.91102
0 -3.95232
0 -4.20551
0 -3.50237
1 -3.98116
0 -4.15227
2 -3.72783
0 -4.75724
0 -5.01972
0 -4.86683
0 -4.69206
0 -4.2988
0 -4.40407
0 -4.44561
0 -4.50457
0 -4.40173
0 -4.71805
1 -4.80649
1 -4.34413
0 -4.77577
0 -4.74838
0 -4.62482
4 -4.57486
0 -4.76437
0 -4.61122
1 -4.73897
0 -4.40229
0 -4.75471
0 -4.64254
0 -4.92524
0 -4.878
0 -4.78553
0 -4.75883
0 -4.82078
0 -4.60039
0 -4.42052
0 -4.52917
0 -4.69033
0 -4.7727
0 -4.69625
0 -4.44794
0 -4.49841
1 -4.85147
1 -4.73226
0 -4.78343
1 -4.57241
0 -4.77943
0 -4.79673
0 -4.61891
0 -4.46646
0 -4.79729
0 -4.78599
0 -4.57913
0 -4.48759
1 -4.63864
1 -4.4082
0 -4.79524
0 -4.68609
0 -4.78511
0 -4.53842
0 -4.81716
0 -4.38456
0 -4.93002
1 -4.80422
0 -4.74811
0 -4.5067
0 -4.20285
0 -4.73394
0 -4.4851
0 -4.59417
0 -4.8799
0 -4.76087
0 -4.50655
0 -4.1689
1 -4.66282
0 -4.74131
0 -4.789
0 -4.54714
1 -4.25272
0 -4.44431
0 -4.89706
0 -4.60913
0 -4.71286
0 -4.36941
0 -4.08428
0 -4.64063
1 -4.80294
0 -4.65152
0 -4.75051
1 -4.87704
0 -4.47927
1 -4.68612
0 -4.82
0 -4.84065
0 -4.67115
1 -4.83449
0 -4.74649
0 -4.27084
2 -4.90362
0 -4.41434
0 -4.59137
1 -4.60958
2 -4.6923
1 -4.66194
0 -4.92038
0 -4.83703
1 -4.54202
0 -4.47711
0 -4.87184
1 -4.34166
0 -4.50507
0 -4.56941
0 -4.56719
0 -4.54515
0 -4.41696
0 -4.76058
0 -4.59225
0 -4.43308
0 -4.44145
0 -4.81173
0 -4.35631
0 -4.35144
0 -5.06052
0 -4.97163
0 -5.07646
0 -5.11984
0 -5.1026
0 -5.28268
1 -5.40657
0 -5.27915
0 -5.37532
0 -5.50546
0 -5.53098
0 -5.2614
0 -5.37518
0 -5.42355
0 -5.03878
0 -5.10535
0 -5.34389
0 -4.66158
0 -5.25733
0 -5.09208
0 -5.56532
0 -5.14683
0 -5.40507
0 -4.8264
0 -5.25589
0 -5.30157
0 -4.82798
0 -5.49604
0 -5.01801
0 -5.22482
0 -4.72485
0 -5.06897
0 -5.18189
0 -5.01844
0 -5.29544
0 -5.39144
0 -5.18118
0 -5.30051
0 -5.25584
0 -5.38796
0 -5.01417
0 -5.53582
0 -5.16039
0 -5.10877
0 -4.8241
0 -5.55999
0 -5.28037
0 -5.26202
0 -5.23667
0 -5.2332
0 -5.38602
0 -5.28507
0 -5.50006
0 -5.44111
0 -5.88043
2 -5.44521
0 -4.94712
0 -5.31026
0 -5.13728
0 -5.16987
0 -5.07047
0 -5.19908
0 -5.23751
0 -5.25008
0 -5.14191
0 -5.11021
0 -5.24334
0 -5.16628
0 -5.18796
0 -5.40398
0 -5.09545
0 -5.2417
0 -5.29565
0 -5.14172
0 -4.96516
0 -5.24011
0 -5.16366
0 -4.95839
0 -5.24975
0 -4.86305
0 -5.14285
0 -5.1967
0 -5.23776
1 -5.0548
0 -5.04078
0 -5.03193
0 -5.00827
0 -5.14456
0 -5.1209
0 -5.10732
0 -5.12065
0 -5.17687
0 -4.92493
0 -5.06296
0 -5.04639
0 -5.06013
0 -5.2228
0 -5.17023
0 -5.15082
0 -5.07071
0 -4.93716
0 -5.0486
0 -5.16738
0 -5.32984
0 -5.22187
0 -5.1672
0 -5.17446
0 -5.12978
0 -5.0504
0 -5.28926
0 -5.12422
0 -5.06282
0 -5.13791
0 -5.08881
0 -5.01983
0 -5.14099
0 -4.9642
0 -5.10831
0 -5.12773
0 -5.21924
0 -5.25362
0 -5.16821
0 -5.22502
0 -5.13787
0 -5.10157
0 -4.96391
1 -5.28661
0 -5.22653
0 -5.0763
0 -5.22359
0 -5.20664
0 -5.20138
0 -5.28109
0 -5.41054
0 -5.0262
0 -5.10539
0 -4.78253
0 -5.14749
0 -5.28522
0 -5.39404
0 -4.89308
0 -5.1451
0 -4.91345
7 -3.98167
0 -4.93672
0 -5.11071
0 -4.66681
0 -5.00719
0 -4.82095
0 -4.83548
0 -4.47116
0 -4.89618
0 -4.75413
0 -4.79471
2 -5.15206
0 -4.71717
2 -4.77418
0 -4.91916
0 -4.69996
0 -5.30257
0 -5.27141
0 -5.16402
0 -5.35088
0 -5.28591
0 -5.14945
0 -5.23815
0 -5.20319
0 -5.22319
0 -5.2523
0 -4.43354
2 -4.2677
3 -4.74116
0 -4.33394
0 -4.72482
0 -4.38158
0 -4.30808
0 -4.52484
0 -3.7688
8 -4.70083
3 -4.45239
2 -4.1982
2 -4.6694
1 -4.62898
1 -4.82193
0 -4.16315
1 -4.47839
4 -4.51259
0 -4.73585
3 -4.38698
0 -4.73323
6 -4.19437
0 -4.50154
1 -3.95613
0 -4.15028
0 -4.03749
0 -4.08747
0 -4.00071
2 -3.59306
1 -3.66059
0 -3.89527
5 -3.1769
0 -3.94025
0 -3.95489
0 -3.89775
1 -4.22682
0 -4.56457
0 -3.66661
0 -4.11863
0 -3.50421
0 -3.94728
6 -3.79656
0 -3.74326
0 -3.95774
1 -4.42721
1 -4.53726
1 -3.51956
4 -4.14254
0 -4.10933
0 -3.93365
0 -3.9683
0 -4.11572
0 -3.87947
1 -4.05627
0 -4.98391
0 -4.82664
1 -3.32667
1 -4.91311
0 -4.99984
0 -4.92176
0 -5.02525
2 -4.89953
0 -4.81243
0 -5.09011
0 -4.91988
0 -4.99121
0 -4.85661
1 -4.80588
2 -4.83716
0 -5.1018
0 -5.08087
0 -5.00373
0 -4.94889
0 -4.78752
0 -5.01584
0 -5.02187
0 -5.13524
1 -3.76175
0 -5.01981
1 -4.89649
0 -5.00557
1 -4.79187
0 -4.87939
3 -4.53305
7 -3.74861
0 -4.94084
0 -4.97769
2 -5.00364
0 -4.85071
0 -4.52119
0 -5.028
0 -5.07188
0 -4.91332
0 -4.73516
8 -3.71155
0 -4.90613
0 -4.23119
0 -4.38211
0 -5.05483
3 -5.14159
1 -4.97574
0 -4.86152
0 -4.87759
0 -4.79641
0 -4.86688
5 -4.6913
0 -4.56068
0 -4.8625
0 -5.10062
1 -4.70791
0 -5.10545
0 -5.09513
0 -4.80739
6 -4.34749
0 -4.93192
0 -4.74967
0 -4.37741
1 -4.44885
0 -4.24375
0 -4.08845
0 -4.382
0 -4.2391
2 -4.18082
0 -4.08791
0 -4.11554
0 -4.34206
0 -4.33095
0 -4.43172
0 -4.36517
1 -4.36428
0 -4.49682
0 -4.28641
0 -4.37082
0 -4.4128
0 -4.37044
0 -4.15227
0 -4.19533
0 -4.09136
0 -4.28109
0 -4.166
0 -4.3305
1 -4.32424
0 -4.76506
0 -4.3167
0 -4.37434
0 -4.4109
0 -4.09003
0 -4.38645
0 -4.06043
0 -4.32657
0 -4.40894
0 -4.28837
0 -4.43201
0 -4.05606
0 -4.45835
0 -4.04256
1 -4.28581
0 -4.21213
2 -4.28373
0 -4.24226
0 -4.18719
0 -3.89866
0 -4.14898
0 -4.16212
2 -4.41438
0 -4.08942
0 -4.23901
0 -4.22968
1 -4.32662
0 -4.26347
0 -4.32393
0 -4.33585
1 -4.0296
0 -4.29567
0 -4.1499
5 -4.19605
0 -4.29482
0 -4.07425
0 -4.33847
0 -4.15273
0 -4.34691
0 -4.2778
0 -4.47994
0 -4.43311
0 -4.10568
1 -4.42068
0 -4.34451
0 -4.26719
0 -4.45942
0 -4.2641
0 -4.23536
0 -4.31343
2 -4.13561
0 -3.84102
0 -4.44376
0 -4.40686
2 -4.38006
0 -4.05659
0 -4.14699
1 -4.26387
0 -4.47879
0 -4.34125
0 -4.10428
0 -4.25118
0 -4.0448
1 -4.21291
0 -4.37108
6 -4.44661
0 -4.29422
0 -4.24894
0 -4.34748
0 -4.26754
1 -4.31181
0 -4.0319
0 -4.29424
0 -4.148
0 -5.48334
0 -5.75601
0 -5.24583
0 -5.81437
0 -5.5365
0 -5.67736
0 -5.70688
0 -5.80823
0 -5.83336
0 -5.50648
0 -5.71487
0 -5.47041
0 -5.67582
0 -5.51587
0 -5.70091
0 -5.50765
0 -5.95675
0 -5.40861
0 -5.50431
0 -5.59719
0 -5.59693
0 -5.57395
0 -5.69691
0 -5.49127
0 -5.53393
0 -5.57738
0 -5.69288
0 -5.69086
0 -5.50301
0 -5.73145
0 -5.93704
0 -5.76225
0 -5.79488
0 -5.61201
0 -5.75507
0 -5.60539
0 -5.19986
0 -5.55295
0 -5.43392
0 -4.79817
0 -5.63695
0 -5.6838
0 -5.72374
0 -5.776
0 -5.76935
0 -5.61037
0 -5.89038
0 -4.61785
0 -5.11127
0 -5.03065
0 -5.38516
0 -4.74492
0 -5.04115
0 -4.83064
0 -4.6489
0 -4.87985
0 -4.81633
1 -4.94954
0 -4.84455
1 -4.78587
0 -4.87983
0 -4.87059
0 -4.89733
0 -4.91483
3 -4.88812
1 -4.8636
0 -4.87754
0 -4.98586
1 -5.22625
2 -4.88141
0 -4.76446
9 -4.747
0 -5.11455
0 -4.67835
0 -5.25063
1 -4.8832
2 -4.82669
2 -4.74491
0 -5.05843
1 -4.93297
0 -4.80192
0 -5.03432
1 -4.62503
0 -4.81102
0 -4.82097
0 -5.04894
0 -4.65941
0 -4.84924
2 -4.92127
0 -5.39334
1 -4.64395
3 -4.9273
1 -4.90683
2 -5.25717
1 -5.03672
0 -4.89543
2 -4.89123
0 -4.92922
0 -5.09197
0 -4.67015
0 -5.01565
0 -4.86747
0 -4.80049
4 -4.83731
0 -4.93731
0 -4.86392
0 -4.8874
0 -4.84579
2 -5.27201
1 -4.96617
0 -4.77121
0 -4.8394
0 -4.66234
0 -5.01152
1 -4.87392
0 -5.00623
2 -4.9371
1 -4.79059
1 -5.17062
0 -4.5151
0 -5.07294
0 -4.92298
0 -4.93345
1 -4.89982
0 -5.01013
0 -4.88791
0 -4.95518
0 -5.03898
0 -4.65724
0 -4.87096
0 -4.82402
0 -4.94751
0 -5.0458
0 -5.12709
0 -4.9832
0 -4.59128
0 -4.80231
0 -4.55067
0 -4.79193
0 -4.38666
0 -3.87411
0 -4.52771
0 -4.42233
0 -4.42884
1 -4.71016
1 -4.50609
1 -4.71295
0 -4.36056
0 -4.32072
1 -4.67342
0 -4.44939
1 -4.15848
4 -4.5666
0 -4.47709
0 -5.27274
0 -4.84448
1 -4.47137
1 -4.73383
0 -4.52889
0 -4.67504
0 -4.8259
0 -4.49427
0 -4.29515
0 -4.59731
0 -4.72855
0 -4.35872
0 -4.03658
1 -4.71333
0 -4.67893
0 -4.44733
0 -4.42243
0 -4.3265
0 -4.51759
0 -4.05319
0 -4.90131
0 -4.72421
0 -4.31502
0 -4.5436
0 -4.49437
0 -4.7355
0 -4.73757
0 -4.23968
0 -4.61099
1 -4.41873
0 -3.88712
0 -4.67586
0 -4.7353
0 -4.28135
0 -4.91654
0 -4.58073
0 -4.78183
0 -4.80335
0 -5.00744
0 -4.55772
12 -4.52113
0 -3.75505
0 -4.76832
0 -4.98309
0 -4.80418
0 -4.82582
1 -4.75216
0 -4.32017
0 -4.56083
1 -4.5387
0 -4.64999
0 -4.39805
0 -4.17504
9 -3.98662
0 -4.96932
0 -4.47616
0 -4.894
2 -4.44795
1 -4.48404
0 -4.20382
5 -4.81676
0 -4.85952
0 -5.01302
0 -4.37982
0 -4.14887
0 -4.87447
0 -4.77612
0 -3.96748
2 -3.9627
2 -3.90039
0 -3.36485
0 -4.39976
1 -3.72241
0 -4.89544
0 -4.81915
1 -4.706
0 -4.37649
0 -5.02146
0 -4.52468
0 -5.10884
0 -3.85367
0 -5.17842
0 -4.65649
0 -5.06944
0 -4.94953
0 -5.06559
0 -4.19959
1 -4.68138
0 -4.84348
0 -4.48926
0 -4.97003
0 -5.00742
0 -4.62029
0 -4.60826
0 -4.69414
1 -4.52424
0 -4.62483
0 -4.87566
1 -4.72622
0 -4.61254
0 -4.92927
0 -4.07841
0 -4.96667
2 -5.12462
0 -4.78191
0 -5.00705
0 -4.74714
0 -4.88697
0 -4.71753
0 -4.60951
3 -4.8657
0 -4.88956
3 -4.77902
0 -4.55818
2 -4.50381
1 -4.63376
0 -4.82681
2 -4.61772
2 -4.9431
0 -4.73459
0 -4.93213
0 -4.6548
0 -4.68943
0 -4.60442
0 -4.93439
0 -4.76483
0 -4.78505
0 -4.78936
0 -5.0785
0 -4.68058
1 -4.6053
1 -4.42467
0 -5.07077
1 -5.11367
0 -4.61782
0 -4.93745
0 -4.69815
0 -4.68599
0 -4.7538
0 -4.61967
0 -4.6886
0 -4.88393
0 -4.78274
4 -4.75933
0 -4.51453
0 -4.87678
0 -4.60964
1 -4.55453
1 -4.74625
1 -4.82224
0 -4.97792
0 -4.8659
0 -4.77796
3 -4.60147
2 -4.5896
0 -4.7425
0 -4.61042
0 -5.2113
1 -4.70526
1 -3.97722
0 -4.73818
0 -5.06565
1 -4.72122
0 -4.74392
0 -4.60778
0 -4.67354
0 -4.75234
0 -4.83874
0 -4.82881
0 -4.99371
0 -5.11977
0 -4.89948
1 -4.74202
1 -4.82486
1 -4.77191
1 -4.6087
1 -4.92642
2 -4.9483
0 -4.95676
0 -4.61499
4 -4.88699
1 -4.24751
4 -4.33871
1 -4.13622
2 -4.32268
2 -4.19858
1 -4.20764
3 -4.27629
3 -4.39327
0 -4.16969
4 -4.27529
0 -4.41308
0 -4.29521
1 -4.15992
0 -4.10435
1 -4.20647
2 -4.21918
1 -4.17049
7 -4.43249
0 -4.24412
0 -4.24392
9 -4.27565
0 -4.33457
6 -4.26302
2 -4.28045
0 -4.17455
0 -4.37701
0 -4.02405
1 -4.3216
0 -4.27039
0 -4.31257
0 -4.10614
6 -4.36449
0 -4.23498
0 -4.20658
0 -4.1835
0 -4.27377
3 -4.19095
2 -4.14939
5 -4.2674
5 -4.31527
0 -4.10027
6 -4.37177
1 -4.30625
1 -4.41175
0 -4.0833
1 -4.4503
0 -5.21915
0 -5.09259
0 -4.93863
0 -5.13795
0 -5.32743
0 -5.36389
0 -5.17417
0 -17.369
0 -5.47541
0 -5.48512
0 -4.90639
0 -4.97057
0 -5.20851
0 -5.4578
0 -4.80232
0 -5.22998
0 -5.32263
0 -4.9739
0 -5.31927
0 -4.82844
0 -5.18769
0 -5.5619
0 -5.34089
0 -5.15253
0 -5.43516
0 -5.06816
0 -5.33725
0 -5.35317
0 -5.07174
0 -5.28378
0 -5.41761
0 -5.51133
0 -5.19316
0 -5.37293
0 -4.78039
0 -5.19061
0 -5.26224
0 -5.29854
0 -5.28762
0 -5.25986
0 -5.44524
0 -5.02451
0 -5.24363
0 -5.46317
0 -5.31543
0 -5.57204
0 -4.74809
0 -5.24018
1 -5.26706
0 -5.31356
0 -5.40335
0 -5.39955
0 -5.50217
0 -5.17971
0 -5.25655
0 -4.27134
0 -6.84202
0 -5.47172
0 -5.5164
0 -4.33376
0 -5.08262
0 -5.28925
0 -5.29453
0 -5.41065
0 -5.27007
0 -4.42776
0 -4.30852
0 -4.12973
0 -4.24291
0 -4.02294
0 -4.24246
3 -4.14373
0 -4.11483
0 -4.28406
0 -4.31723
0 -4.24829
0 -4.42216
0 -4.31821
0 -4.13264
0 -4.11768
1 -4.15817
0 -4.17922
0 -4.12546
3 -4.14727
3 -4.3006
1 -4.17176
0 -4.24001
1 -4.39061
2 -4.28565
0 -4.21016
0 -4.02814
6 -4.10228
0 -4.37812
2 -4.09224
0 -4.2399
1 -4.39956
0 -3.82066
0 -4.3375
3 -4.05131
0 -4.06613
1 -4.21407
0 -4.22757
0 -4.37721
0 -4.11483
0 -4.3035
0 -4.45407
0 -4.28066
0 -4.14758
0 -4.35901
0 -4.12017
1 -4.35127
1 -4.12623
4 -4.35857
0 -4.11922
4 -4.12519
0 -4.13755
0 -4.25461
0 -4.14547
0 -4.28181
1 -4.19974
1 -4.17344
0 -4.14927
0 -4.34379
0 -3.91306
0 -4.25939
1 -4.30501
0 -3.98901
2 -4.09415
0 -4.60648
0 -4.15566
1 -4.20984
1 -4.43772
1 -4.12152
0 -4.27153
0 -4.17638
0 -4.0221
0 -4.25819
0 -4.10001
0 -4.27538
1 -4.48854
1 -4.48626
1 -4.15002
0 -3.88438
1 -4.24958
7 -4.07217
1 -4.35278
0 -4.20615
3 -4.2931
1 -4.44258
2 -4.22322
0 -4.16008
1 -4.29831
0 -4.16743
1 -4.02272
0 -4.05967
0 -4.39706
0 -4.2054
0 -4.2918
0 -4.0895
0 -4.44406
1 -4.43526
5 -4.0591
1 -3.73323
13 -4.04637
0 -3.1926
0 -4.30136
0 -4.6287
2 -3.27714
0 -3.95122
1 -3.82297
1 -4.22609
1 -3.99918
0 -4.15704
5 -3.28798
5 -4.22556
38 -3.52031
0 -4.07166
0 -4.31489
0 -4.05321
2 -4.25461
3 -3.82835
7 -3.92793
0 -3.63636
0 -4.20787
3 -2.36162
1 -4.11033
0 -4.03265
2 -4.10883
0 -3.79927
0 -3.36235
0 -4.19709
61 -2.4046
2 -3.95349
0 -4.54405
0 -4.2029
0 -3.89496
1 -3.90542
0 -3.96406
0 -4.25506
0 -4.42421
0 -3.68112
0 -4.05799
0 -4.05577
14 -4.15515
0 -4.10074
0 -3.84877
4 -4.05741
1 -3.63379
1 -3.75621
4 -4.18239
3 -4.28919
0 -4.15478
0 -3.75579
0 -3.38779
0 -3.55297
1 -2.2642
0 -4.15893
36 -3.67059
0 -3.73104
1 -3.75381
0 -4.20289
13 -4.15322
2 -3.63052
1 -4.04397
1 -2.81145
0 -4.44614
4 -2.78306
0 -4.05856
10 -3.46308
0 -3.42532
2 -4.0357
16 -3.19492
2 -4.01995
0 -3.9515
0 -4.22898
1 -4.00516
0 -3.93689
0 -3.68749
0 -4.20741
6 -3.61517
0 -4.06592
0 -4.08704
1 -3.17151
0 -3.74074
13 -3.78114
0 -3.85734
0 -3.97036
0 -3.94657
0 -3.62038
0 -3.57863
0 -4.56913
4 -4.20165
5 -4.11104
1 -3.97694
0 -3.92899
1 -3.75286
0 -3.97457
0 -3.87152
0 -4.25313
0 -4.27938
2 -4.18152
85 -3.42601
0 -4.1236
0 -4.44759
0 -4.05169
2 -3.93371
0 -4.54401
3 -4.07146
101 -2.17096
0 -4.01396
1 -3.85739
2 -4.18655
1 -4.18185
2 -4.04527
0 -3.77421
1 -2.858
0 -4.13636
0 -4.50345
0 -3.93775
0 -4.1748
1 -3.68148
7 -4.1521
0 -3.42373
3 -3.9178
2 -2.75794
16 -2.67788
3 -4.12981
0 -3.97357
0 -3.4173
2 -4.08944
0 -4.08557
0 -2.65888
0 -4.2397
2 -4.14221
0 -3.83643
0 -4.38981
0 -3.25888
3 -2.77825
0 -3.85032
1 -4.21277
0 -3.80497
0 -4.11035
0 -3.11537
11 -3.76634
1 -4.08832
1 -4.18723
2 -3.98008
0 -4.02241
0 -4.41145
6 -3.38951
1 -4.08131
3 -3.96165
0 -3.66653
0 -3.71123
6 -3.96706
0 -3.6031
0 -3.99593
1 -4.15963
0 -3.72734
0 -3.72794
0 -3.59904
0 -2.91698
1 -3.72937
0 -3.58742
5 -3.82727
1 -3.99113
0 -3.99646
0 -3.80785
0 -4.25819
18 -4.03882
0 -4.02837
0 -4.1489
0 -4.17448
2 -3.97292
0 -3.91133
0 -4.17406
0 -3.75746
29 -3.05955
0 -4.44099
1 -4.36859
5 -4.1352
2 -4.0684
1 -4.20936
0 -4.30868
3 -3.84619
0 -3.14557
2 -4.13065
2 -4.20528
0 -3.02769
0 -4.14653
1 -4.64179
0 -3.84386
0 -3.84263
1 -4.14918
0 -3.05759
1 -3.44046
0 -4.78703
0 -3.96901
2 -4.26882
0 -3.94415
3 -4.05942
0 -4.26324
0 -4.01834
0 -4.07126
17 -3.217
0 -3.84064
0 -3.63306
1 -3.85345
0 -4.21332
1 -4.09983
1 -4.3105
4 -4.09198
0 -4.0602
2 -2.26475
0 -3.8759
0 -3.87488
0 -4.23438
0 -3.59381
0 -4.08745
21 -3.92575
7 -4.00775
0 -3.32471
0 -3.69291
1 -4.02501
1 -3.7876
0 -3.90954
16 -3.88268
0 -4.06209
3 -4.18453
0 -4.15126
0 -3.42113
2 -3.28875
0 -2.96069
0 -4.13727
3 -3.57835
2 -4.12605
1 -3.82538
0 -3.59533
1 -4.0568
16 -2.93003
0 -3.63904
0 -4.26763
3 -4.33308
0 -4.25543
6 -2.43975
10 -4.18522
1 -3.68697
0 -3.58606
0 -4.24941
0 -4.17944
0 -3.74542
0 -4.1317
0 -2.92665
0 -3.03263
0 -4.56606
0 -5.07025
0 -4.87666
0 -4.57427
0 -5.14037
0 -4.71473
0 -4.79956
0 -4.52176
0 -4.59457
0 -4.40633
1 -4.66846
0 -4.70428
0 -4.62285
0 -4.59991
0 -4.85573
0 -4.54839
0 -5.12688
1 -4.33517
1 -3.90234
0 -4.56739
0 -4.6065
0 -4.83523
0 -4.75918
0 -4.8559
1 -4.5658
0 -4.66689
0 -4.51856
0 -4.54197
0 -4.61801
0 -5.28123
0 -5.04909
0 -5.37779
0 -5.36643
0 -5.34857
0 -4.10989
0 -5.34114
0 -5.2398
0 -5.29128
0 -5.29502
0 -5.15114
0 -5.34834
0 -5.08914
0 -5.27042
0 -4.09296
0 -4.53008
1 -4.3666
0 -4.42422
0 -3.96228
0 -3.99617
0 -4.18675
0 -3.83211
0 -4.01309
0 -4.36966
0 -4.28746
0 -4.00823
0 -4.05797
0 -4.22518
0 -4.47062
0 -4.31383
0 -4.06697
0 -4.13872
1 -3.95213
0 -3.93585
0 -3.99574
0 -4.28003
0 -4.16134
0 -4.40346
0 -4.13471
0 -4.10163
0 -4.29153
0 -3.89483
0 -3.95432
0 -3.9144
1 -4.32229
0 -4.37699
0 -4.16035
1 -4.06511
0 -4.0221
0 -3.89151
0 -4.25769
0 -3.90851
0 -4.02406
0 -4.07914
0 -4.22634
0 -4.24092
0 -4.07591
0 -4.39283
1 -4.04234
1 -4.12283
0 -4.02722
0 -3.98507
0 -3.86834
0 -4.63604
0 -4.89341
0 -4.98519
2 -4.96516
0 -4.91714
0 -4.04739
0 -4.84239
1 -4.53757
0 -4.99719
0 -5.03246
0 -4.92983
0 -4.72262
0 -4.95153
0 -4.79409
0 -4.72893
0 -4.83523
0 -4.0012
0 -4.96853
0 -4.83522
0 -4.60292
0 -4.81656
0 -4.76944
4 -5.05032
0 -5.03754
0 -4.87618
0 -5.05006
0 -4.86036
0 -4.13415
0 -4.76181
0 -5.00678
0 -4.79294
17 -4.62022
0 -5.00877
0 -4.72763
0 -5.10749
0 -4.83757
0 -5.17392
0 -3.85251
0 -4.83327
0 -5.09626
0 -5.04463
0 -4.66216
0 -4.9426
0 -4.88537
0 -4.78954
1 -5.02916
1 -4.88623
0 -4.79323
0 -4.06684
0 -4.97382
0 -4.86947
1 -5.02574
0 -4.79383
1 -4.86809
0 -4.83421
0 -4.88211
0 -4.6722
2 -4.94561
0 -4.91758
0 -4.0792
0 -4.75363
0 -4.88121
0 -4.96908
0 -4.7685
0 -4.88775
0 -4.75176
0 -4.83753
0 -4.94662
0 -3.96028
0 -4.79636
0 -4.81966
0 -4.86274
0 -5.07908
2 -4.97877
0 -4.59711
0 -4.86695
0 -5.09365
0 -4.8413
0 -4.96666
0 -4.21075
6 -4.88578
0 -4.97051
0 -5.06771
0 -4.74695
0 -4.95394
0 -4.93248
0 -4.96695
0 -4.78666
1 -4.6903
0 -4.01906
0 -5.14202
0 -4.96645
0 -4.8159
1 -5.0652
1 -5.14002
0 -4.80847
0 -4.82867
1 -4.62181
0 -4.9884
2 -4.20765
0 -3.93272
0 -4.98872
1 -4.89304
0 -4.62421
0 -5.04129
0 -4.54678
0 -3.94795
0 -4.18647
0 -3.98122
0 -4.17722
1 -4.17312
0 -3.87188
0 -4.33935
0 -4.34902
1 -4.10607
0 -4.21267
2 -4.30147
0 -4.23005
0 -4.53541
0 -3.99377
0 -4.48195
0 -4.89532
0 -4.72884
1 -4.90611
0 -4.83789
0 -5.00407
0 -4.87212
0 -5.00429
0 -4.7996
0 -4.55972
0 -4.91147
0 -4.88305
0 -4.65424
0 -4.81161
0 -4.8077
0 -4.94844
1 -4.83239
1 -4.76065
0 -4.59548
0 -5.02775
0 -5.14576
0 -4.49935
0 -4.64308
0 -4.79309
0 -4.87688
0 -4.63226
0 -4.78627
0 -4.76838
0 -4.64647
0 -4.75438
0 -4.3213
0 -5.33286
0 -4.35715
7 -4.44723
1 -5.07835
0 -4.69191
0 -4.95164
0 -4.66897
0 -5.13991
0 -4.51598
0 -4.73675
0 -4.57273
0 -4.87531
1 -4.86322
0 -5.2912
0 -4.46428
0 -4.27648
0 -4.51177
1 -5.17556
0 -4.97201
0 -5.07403
0 -4.56625
0 -5.01294
0 -4.5745
0 -5.04509
1 -4.50847
0 -4.52179
2 -4.87384
0 -4.29938
0 -4.66775
0 -4.81996
0 -4.53913
0 -4.55251
0 -4.63249
0 -4.67229
0 -4.57549
0 -4.61381
0 -5.04899
0 -4.69534
1 -4.7295
0 -4.93307
0 -4.75441
0 -4.73468
1 -4.6572
0 -4.80785
0 -4.83399
0 -4.66027
0 -4.38887
5 -4.15268
0 -4.05518
0 -4.76212
0 -4.83691
0 -4.69424
1 -4.44505
0 -4.68215
0 -4.34832
0 -4.74176
0 -4.57012
0 -4.68196
0 -4.44014
0 -4.94331
0 -4.63823
0 -4.74116
0 -4.55527
0 -4.47556
0 -4.83753
0 -4.36151
0 -4.48753
0 -4.6384
0 -4.62166
0 -4.40814
0 -4.63425
0 -4.4426
0 -4.78371
0 -4.48746
0 -4.44299
0 -4.47231
0 -4.80211
0 -4.61974
0 -4.82777
0 -4.1012
0 -5.4695
0 -5.67527
0 -5.63204
0 -5.66609
2 -5.6735
0 -5.52025
0 -5.72426
0 -5.64531
0 -5.6818
0 -5.61653
0 -5.51792
0 -5.42733
1 -5.40871
0 -5.49133
0 -5.93073
0 -5.68124
0 -5.59461
0 -5.65823
0 -6.12046
0 -5.54351
0 -5.6958
0 -5.33996
0 -5.36636
0 -5.51378
0 -5.38844
0 -5.77648
0 -5.67622
0 -5.46195
0 -5.54109
1 -5.41572
0 -5.83187
0 -5.47658
0 -5.13669
0 -5.7918
0 -5.78603
0 -5.75607
0 -5.59158
1 -5.95342
0 -5.5053
0 -5.12707
2 -5.35071
0 -5.5629
0 -5.91577
0 -5.79478
0 -5.6516
0 -5.84047
0 -5.54552
0 -5.60615
0 -5.60484
0 -5.60568
0 -5.68179
0 -5.54367
0 -5.42879
2 -5.41512
0 -5.69193
0 -5.67693
0 -5.49518
0 -5.64738
0 -5.732
0 -5.60527
0 -5.69758
0 -5.56311
0 -5.37162
0 -5.74851
0 -5.30336
0 -5.78288
0 -5.66188
4 -5.62145
0 -5.67343
0 -5.46893
0 -5.58321
0 -5.65316
0 -5.0796
0 -5.03073
0 -5.36257
0 -5.03431
0 -5.19135
0 -5.39751
0 -4.89981
0 -5.1268
0 -5.09458
0 -5.28737
0 -5.08014
0 -4.99549
0 -5.20805
0 -5.20062
0 -5.17851
0 -5.15662
0 -5.52714
0 -5.36715
0 -5.19651
0 -4.97604
0 -5.27886
0 -5.05778
0 -5.30277
4 -4.0551
0 -4.36805
0 -4.58931
1 -4.46739
0 -4.65073
0 -4.34906
3 -4.42348
0 -3.92746
2 -4.53173
4 -3.98341
0 -4.37953
2 -4.29197
1 -3.31487
0 -4.37317
1 -4.00926
9 -4.34199
0 -4.42475
3 -4.82134
37 -3.87489
0 -4.17334
0 -4.62228
0 -4.60569
0 -4.27766
2 -4.26113
0 -4.83464
0 -4.69804
1 -4.44953
0 -4.53364
3 -4.48957
12 -4.26447
3 -4.49729
0 -4.497
12 -4.03251
10 -4.56882
0 -4.43147
6 -3.82099
8 -4.52018
4 -4.35461
1 -4.96711
2 -4.21256
1 -4.65197
7 -3.96891
1 -4.51045
3 -4.52578
0 -4.42023
0 -4.66494
1 -4.49021
2 -4.52011
1 -4.46707
0 -4.3783
0 -4.33194
0 -4.52825
2 -3.87535
2 -4.57172
1 -4.68597
0 -4.44554
0 -4.4064
0 -4.6163
0 -4.46977
0 -4.69304
0 -4.39242
0 -4.3636
0 -4.30161
2 -4.84318
0 -4.72367
0 -4.6922
0 -4.8112
0 -3.734
0 -3.69801
0 -4.45723
0 -4.64084
2 -4.40829
1 -4.35503
0 -4.37
2 -4.76122
0 -4.5734
0 -4.817
0 -4.7248
0 -4.74587
0 -4.29203
0 -4.82505
0 -5.00291
0 -4.83047
0 -4.59403
0 -4.12368
0 -4.72004
1 -4.76549
0 -4.73399
0 -4.66675
0 -4.66901
0 -4.55295
0 -5.02274
0 -4.03538
0 -4.64909
0 -5.0064
0 -4.44517
0 -4.64728
0 -4.76496
0 -4.46491
0 -4.39116
0 -4.8363
0 -4.30602
0 -4.52745
1 -4.94301
0 -5.29133
0 -4.65548
0 -4.3058
0 -4.31709
0 -4.57548
0 -4.32461
0 -4.95812
0 -4.25299
0 -4.35727
0 -4.4208
0 -4.96458
0 -4.85829
0 -4.79611
0 -5.49288
1 -4.9726
0 -4.83709
4 -4.67256
2 -4.65861
0 -4.86983
2 -4.97261
8 -4.75684
1 -4.98449
1 -4.91117
0 -4.75665
