1 -4.954
5 -4.82013
0 -4.86951
1 -4.6475
0 -4.66199
0 -4.40758
3 -4.32729
0 -4.35394
0 -4.55474
4 -4.38418
1 -4.49535
0 -4.44653
2 -4.4723
2 -4.76463
0 -4.34403
0 -4.43975
4 -4.23893
0 -4.75322
0 -4.76734
0 -4.2409
0 -4.50244
0 -4.51315
0 -4.3881
1 -4.64358
1 -4.51037
0 -4.45891
2 -4.45872
1 -4.74204
0 -4.51647
7 -4.51117
1 -4.45518
0 -4.58606
0 -4.49692
0 -4.28347
0 -4.29234
0 -4.38632
0 -4.5719
0 -4.53173
55 -4.32278
0 -4.38497
1 -4.65144
1 -4.74897
5 -4.68596
3 -4.73529
0 -4.3106
1 -4.55527
7 -4.75467
1 -4.43918
0 -4.55585
3 -4.41922
2 -4.375
0 -4.62738
2 -4.71244
3 -4.53851
8 -4.70521
0 -4.2451
1 -4.39474
0 -4.63727
2 -4.26515
1 -4.67614
2 -4.46058
5 -4.61061
1 -3.78008
0 -4.45419
0 -4.71451
7 -4.41598
7 -4.50228
0 -4.40515
0 -4.35287
0 -4.38421
0 -4.28334
1 -4.40127
0 -4.64109
0 -4.40657
3 -4.31023
45 -3.59836
0 -4.46718
1 -4.28725
2 -4.40502
2 -4.53189
1 -3.90492
0 -4.4867
0 -3.86204
0 -4.43785
23 -4.42466
0 -4.43645
6 -4.42806
0 -4.65827
0 -4.30931
0 -4.41158
0 -3.57863
0 -4.37085
0 -4.1971
0 -3.69203
0 -3.50996
3 -4.38625
0 -4.10502
17 -4.05477
0 -4.56602
4 -4.21136
0 -4.49883
0 -4.37796
0 -4.22084
2 -4.38165
12 -3.86484
0 -4.50461
0 -4.34316
0 -4.3763
0 -4.17697
1 -4.26112
0 -4.41973
3 -4.0817
167 -3.1383
1 -3.74808
0 -4.57333
0 -4.65873
0 -3.89692
19 -4.08483
0 -3.9504
26 -3.88622
3 -4.33418
7 -4.17766
6 -4.13735
0 -4.22498
6 -4.34164
6 -3.95952
1 -4.54702
0 -4.37931
4 -4.33495
0 -4.48169
1 -4.26303
0 -4.59837
0 -4.51407
3 -4.28025
0 -4.4752
0 -4.55253
0 -4.53017
0 -4.00227
0 -3.98104
0 -4.11026
0 -4.00865
0 -4.39159
5 -3.29728
28 -3.74394
4 -4.31352
0 -3.9997
0 -4.1893
2 -4.333
1 -4.38427
0 -4.12392
0 -4.02622
2 -4.23866
13 -4.18173
0 -4.28859
5 -3.96296
0 -4.05913
1 -4.3579
0 -3.87699
49 -3.53278
6 -4.12172
2 -4.26744
9 -4.19317
0 -4.40166
2 -4.35147
30 -4.2656
12 -3.97015
0 -4.17799
11 -3.83651
0 -4.44265
72 -4.15757
1 -4.07118
9 -3.93143
2 -4.55642
1 -4.03381
32 -3.88637
0 -4.19727
0 -4.1761
0 -4.33424
7 -3.70578
0 -4.19582
41 -3.87567
3 -4.37846
0 -4.32092
3 -4.19938
31 -4.00508
0 -4.25944
0 -3.78562
1 -4.3679
1 -4.4332
0 -4.07304
3 -4.158
5 -4.1174
25 -4.08472
12 -4.33337
25 -4.07909
3 -3.98602
63 -3.7871
2 -3.78045
0 -4.39659
4 -4.18871
9 -3.88971
2 -4.17893
0 -4.01147
99 -3.71143
22 -3.31505
81 -3.47939
2 -4.29625
5 -3.56078
3 -4.29003
0 -4.20988
3 -3.38882
34 -4.092
7 -4.52704
1 -4.03276
18 -3.84289
1 -3.39011
1 -4.16066
0 -4.15061
0 -4.15032
1 -3.90992
1 -4.428
2 -3.9485
0 -4.16265
1 -4.31028
1 -4.32216
2 -4.33651
0 -4.37497
0 -4.06081
7 -4.23642
2 -3.40399
1 -4.25631
1 -3.9401
0 -4.22314
8 -4.21293
0 -4.17456
1 -3.09605
0 -4.13822
0 -4.16579
0 -4.24236
1 -3.90637
10 -3.88558
11 -3.11849
6 -4.22923
36 -3.54674
15 -4.03112
3 -4.30561
16 -4.21619
1 -4.13284
7 -4.07217
1 -4.05092
2 -3.9138
1 -4.06609
0 -4.41775
0 -4.22328
0 -4.22281
4 -3.99328
0 -4.27261
2 -4.42389
14 -3.84154
0 -4.19823
0 -4.29285
0 -4.0596
5 -3.73039
7 -3.00125
0 -4.33751
0 -4.37105
0 -3.78832
0 -4.17745
4 -3.97142
0 -3.93019
1 -4.2697
0 -4.07214
2 -4.24599
1 -4.06749
7 -4.37125
2 -4.01357
0 -3.94985
25 -3.90967
0 -4.05412
0 -4.26819
2 -4.05558
12 -3.69551
13 -4.20158
41 -3.77174
0 -3.77539
0 -4.10222
0 -4.37492
1 -4.12777
0 -4.21876
2 -4.66263
4 -3.76542
10 -3.78687
1 -4.2267
0 -4.38929
0 -4.24961
1 -4.16082
1 -5.60775
0 -5.34132
0 -5.53452
1 -5.49912
0 -5.46385
0 -5.4908
0 -5.4823
0 -5.34392
0 -5.46418
0 -5.58296
0 -5.19758
0 -5.40977
0 -5.38561
0 -5.66409
1 -4.85709
0 -4.87277
0 -5.31772
0 -5.30147
0 -5.3922
0 -5.48222
0 -5.3915
0 -5.41098
0 -5.29415
0 -5.27407
0 -5.60534
0 -5.25517
0 -5.50663
0 -5.49044
0 -5.30776
0 -5.25027
0 -5.4773
0 -5.74647
1 -4.87026
0 -5.4159
0 -5.25841
0 -5.12582
0 -5.47712
0 -5.17122
0 -5.13954
0 -5.22893
0 -5.35024
0 -5.43068
0 -5.13697
0 -5.50895
0 -4.95985
0 -5.46889
0 -5.63784
0 -5.54402
0 -5.57416
0 -5.46822
0 -5.70046
0 -5.40269
0 -5.33925
0 -5.43745
1 -5.35441
0 -5.32115
1 -5.47509
0 -5.25316
44 -4.97783
0 -5.33121
0 -5.3401
0 -5.67343
0 -5.49193
0 -5.40976
25 -5.33471
0 -5.40823
0 -5.35325
0 -5.44579
0 -5.33338
0 -5.57765
0 -5.19589
0 -5.54963
0 -5.05099
0 -5.4578
2 -5.59974
0 -5.35244
0 -5.51317
0 -5.10074
0 -5.49214
0 -5.61138
0 -5.48028
0 -5.06165
0 -5.3343
1 -5.35183
1 -5.52951
0 -5.76949
0 -5.07412
9 -5.35634
2 -5.42784
2 -5.58132
0 -5.53244
5 -5.51553
1 -5.53214
0 -5.30237
0 -5.68324
0 -5.53831
0 -5.50603
0 -5.51606
10 -5.66717
4 -5.55424
2 -5.48405
1 -5.48638
5 -5.4277
0 -5.31925
0 -5.50841
0 -5.53825
0 -5.12724
0 -5.52591
0 -5.56317
1 -5.56164
0 -5.37962
0 -5.52951
0 -5.43572
2 -5.66176
1 -5.54533
0 -5.28805
0 -5.53495
0 -5.45606
0 -5.05417
0 -4.88008
0 -5.55221
0 -5.39788
1 -5.22653
0 -5.54149
3 -5.3571
0 -5.16764
2 -5.55274
0 -5.55777
0 -5.57999
0 -5.47423
0 -5.46252
1 -5.73067
0 -5.63059
0 -5.07216
1 -5.41012
0 -5.46497
0 -5.55072
0 -5.40992
0 -5.29569
0 -5.43016
0 -5.63667
14 -5.44805
1 -5.23435
2 -5.70275
0 -5.61497
0 -5.19481
2 -5.2824
0 -5.14229
0 -5.35101
0 -5.25578
0 -5.33165
0 -5.08876
0 -5.2414
0 -5.1825
0 -5.09602
0 -5.24573
0 -5.18636
0 -4.96663
1 -5.11223
1 -5.19584
1 -5.11158
2 -5.40329
0 -5.15602
0 -5.17636
1 -5.29052
0 -5.22711
1 -5.08891
0 -5.2852
1 -5.1546
0 -5.266
0 -5.12783
1 -5.22371
1 -5.16544
6 -5.39246
0 -5.37505
3 -4.95656
2 -5.33914
0 -5.24112
1 -5.29246
0 -5.31397
0 -5.11562
1 -5.38519
0 -5.15971
0 -5.14571
0 -5.09803
1 -5.27743
0 -5.09059
0 -5.27575
0 -5.27077
8 -5.07635
0 -5.30535
0 -5.15143
2 -5.23367
8 -5.15049
0 -5.28581
0 -5.13589
0 -5.26571
0 -5.1139
0 -5.30355
0 -5.24821
0 -5.23149
0 -5.24627
0 -5.03527
0 -5.10702
0 -5.12483
0 -5.22192
0 -5.03804
0 -5.07736
1 -5.32141
0 -5.05277
0 -5.29812
0 -5.26745
2 -5.16528
0 -5.1035
0 -5.25375
0 -5.32202
3 -5.06498
0 -5.16615
0 -5.04134
1 -5.25385
0 -5.37073
0 -5.16472
0 -4.99249
0 -5.17535
0 -5.25109
0 -5.15625
1 -5.09067
0 -5.32096
0 -5.21011
0 -5.29709
0 -5.34164
1 -5.1395
1 -5.05868
0 -5.24555
0 -5.26446
0 -5.28574
0 -5.31108
0 -5.54728
0 -5.54236
0 -5.72487
0 -5.4741
0 -5.64025
0 -5.8392
0 -5.78254
0 -5.73222
0 -5.81765
0 -5.73404
0 -5.47361
0 -5.79332
0 -5.68432
0 -5.71796
0 -5.61554
0 -5.76097
0 -5.78205
1 -5.7464
0 -5.78622
0 -5.51688
0 -5.77373
0 -5.74174
0 -5.7723
0 -5.47035
0 -5.71864
0 -5.5229
0 -5.44787
1 -5.70869
0 -5.57095
0 -5.8365
0 -5.79134
0 -5.78986
0 -5.68188
0 -5.73673
0 -5.67168
0 -5.5307
0 -5.91917
0 -5.78433
0 -5.62651
0 -5.76531
0 -5.73576
0 -5.6913
0 -5.66893
0 -5.54402
0 -5.73357
0 -5.80047
0 -5.65315
0 -5.72135
0 -5.80282
0 -5.7092
0 -5.50431
3 -5.64569
0 -5.74495
0 -5.57219
0 -5.78345
0 -5.56227
0 -5.83082
0 -5.36777
0 -5.50884
0 -5.78713
0 -5.69906
0 -5.65072
0 -5.62928
0 -5.70186
0 -5.581
0 -5.65863
0 -5.69591
0 -5.55758
0 -5.60344
0 -5.52668
0 -5.76705
0 -5.81185
0 -5.61499
0 -5.75868
0 -5.77535
0 -5.69422
2 -5.60252
0 -5.63673
0 -5.72797
0 -5.44798
0 -5.67193
0 -5.71041
0 -5.69865
0 -5.79666
0 -5.65625
0 -5.75586
0 -5.46934
0 -5.57373
0 -5.49322
0 -5.50538
0 -5.70436
0 -5.62039
0 -5.48365
0 -5.75879
0 -5.68359
0 -5.81336
1 -5.63005
0 -5.58422
0 -5.73612
0 -5.20838
0 -5.21625
0 -5.33555
0 -4.96009
0 -5.02156
0 -5.18396
0 -5.40549
0 -5.23735
0 -5.19528
0 -5.08668
0 -5.17896
0 -5.12815
0 -2.54292
0 -5.20068
0 -5.47278
0 -5.32228
0 -3.62356
0 -5.04964
0 -5.05027
0 -5.14312
0 -5.48719
0 -5.23824
0 -5.31148
0 -4.808
0 -5.18293
0 -5.17374
0 -5.3372
0 -4.56201
0 -3.41099
0 -5.31789
0 -5.56303
0 -5.04942
0 -5.05484
0 -3.9543
0 -4.93119
0 -0.425485
0 -5.27396
1 -3.7861
0 -4.95653
0 -5.146
0 -4.7008
0 -5.04368
0 -5.36261
0 -5.39857
0 -5.26747
2 -5.3493
0 -4.13495
0 -5.03071
0 -3.79795
0 -5.11649
0 -5.13774
0 -5.28249
0 -7.1148
0 -5.16559
0 -5.07746
0 -5.02858
0 -5.27408
0 -5.22654
0 -5.30991
0 -3.69668
0 -5.31013
0 -5.48918
0 -4.84645
0 -5.19593
0 -4.65785
0 -5.42486
0 -5.15949
0 -5.05316
0 -5.20617
0 -5.37013
0 -5.30408
0 -5.60871
0 -5.00377
0 -5.24658
0 -5.36795
0 -5.00698
0 -5.10385
0 -5.04728
0 -5.22472
0 -5.03396
0 -5.44205
0 -5.09809
0 -5.02568
0 -5.2672
0 -5.37556
0 -5.0446
0 -4.98237
0 -4.41796
0 -5.48916
0 -5.08104
0 -5.28003
0 -4.90781
0 -4.08041
0 -4.69044
0 -5.03529
0 -5.15341
0 -5.03793
0 -5.25958
0 -5.15826
0 -5.41907
0 -4.20477
0 -5.1538
0 -5.11347
1 -4.93762
1 -4.49514
0 -4.49241
1 -4.71299
0 -4.81879
1 -4.56822
3 -4.61681
1 -4.24415
3 -5.00469
1 -4.2969
2 -4.92362
0 -4.71923
0 -4.87063
0 -4.3858
0 -4.64265
0 -4.58636
0 -4.55909
1 -4.68766
0 -4.56612
0 -4.99406
0 -4.71841
0 -4.76351
0 -4.72236
0 -4.44668
0 -4.71145
5 -4.59364
0 -4.19754
0 -4.37943
0 -4.78153
0 -4.42016
2 -4.82288
0 -4.48322
0 -4.46577
0 -4.46988
13 -4.53299
4 -4.24735
0 -4.35649
0 -4.78918
0 -4.58905
0 -4.67061
0 -4.81473
0 -4.70727
0 -4.60816
0 -4.55846
0 -4.4975
0 -4.95186
1 -4.74776
11 -4.72951
2 -4.37637
0 -4.71088
0 -4.38786
0 -4.77968
0 -4.70105
0 -4.68091
0 -4.63171
0 -4.32167
5 -4.72479
3 -4.62564
2 -4.68753
1 -4.97155
1 -4.27557
0 -4.36899
1 -4.29701
0 -4.48426
0 -4.67679
0 -4.3897
0 -4.23971
3 -4.32067
0 -4.42442
0 -4.53526
0 -4.83375
0 -4.5794
0 -4.75434
0 -4.89297
0 -4.32804
1 -4.56963
4 -4.65111
0 -4.24522
1 -4.48539
1 -4.81986
0 -4.38954
0 -4.74822
0 -4.6437
1 -4.09449
0 -4.68585
0 -4.32355
0 -4.38577
2 -4.53813
0 -4.60123
0 -4.62641
17 -4.53213
0 -3.74058
0 -4.55487
0 -4.93347
0 -4.59972
0 -4.20978
0 -4.78146
4 -4.39834
9 -4.54993
0 -4.57517
0 -4.61701
0 -4.56498
0 -4.40761
0 -4.45415
0 -4.50537
5 -4.72531
0 -4.77846
2 -4.67899
0 -4.63307
0 -4.59841
0 -4.50407
0 -4.69203
0 -4.76667
0 -4.78033
2 -4.68508
1 -3.63411
2 -4.45965
0 -4.78781
0 -4.40854
0 -4.41504
7 -4.7666
1 -4.1215
0 -4.40311
0 -4.45912
0 -4.20531
0 -4.48994
0 -4.53872
0 -4.2157
1 -4.66033
8 -4.52849
2 -4.34496
0 -4.12594
0 -4.20675
0 -4.31615
0 -4.40927
0 -4.26878
0 -4.51958
2 -4.48178
0 -4.16362
0 -4.16641
0 -4.13249
1 -4.15722
0 -4.26819
0 -4.09327
1 -4.2967
0 -4.00135
7 -4.1451
0 -4.18109
2 -4.27872
1 -4.22007
0 -4.21001
3 -4.41131
1 -4.49089
0 -4.24098
0 -4.33366
0 -4.32873
2 -4.04768
8 -4.29021
0 -4.1078
1 -4.27087
1 -4.50788
1 -4.45352
0 -4.07622
0 -4.56043
0 -4.35729
0 -4.20119
0 -4.31255
0 -4.27029
0 -4.30906
0 -4.12561
0 -4.15602
2 -4.11823
2 -4.62254
0 -4.36257
0 -4.15291
1 -4.24099
0 -4.29643
0 -4.18587
0 -4.67431
1 -4.32469
0 -4.58802
0 -4.51609
0 -4.24909
0 -4.22216
1 -4.07827
0 -5.10514
5 -5.03333
5 -4.92021
0 -5.03539
0 -4.9935
0 -5.06497
0 -5.02155
1 -4.97351
0 -4.81541
1 -5.08662
0 -4.88253
0 -5.03163
1 -4.91008
0 -5.01348
2 -4.70138
2 -4.85695
0 -5.0862
0 -5.09328
0 -4.84982
0 -4.91278
0 -5.17575
0 -5.06888
1 -5.0636
1 -4.64624
0 -5.43312
1 -5.22735
2 -5.28189
0 -5.31253
3 -5.21852
0 -5.33563
5 -4.96519
0 -5.17732
6 -5.18621
7 -5.21205
2 -5.37993
2 -4.71617
0 -5.08171
0 -6.05521
0 -6.3908
0 -5.59699
0 -5.99303
0 -5.97171
0 -5.94357
0 -6.37894
0 -5.59982
1 -5.86056
0 -5.85592
1 -5.48834
0 -5.51728
1 -5.51679
0 -5.47268
0 -6.07012
0 -6.26529
0 -6.51133
1 -5.86301
1 -5.74945
0 -6.00797
0 -6.42722
0 -6.43263
1 -5.63658
0 -6.24275
4 -5.68203
0 -5.87933
0 -6.20767
0 -5.85726
1 -5.71453
1 -5.43761
0 -6.24535
0 -5.83196
0 -5.5483
0 -5.66819
0 -6.03385
0 -6.24513
0 -5.81644
2 -5.60764
0 -5.51804
0 -6.00669
1 -5.67486
0 -6.25746
0 -5.83917
1 -5.6737
0 -5.85296
1 -5.59685
1 -5.78142
0 -6.44748
0 -6.55936
13 -5.71683
0 -5.98795
0 -6.35935
0 -5.92945
1 -5.89045
1 -6.29843
1 -5.84344
0 -6.09537
1 -5.67669
0 -5.77333
0 -6.10246
0 -5.89483
0 -5.88926
9 -5.60094
0 -5.78185
0 -5.99598
0 -6.31121
0 -5.90688
0 -5.98372
0 -6.11645
1 -5.69557
0 -6.17579
0 -5.98159
2 -5.69559
0 -5.7842
0 -5.43066
0 -5.7393
0 -6.3855
0 -5.70277
0 -5.77414
0 -5.45957
7 -5.57322
8 -5.41327
0 -5.9662
0 -6.00496
1 -6.04086
0 -6.17189
0 -6.22788
0 -6.16752
0 -5.85329
0 -5.85272
0 -5.9054
0 -6.19644
0 -5.94785
0 -6.12546
0 -6.12105
0 -6.06233
0 -6.12887
0 -6.18369
0 -6.41026
0 -5.68519
0 -6.08456
2 -5.91063
0 -5.80649
0 -5.93384
0 -5.78873
1 -5.67993
0 -5.69045
0 -5.94006
0 -5.96141
1 -5.79003
0 -5.8402
0 -6.05586
0 -6.08004
0 -6.2481
0 -5.7474
0 -6.07802
0 -5.79074
0 -6.3777
0 -6.44754
0 -6.04276
0 -6.46228
0 -6.36422
0 -5.90747
0 -5.86073
0 -5.94211
0 -5.89452
0 -6.211
0 -6.26962
0 -5.76574
0 -5.85856
0 -6.12524
0 -6.01039
0 -5.65401
0 -5.7174
0 -5.91401
0 -5.58427
0 -6.12489
0 -5.77901
0 -5.98445
0 -6.30057
0 -6.04013
0 -5.80311
0 -6.22199
0 -5.8804
2 -5.63163
0 -6.15235
0 -6.0239
0 -5.93893
0 -5.90057
0 -5.82865
0 -6.39906
0 -6.39704
0 -5.91307
0 -6.183
0 -5.79636
0 -5.95769
0 -5.83316
0 -6.00086
0 -5.91141
0 -5.89456
0 -5.89603
0 -5.9216
0 -6.18686
0 -5.80972
0 -5.93095
0 -5.77959
0 -6.08697
0 -5.80646
1 -5.97079
0 -5.83769
0 -4.43159
0 -4.82882
0 -4.23401
4 -3.9158
0 -4.5571
0 -4.4192
0 -4.49186
3 -2.88492
0 -4.33369
0 -3.03942
0 -4.30296
1 -3.37121
1 -4.28358
0 -4.23225
0 -4.31335
0 -4.41103
24 -4.60719
1 -4.47773
0 -4.34695
0 -4.3601
0 -4.09169
2 -3.58766
1 -4.48671
7 -4.47683
9 -4.49811
1 -0.248657
0 -4.01784
0 -4.15312
0 -4.69137
4 -4.50992
0 -3.94146
0 -4.19212
0 -4.19522
1 -4.38244
1 -2.88064
0 -4.69779
0 -4.44633
11 -2.54509
1 -4.39866
6 -1.16371
0 -4.74752
0 -4.0167
1 -4.37634
0 -4.31897
4 -3.69255
0 -4.29472
0 -4.52648
0 -4.6276
2 -3.01698
5 -1.34708
1 -1.80767
1 -3.92439
0 -4.08128
2 -4.466
1 -4.4592
0 -4.32398
0 -4.42606
0 -4.69454
0 -4.66617
0 -4.22791
5 -4.62516
2 -3.87214
0 -3.97561
1 -4.34611
0 -4.15883
0 -4.36053
1 -4.17347
0 -4.293
3 -4.51073
1 -4.68373
0 -4.71537
0 -4.2318
2 -4.64787
0 -4.25139
0 -4.52919
0 -4.25427
1 -4.15098
1 -3.79158
0 -4.09609
1 -2.92902
0 -4.41422
1 -3.73798
1 -5.14015
0 -5.0594
0 -5.13753
0 -5.07885
0 -4.8023
0 -4.95983
0 -5.08452
0 -4.95991
0 -4.91574
0 -5.07653
0 -5.10542
3 -4.74818
0 -5.1024
0 -5.1084
0 -4.98317
2 -4.95092
0 -5.13611
0 -4.89595
0 -5.14064
0 -4.8821
0 -5.08205
0 -5.07817
0 -5.11674
2 -5.24405
1 -5.11716
0 -5.11334
0 -5.07505
0 -5.10168
0 -4.87301
0 -4.91277
0 -4.75901
0 -4.99997
0 -4.96196
1 -4.88552
0 -4.52343
0 -5.27397
0 -5.14447
1 -4.92515
1 -4.97962
0 -4.99223
0 -5.03607
0 -5.02671
0 -4.89106
0 -5.05074
0 -5.25108
0 -4.77267
0 -4.92078
2 -5.02555
1 -4.80379
0 -5.29634
0 -5.09533
0 -5.10835
0 -4.93908
0 -5.20333
0 -4.81567
0 -5.12952
1 -5.19577
0 -5.0846
0 -5.05458
0 -4.66353
0 -5.13278
0 -4.86444
0 -4.95416
0 -5.20525
0 -5.09175
0 -5.05513
0 -4.66923
0 -5.00845
0 -5.07718
0 -5.07282
0 -4.89835
1 -4.64043
0 -4.9488
0 -5.19554
0 -4.67603
0 -5.12164
0 -4.79738
0 -4.29894
1 -4.98928
0 -5.03097
0 -5.06757
0 -5.11347
0 -5.21916
0 -4.89338
0 -5.08662
0 -5.04561
0 -5.12455
0 -5.05513
0 -5.23655
0 -5.00329
0 -4.84334
3 -5.33137
0 -4.81822
0 -5.08173
0 -5.08234
14 -5.17971
0 -5.05237
0 -5.10838
0 -5.09256
0 -4.8362
0 -4.71478
0 -5.04135
0 -4.77634
0 -4.94094
0 -4.91366
0 -5.03631
0 -4.83576
0 -4.93588
0 -5.15089
1 -5.00877
0 -4.83621
0 -4.86769
0 -5.12005
0 -4.79474
1 -4.82861
0 -5.42553
0 -5.10118
0 -5.32439
0 -5.34771
1 -5.35954
0 -5.65965
0 -5.57422
0 -5.58279
0 -5.76262
0 -5.91609
0 -5.87036
0 -5.46904
0 -5.73219
1 -5.55735
0 -5.44041
0 -5.4298
0 -5.67143
0 -4.94785
0 -5.40197
0 -5.37891
0 -5.90019
0 -5.44382
0 -5.39088
1 -5.25787
1 -5.45043
0 -5.59432
0 -5.39438
0 -5.86658
0 -5.39918
0 -5.27116
0 -5.19904
0 -5.43774
0 -5.4769
0 -5.32757
0 -5.58844
0 -5.7688
0 -5.55037
0 -5.63939
0 -5.51009
0 -5.78568
1 -5.40594
0 -5.9483
0 -5.75204
0 -5.43365
0 -5.3136
0 -5.98427
0 -5.52869
0 -5.48367
0 -5.34903
0 -5.44191
0 -5.8235
0 -5.59027
0 -5.92772
0 -5.33018
0 -5.86168
1 -5.70828
0 -5.29714
0 -5.46193
0 -5.12917
0 -5.31716
0 -4.49611
0 -5.49075
0 -5.38154
0 -5.52891
0 -4.40529
0 -5.42805
0 -5.56976
0 -5.40865
0 -5.60914
0 -5.56185
0 -5.17799
0 -3.71423
0 -5.27842
0 -5.23738
0 -5.25994
0 -5.5456
0 -5.39931
0 -5.29079
0 -5.44698
0 -5.06569
0 -5.16761
0 -5.51679
1 -5.5667
3 -5.49581
0 -5.1355
0 -5.34782
0 -5.30148
0 -5.41708
0 -5.24993
0 -5.51436
0 -5.44594
0 -5.47338
0 -5.4373
0 -5.36069
0 -5.28545
0 -5.31638
0 -5.47998
0 -4.3227
0 -5.62328
0 -5.45381
0 -5.3034
0 -5.37383
0 -5.22548
0 -5.24542
0 -5.4068
0 -5.54069
0 -5.45504
0 -5.45662
0 -5.28898
0 -5.42829
0 -5.40709
0 -5.2094
0 -5.45952
0 -5.4571
0 -5.35815
0 -5.52208
0 -5.33968
0 -5.16339
0 -5.34413
0 -5.47933
0 -5.52987
0 -5.40834
0 -5.47308
0 -5.49633
0 -5.35053
0 -5.25442
0 -5.69405
0 -5.55891
0 -5.26206
0 -5.53838
0 -4.68032
0 -5.69725
0 -5.56094
0 -5.56789
0 -5.39242
0 -4.3175
0 -5.13156
0 -5.43731
0 -5.61665
0 -5.56053
0 -5.37212
0 -5.40336
0 -5.32703
8 -4.42589
1 -5.446
0 -5.32782
0 -5.26388
0 -5.35988
0 -5.25925
0 -5.24217
0 -4.88921
0 -5.26524
0 -5.11028
0 -5.18032
0 -5.06723
0 -5.23111
1 -5.36608
0 -5.45806
1 -5.41265
0 -5.61679
0 -5.60493
0 -5.45325
0 -5.69447
3 -5.63881
4 -5.49822
2 -5.58329
2 -5.5494
1 -5.58708
0 -5.50039
0 -4.5968
11 -4.51582
0 -4.9345
0 -4.56492
0 -4.97502
1 -4.59099
6 -4.43645
0 -4.73424
10 -3.86691
5 -4.86296
1 -4.61737
7 -4.28083
10 -4.80322
5 -4.81932
5 -4.94844
2 -4.33841
1 -4.69345
1 -4.70642
1 -4.9428
3 -4.50742
0 -4.82025
5 -4.47752
0 -4.67553
0 -4.54507
0 -4.40139
0 -4.49994
0 -4.40548
0 -4.39732
0 -3.78047
0 -3.99651
2 -4.05858
0 -4.26776
0 -4.46291
0 -4.00468
0 -4.19182
0 -4.78522
1 -4.96336
0 -3.85927
0 -4.42271
0 -3.97589
1 -4.24195
0 -4.50847
0 -4.10919
0 -4.5466
2 -4.74793
0 -4.77089
1 -3.98703
2 -4.50023
0 -4.31257
0 -4.13503
0 -4.46463
0 -4.40979
0 -4.43916
0 -4.38214
0 -5.21883
0 -5.01208
15 -3.48772
0 -5.10079
0 -5.03431
0 -5.11814
0 -4.98032
0 -5.2028
0 -5.13724
0 -5.21432
0 -5.20023
0 -5.10734
2 -5.09611
1 -5.06648
3 -4.96591
0 -5.3667
0 -5.24549
0 -5.07751
0 -5.19352
0 -4.98158
0 -5.37331
0 -5.27292
0 -5.33336
36 -3.89828
0 -5.22506
0 -5.15435
0 -5.23128
1 -5.07327
0 -5.21308
38 -4.67616
14 -3.90836
0 -5.08888
0 -5.2138
1 -5.1554
0 -5.15193
3 -4.72444
0 -5.09373
1 -5.25987
0 -5.02066
0 -4.8434
65 -3.8567
3 -5.16977
12 -4.36809
4 -4.62977
0 -5.30222
3 -5.37728
0 -5.21317
0 -5.08628
0 -5.17531
0 -5.09081
1 -5.13937
46 -4.85942
3 -4.80243
0 -5.20638
1 -5.03134
3 -4.93764
0 -5.44347
0 -5.29248
0 -5.12648
14 -4.50622
0 -5.05825
0 -5.09104
1 -4.71604
0 -4.4803
0 -4.46835
0 -4.4204
0 -4.45421
0 -4.29071
0 -4.48896
0 -4.42926
0 -4.47464
0 -4.53864
0 -4.5077
0 -4.43557
0 -4.61939
0 -4.49255
0 -4.77989
0 -4.63465
0 -4.68322
0 -4.45518
0 -4.66982
0 -4.31209
0 -4.58306
1 -4.13089
2 -4.56532
1 -4.36099
0 -4.57876
1 -4.62562
0 -4.7362
0 -4.58657
0 -4.66855
0 -4.7986
0 -4.42997
0 -4.69873
0 -4.56415
0 -4.66422
1 -4.76108
1 -4.55448
0 -4.71886
0 -4.33314
0 -4.77324
0 -4.41972
3 -4.54383
0 -4.61391
1 -4.67719
0 -4.44963
0 -4.35665
0 -4.6432
0 -4.40053
0 -4.49165
1 -4.69761
1 -4.21118
0 -4.69265
0 -4.43731
0 -4.61587
0 -4.61435
0 -4.5885
0 -4.40207
0 -4.40365
1 -4.53616
0 -4.54487
8 -4.51289
0 -4.38382
0 -4.3206
1 -4.64327
0 -4.74217
0 -4.5585
0 -4.9086
1 -4.74243
1 -4.77023
0 -4.47194
0 -4.72408
0 -4.5877
0 -4.60134
0 -4.81949
0 -4.59813
0 -4.38144
2 -4.641
0 -4.41659
0 -4.19086
0 -4.7276
0 -4.72707
1 -4.576
0 -4.44038
0 -4.55131
2 -4.6857
0 -4.68721
0 -4.67754
0 -4.40817
0 -4.3262
0 -4.35472
3 -4.55053
0 -4.64108
5 -4.78299
0 -4.6009
0 -4.47865
0 -4.43515
0 -4.66774
1 -4.52691
0 -4.61674
0 -4.71591
0 -4.33511
0 -5.81245
0 -6.05724
0 -5.61868
0 -6.18437
0 -5.82684
0 -6.03005
0 -6.0842
0 -6.18248
0 -6.19394
0 -5.84147
0 -6.0856
0 -5.77537
0 -5.9963
0 -5.90838
0 -6.00976
0 -5.80787
0 -6.25483
0 -5.75729
0 -5.79991
0 -5.95458
0 -5.9406
0 -5.95824
0 -6.17397
0 -5.85345
0 -5.77652
0 -5.97965
0 -6.05587
0 -6.06276
0 -6.04628
0 -6.04788
0 -6.3049
0 -6.1829
0 -6.15458
0 -5.99225
0 -6.10565
0 -5.9955
0 -5.57706
0 -5.94644
0 -5.82086
0 -5.19037
0 -5.92899
0 -6.01838
0 -6.05223
0 -6.12113
0 -6.17396
0 -5.97938
0 -6.12682
0 -4.96247
0 -5.20008
0 -5.18168
2 -5.23215
0 -4.9325
0 -5.2593
2 -4.93419
0 -5.05972
1 -5.16451
0 -4.98467
0 -5.13208
2 -5.11881
0 -5.06079
0 -5.07842
0 -5.06232
0 -5.05239
0 -5.15375
3 -4.93392
1 -5.18169
0 -5.26374
0 -5.18154
1 -5.22168
0 -5.11128
0 -5.03022
8 -4.96791
0 -5.3404
1 -5.01425
0 -5.25926
3 -5.12088
0 -4.97271
3 -5.0297
1 -5.23217
0 -5.07602
0 -5.03552
0 -5.20687
0 -5.06578
0 -4.99535
0 -5.0535
0 -5.18896
0 -4.96186
0 -4.94774
2 -5.13524
0 -5.27928
1 -4.89032
2 -5.1219
1 -5.14807
6 -5.22161
1 -5.21298
0 -5.10917
5 -5.06001
1 -5.09046
0 -5.20835
0 -4.87166
2 -5.22814
0 -5.11004
0 -4.99815
3 -5.05489
1 -5.03353
0 -5.03857
1 -5.04077
0 -4.97291
1 -5.24819
0 -5.17817
0 -4.99235
1 -5.03002
0 -4.93284
0 -5.13995
0 -5.0682
0 -5.22407
3 -5.12812
2 -4.98901
0 -5.27435
1 -4.94599
0 -5.19109
1 -5.22192
1 -5.02766
1 -4.98964
1 -5.1028
2 -5.03765
0 -5.1142
1 -5.20629
0 -4.66811
2 -5.14525
0 -4.91882
1 -5.12592
0 -5.23819
0 -5.30248
0 -5.16669
0 -5.02532
0 -5.01303
0 -4.90755
0 -3.912
0 -4.82817
0 -4.29424
0 -4.81162
0 -4.83426
0 -4.70455
3 -4.97535
3 -4.81966
0 -5.15023
0 -4.67788
0 -4.49787
5 -5.04805
0 -4.9359
1 -4.27733
1 -4.86898
0 -4.8194
0 -5.45529
1 -5.13137
0 -4.74804
1 -5.20416
0 -4.9388
0 -4.86561
0 -5.0886
0 -4.8513
0 -4.79808
2 -4.88911
0 -4.91321
0 -4.63802
0 -4.22474
0 -3.71394
0 -5.0329
0 -4.95939
1 -4.58068
0 -4.57881
0 -4.9052
0 -4.45367
0 -5.10854
0 -4.97505
0 -4.58254
0 -4.93717
0 -4.81152
0 -4.99824
3 -5.00365
0 -4.68806
0 -5.02103
0 -4.62033
0 -4.21635
0 -5.08249
0 -4.92491
0 -4.7284
0 -5.24452
0 -4.86914
0 -5.19789
0 -5.00651
0 -5.25845
0 -4.95284
19 -4.83142
0 -4.21851
2 -5.11381
1 -5.34458
0 -5.32609
1 -5.07565
0 -4.99838
0 -4.29131
4 -5.01307
2 -4.94547
0 -5.03014
1 -4.57581
1 -4.82381
23 -4.34008
1 -5.3027
0 -4.91946
0 -5.30733
0 -4.81885
0 -4.46872
0 -4.46235
17 -5.07226
2 -5.23012
4 -5.35123
0 -4.66376
1 -4.62934
0 -5.01913
0 -4.96976
0 -4.5269
1 -4.21508
0 -4.29264
0 -3.51627
0 -4.81594
1 -4.06616
0 -5.40766
0 -5.20675
1 -5.21608
0 -4.82803
0 -5.34142
0 -5.05039
0 -5.55318
0 -4.43606
0 -5.64484
0 -5.14642
0 -5.53258
0 -5.41039
1 -5.54749
0 -4.73782
1 -5.23801
0 -5.32341
0 -5.06774
0 -5.51214
0 -5.56329
0 -5.10822
2 -5.0344
0 -5.08219
0 -5.12871
0 -5.06225
0 -5.3252
3 -5.15879
0 -5.09343
0 -5.41585
0 -4.61696
0 -5.32974
0 -5.43122
0 -5.21126
0 -5.4319
2 -5.17179
0 -5.32905
0 -5.15879
0 -4.89691
3 -4.91856
0 -4.99308
0 -5.00154
0 -5.03548
0 -4.77535
0 -4.92902
0 -5.1045
1 -4.8983
1 -5.07517
0 -4.89439
0 -5.05428
1 -4.86317
0 -4.87772
2 -4.92363
0 -5.02997
0 -4.88709
0 -4.96274
0 -4.98333
0 -4.96233
0 -4.95345
0 -4.94559
1 -4.74124
0 -5.10951
0 -5.02702
0 -4.71313
0 -4.9736
1 -5.00487
0 -4.878
0 -4.88947
1 -5.01531
0 -4.79767
1 -4.89945
0 -4.92478
1 -5.04162
2 -4.84352
0 -5.01067
0 -4.8302
5 -4.72626
3 -4.95316
1 -5.12674
0 -5.00651
0 -4.97563
0 -4.93015
3 -4.82622
7 -4.82385
0 -5.01993
0 -4.81916
0 -5.01679
0 -4.96008
1 -4.29286
0 -4.90315
0 -4.99054
0 -4.92888
0 -5.01327
0 -4.86609
0 -4.85257
0 -5.09011
0 -5.07143
0 -5.03294
0 -5.03741
0 -5.18249
0 -4.98708
0 -5.03561
3 -4.9973
0 -5.02281
2 -4.9053
2 -5.28674
1 -5.24849
0 -5.30839
3 -4.97617
2 -5.27612
0 -4.4909
6 -4.6268
0 -4.42693
4 -4.53675
1 -4.46802
0 -4.54374
5 -4.55625
1 -4.6638
1 -4.38598
6 -4.46013
0 -4.67761
0 -4.70003
2 -4.50347
0 -4.36801
2 -4.47605
2 -4.49997
1 -4.5228
1 -4.70289
0 -4.44647
0 -4.62216
3 -4.56394
0 -4.51246
10 -4.46511
0 -4.45823
0 -4.4116
2 -4.65805
0 -4.19121
3 -4.64224
1 -4.66097
4 -4.60238
0 -4.47141
5 -4.58446
0 -4.46288
0 -4.45508
0 -4.49889
1 -4.60487
4 -4.30791
1 -4.44709
1 -4.52894
8 -4.67353
0 -4.36708
5 -4.63702
1 -4.5953
0 -4.72651
0 -4.35056
2 -4.79598
0 -5.64805
0 -5.87047
0 -4.33446
0 -5.5528
0 -5.76638
0 -5.99586
0 -5.59465
0 -56.8118
0 -5.85334
0 -5.94118
0 -5.29944
0 -5.70988
0 -5.6419
0 -5.85055
0 -5.24455
0 -5.5459
0 -5.76308
0 -5.64846
0 -5.84908
0 -5.25052
0 -5.59834
0 -5.94298
0 -5.79865
0 -5.89543
0 -5.81502
0 -5.44913
0 -5.74666
0 -5.73846
0 -5.84392
0 -5.719
0 -5.80313
0 -5.96614
0 -5.62046
0 -5.83394
0 -5.18156
0 -5.5871
0 -5.68074
0 -5.70446
0 -5.73577
0 -5.48337
0 -5.91605
0 -5.47277
0 -5.67567
0 -5.88991
0 -5.74494
0 -6.00812
0 -5.13231
0 -5.70404
0 -5.8396
0 -5.7916
0 -5.75928
0 -5.82174
0 -5.92674
0 -5.58673
0 -5.6895
0 -4.08653
0 -5.95182
0 -5.91481
0 -5.97306
0 -3.87935
0 -4.67564
0 -5.73301
0 -5.76593
0 -5.82867
0 -5.67942
0 -56.7352
0 -4.42781
0 -4.33115
2 -4.46859
0 -4.21022
0 -4.36034
3 -3.96504
0 -4.28017
0 -4.39351
1 -4.4625
0 -4.27656
0 -4.621
0 -4.36816
0 -4.47051
0 -4.36827
0 -4.26484
0 -4.39752
1 -4.26533
0 -4.4079
6 -4.55328
0 -4.28487
0 -4.42244
2 -4.57522
2 -4.47939
1 -4.34173
1 -4.30898
0 -4.30535
2 -4.5277
1 -4.31575
0 -4.37548
3 -4.54655
0 -4.07144
1 -4.31687
12 -4.11327
0 -4.26521
1 -4.31485
0 -4.26316
0 -4.54168
0 -4.2585
0 -4.43225
1 -4.51695
0 -4.44891
0 -4.41875
1 -4.45953
0 -4.40339
0 -4.36383
0 -4.08568
1 -4.48179
0 -4.36166
0 -4.32088
4 -4.2933
0 -4.28726
1 -4.37563
0 -4.39424
1 -4.36419
0 -4.1613
0 -4.25873
2 -4.37193
1 -4.20141
0 -4.40702
0 -4.44227
0 -4.20221
0 -4.36884
0 -4.69174
0 -4.39139
0 -4.3704
0 -4.55004
0 -4.39642
0 -4.47535
0 -4.4797
1 -4.08297
1 -4.46687
0 -4.34447
0 -4.45636
0 -4.6378
7 -4.59331
0 -4.41397
0 -4.11075
0 -4.33136
35 -3.98407
0 -4.52464
0 -4.5629
0 -4.43739
0 -4.7058
2 -4.4009
0 -4.50932
0 -4.37752
0 -4.28951
0 -4.21156
0 -4.31924
1 -4.45724
0 -4.27057
1 -4.53337
0 -4.37221
1 -4.64496
2 -4.72592
3 -4.33563
1 -4.09514
9 -4.34131
0 -3.62983
0 -4.76232
0 -4.80539
1 -3.52919
0 -4.20177
0 -4.10532
0 -4.36093
2 -4.1276
0 -4.53893
0 -3.52642
6 -4.35984
14 -3.71163
0 -4.31839
0 -4.51937
0 -4.41683
9 -4.37027
2 -3.94387
5 -4.12432
0 -4.04599
0 -4.41754
0 -2.21178
0 -4.42092
2 -4.20301
1 -4.39202
0 -3.90575
1 -3.57854
1 -4.5351
89 -0.929374
1 -4.27102
0 -4.85444
2 -4.56441
0 -4.30123
3 -4.00275
3 -4.28061
0 -4.49653
1 -4.84068
0 -3.94391
0 -4.35472
0 -4.34467
30 -4.49776
0 -4.44082
0 -4.04388
1 -4.28844
0 -4.32179
0 -4.12328
0 -4.63957
2 -4.57535
0 -4.23084
0 -3.9683
0 -3.8153
0 -3.8244
0 -3.20913
0 -4.56568
61 -3.93732
0 -3.9295
0 -4.2124
0 -4.53135
14 -4.5501
2 -3.84932
0 -4.11726
0 -3.02181
0 -4.69749
0 -3.40169
0 -4.46795
5 -3.85526
0 -3.51894
4 -4.41774
6 -3.42476
0 -4.49215
0 -4.11872
0 -4.57524
0 -4.16827
0 -4.28345
0 -3.97278
0 -4.26857
14 -3.84591
0 -4.41887
0 -4.41902
0 -3.28861
0 -4.10218
9 -3.85449
0 -4.17214
1 -4.3947
0 -4.33499
0 -3.67732
0 -3.7086
1 -4.7708
1 -4.63149
9 -4.41169
0 -4.26955
3 -4.11009
0 -4.06435
0 -4.20528
0 -4.38625
0 -4.49437
0 -4.64931
1 -4.41093
65 -3.65067
0 -4.46689
0 -5.02495
0 -4.32583
3 -4.14581
1 -4.74966
3 -4.36042
211 -1.83283
1 -4.31243
0 -4.17995
0 -4.66048
0 -4.43248
0 -4.33585
1 -4.02857
0 -3.26575
1 -4.44905
0 -4.72632
0 -4.41841
0 -4.70889
0 -3.89091
3 -4.36857
0 -3.99141
6 -4.05372
0 -3.02512
3 -3.22498
4 -4.44694
0 -4.35336
0 -3.69334
2 -4.38317
0 -4.43719
0 -2.44487
0 -4.48114
0 -4.38149
0 -4.25376
0 -4.54246
0 -3.33337
1 -3.28249
0 -4.22783
0 -4.55988
0 -4.09235
0 -4.384
0 -3.47888
0 -3.66262
0 -4.22865
1 -4.3124
3 -4.14418
0 -4.33611
0 -4.58889
1 -3.76653
0 -4.50497
4 -4.31646
0 -3.96614
1 -4.11989
1 -4.20139
0 -3.87396
0 -4.21041
1 -4.35769
1 -3.96561
0 -4.50512
0 -3.64817
5 -2.85305
0 -3.84911
0 -4.00172
7 -4.20985
0 -4.22517
0 -4.27211
0 -4.16237
0 -4.72457
8 -4.32048
0 -4.39919
0 -4.44817
0 -4.41886
1 -4.26828
1 -4.26118
1 -4.3228
0 -4.11064
24 -3.43046
0 -4.53295
0 -4.86601
2 -4.35885
0 -4.51972
1 -4.4504
2 -4.66787
0 -4.17918
1 -3.62656
4 -4.33239
2 -4.50145
0 -3.43647
2 -4.37898
1 -4.86309
0 -4.01772
0 -4.06814
0 -4.48153
0 -3.50423
0 -3.62048
0 -5.03033
0 -4.22702
3 -4.48113
0 -4.24596
0 -4.37339
0 -4.47169
0 -4.21824
1 -4.26796
6 -3.56503
0 -4.18306
0 -3.9638
3 -4.17462
0 -4.55407
0 -4.27289
0 -4.56067
16 -4.33174
0 -4.47361
12 -1.75557
0 -4.51717
0 -4.25808
0 -4.43307
0 -3.93885
0 -4.36469
34 -4.25775
5 -4.4573
0 -3.57475
0 -4.07673
0 -4.55653
0 -4.17609
2 -4.3047
25 -4.04105
2 -4.39241
1 -4.35066
4 -4.41656
0 -3.83317
0 -3.44852
0 -3.22315
0 -4.38458
3 -3.74102
2 -4.40475
1 -4.05474
0 -3.98956
0 -4.28188
4 -2.97874
0 -3.85288
0 -4.61136
2 -4.70997
1 -4.46375
8 -1.92205
13 -4.41012
2 -3.87951
0 -3.97689
0 -4.6823
2 -4.38786
0 -4.08525
0 -4.52568
1 -2.44819
0 -2.92767
0 -5.01603
0 -5.28201
0 -5.17629
0 -4.89505
0 -5.1967
0 -5.18508
0 -5.01134
0 -4.83364
0 -4.99051
0 -4.88941
0 -5.04525
0 -5.11331
0 -4.94631
0 -5.1966
0 -5.24236
0 -4.91807
0 -5.60182
7 -4.83566
0 -4.364
0 -5.1031
0 -4.85647
0 -5.35518
0 -5.39203
0 -5.15908
1 -5.19697
0 -5.26183
0 -4.86307
0 -4.91307
3 -5.14041
0 -5.54031
1 -5.2208
0 -5.60705
0 -5.50811
0 -5.60238
0 -4.60409
0 -5.51204
0 -5.46291
0 -5.50346
0 -5.50092
0 -5.38995
0 -5.66175
0 -5.41121
0 -5.49936
0 -4.39441
1 -5.00497
0 -4.88652
0 -4.92225
0 -4.35716
0 -4.50256
0 -4.66711
0 -4.14721
0 -4.49901
0 -4.68588
0 -4.71998
0 -4.56454
0 -4.27997
0 -4.67784
0 -4.63182
0 -4.71023
1 -4.1102
0 -4.40853
0 -4.55296
0 -4.19901
0 -4.46
0 -4.66849
0 -4.57243
0 -4.80397
0 -4.69886
1 -4.57949
0 -4.70508
1 -4.24824
0 -4.60251
0 -4.36963
0 -4.74668
0 -4.82311
1 -4.42883
0 -4.49787
1 -4.44351
0 -4.72841
0 -4.67592
0 -4.55885
0 -4.51058
0 -4.28507
0 -4.62797
0 -4.65236
1 -4.58701
0 -4.92654
1 -4.34491
0 -4.42765
0 -4.18797
0 -4.46626
1 -4.35817
0 -4.84508
2 -5.1302
1 -5.01149
0 -5.26154
0 -5.03316
0 -4.61005
0 -5.0836
1 -4.94441
0 -5.07731
0 -5.14458
0 -5.01508
0 -4.96432
0 -5.0011
0 -5.01013
2 -4.70625
0 -5.05762
1 -4.45424
2 -5.18208
1 -5.05458
2 -4.97397
0 -4.97422
0 -5.01388
4 -5.34421
0 -5.29593
0 -4.85808
2 -5.22182
0 -5.12797
0 -4.61174
0 -4.74746
0 -5.2132
1 -4.96403
3 -4.95663
3 -5.28665
0 -4.81266
0 -5.31895
0 -4.97201
0 -5.35154
0 -4.05301
0 -4.92036
0 -5.14618
0 -5.25423
0 -4.75193
0 -5.10682
0 -5.06661
0 -5.06356
2 -5.29087
2 -5.13482
3 -4.965
0 -4.45727
0 -5.03956
0 -5.05719
2 -5.15012
1 -4.91687
2 -5.1868
0 -5.07793
0 -4.96678
1 -4.73469
6 -5.20938
0 -5.20417
0 -4.37974
0 -4.97893
0 -5.09767
0 -5.1063
0 -4.95305
0 -4.99237
0 -4.92243
0 -5.02112
0 -5.09737
0 -4.18302
0 -4.71471
0 -4.77022
0 -5.07177
0 -5.26959
0 -5.14098
0 -4.69172
3 -5.12199
0 -5.30549
0 -5.04514
0 -5.12266
0 -4.72096
5 -5.167
0 -5.06656
0 -5.18284
0 -4.85414
1 -5.02015
0 -5.09656
0 -5.19916
0 -4.64685
1 -4.7094
0 -4.42295
0 -5.30931
0 -4.7968
0 -4.90397
4 -5.30775
1 -5.36958
0 -4.96636
0 -4.9636
0 -4.85492
0 -5.24816
3 -4.61207
0 -4.83575
0 -4.80704
1 -4.81062
1 -4.89081
1 -5.15451
0 -4.78025
1 -3.91307
2 -4.75661
0 -4.41131
0 -4.67532
1 -4.54518
0 -4.18378
0 -4.79277
0 -4.78117
0 -4.47472
0 -4.6115
2 -4.82917
0 -4.68819
0 -4.37207
0 -4.37724
0 -4.73448
2 -5.11096
1 -5.05618
1 -5.13375
1 -4.98519
1 -5.10719
1 -5.03396
1 -5.08314
5 -4.95332
0 -4.7862
0 -4.98034
1 -5.00585
0 -4.85474
1 -4.99599
1 -4.89636
0 -5.02177
2 -5.06092
1 -4.98715
0 -5.03041
0 -5.40718
0 -5.69415
0 -4.99645
0 -5.10815
2 -5.23285
0 -5.40093
0 -5.07658
0 -5.36284
0 -5.35852
0 -5.21221
0 -5.29086
1 -4.82252
0 -5.88934
0 -4.83373
2 -4.87704
0 -5.48526
0 -5.17318
0 -5.46033
0 -5.09238
0 -5.72374
0 -4.86054
0 -5.21676
0 -4.96199
0 -5.46731
2 -5.27472
0 -6.03238
0 -4.93473
0 -4.82291
6 -4.9992
4 -5.81101
0 -5.62562
1 -5.41834
0 -4.95863
0 -5.59777
0 -5.08522
0 -5.51843
0 -5.03134
0 -4.653
1 -5.05448
1 -4.54732
0 -4.71928
0 -4.94487
2 -4.88525
0 -4.72359
0 -4.55768
0 -4.81599
0 -4.59804
0 -4.80765
0 -4.82455
0 -4.6922
1 -4.8311
0 -4.99387
0 -4.90948
0 -4.88905
0 -4.85063
1 -5.08136
1 -4.80253
0 -4.90174
0 -4.57881
0 -4.4659
0 -4.37246
0 -4.86652
0 -4.90527
1 -4.81761
0 -4.53141
0 -4.97062
0 -4.39755
1 -4.86351
0 -4.83829
0 -4.91592
0 -4.72309
0 -5.04215
0 -4.75477
0 -4.83003
0 -4.67395
0 -4.67653
2 -4.92721
1 -4.62
0 -4.64719
0 -4.8164
0 -4.76727
0 -4.48981
0 -4.76573
0 -4.71252
0 -5.04697
0 -4.65104
0 -4.77886
0 -4.47621
0 -4.97467
0 -4.70591
0 -4.85525
1 -4.4566
0 -5.73353
0 -6.05195
0 -5.9114
0 -6.14012
2 -5.93367
0 -5.80196
0 -5.96136
0 -5.90055
0 -5.92293
0 -5.88122
0 -5.78916
0 -5.7306
0 -5.70001
0 -5.76455
0 -6.13818
0 -6.08076
0 -5.86918
0 -5.88575
0 -6.2921
0 -5.77885
0 -6.04934
0 -5.72469
0 -5.75968
0 -5.77668
1 -5.74851
0 -6.17871
0 -5.93824
0 -5.76751
0 -5.8096
3 -5.705
0 -5.97364
0 -5.76177
0 -5.68427
0 -6.09107
0 -6.06152
0 -5.96434
0 -5.92205
0 -6.47667
0 -5.76729
0 -5.53941
5 -5.5161
0 -5.82164
1 -6.20304
0 -6.09558
2 -5.96191
0 -5.96964
0 -5.84934
0 -5.8728
0 -5.90257
0 -5.92915
0 -5.97047
0 -6.01717
0 -5.74723
0 -5.71858
0 -5.87003
0 -5.96759
0 -5.78643
0 -5.91073
0 -6.08003
0 -5.83371
0 -5.90573
1 -5.81882
0 -5.6563
0 -6.26955
0 -5.6195
0 -5.97635
1 -5.88993
2 -5.86472
0 -6.01575
0 -5.73296
3 -5.87742
1 -5.94521
0 -5.25044
0 -5.28824
0 -5.66879
0 -5.15484
0 -5.37663
0 -5.62452
1 -5.19768
0 -5.31173
0 -5.32028
0 -5.52618
0 -5.31809
0 -5.63959
0 -5.49558
0 -5.42596
1 -5.35875
0 -5.30319
0 -5.59217
0 -5.68521
1 -5.55815
0 -5.50157
0 -5.50279
0 -5.36263
0 -5.61077
8 -4.42147
0 -5.22959
0 -5.0917
2 -4.99823
0 -5.22656
0 -4.73668
2 -4.75238
0 -4.55735
2 -5.09025
9 -4.44296
0 -4.78339
0 -4.92243
6 -3.87506
0 -4.78546
3 -4.47492
10 -4.75775
0 -4.75314
4 -5.28921
77 -4.285
1 -4.56747
0 -5.03333
0 -5.03095
0 -4.66846
8 -4.78262
0 -5.21462
0 -5.43854
2 -4.9608
0 -4.8711
3 -5.07469
38 -4.59631
7 -5.10327
0 -5.25738
5 -4.49576
7 -5.0151
1 -4.85686
12 -4.3055
12 -4.88202
2 -4.65266
3 -5.43731
1 -4.57053
2 -5.02658
13 -4.28416
5 -4.81193
1 -5.12115
0 -5.1974
0 -5.10966
5 -4.85953
4 -4.89133
4 -4.67494
1 -5.04111
0 -4.85072
0 -5.09541
5 -4.32361
0 -5.36933
5 -5.05361
1 -4.89857
0 -4.93564
5 -4.73155
0 -4.92826
3 -4.94198
0 -4.84311
0 -4.65341
0 -4.51969
3 -4.99991
0 -5.10049
0 -5.0151
0 -5.05394
0 -4.32821
0 -4.26121
0 -4.8145
0 -5.3231
0 -4.95596
2 -4.6333
0 -4.94989
3 -5.13886
2 -4.92856
0 -5.09005
1 -5.25721
0 -5.29623
0 -4.90265
0 -4.996
0 -5.251
0 -5.09979
0 -4.98565
0 -4.7173
0 -4.94592
2 -5.04751
0 -5.1467
0 -4.85285
0 -4.76395
0 -4.97086
0 -5.27128
0 -4.63321
0 -4.95745
0 -5.01177
0 -5.10273
0 -4.86479
0 -5.21446
0 -4.92327
0 -4.91459
0 -4.80807
0 -4.51752
0 -5.0193
0 -5.41579
0 -4.90345
0 -5.05274
0 -3.99814
0 -4.81867
0 -5.06146
0 -4.73075
0 -5.27381
0 -4.49905
0 -4.72147
0 -4.99305
0 -4.90336
0 -5.18066
0 -5.41416
0 -4.99622
1 -4.92309
0 -4.92124
8 -4.90266
5 -4.98543
0 -5.15897
2 -5.2117
3 -4.94991
7 -5.21687
0 -5.19183
0 -5.16715
