1 -5.14344
2 -5.04421
0 -5.09434
2 -4.88207
0 -4.76596
2 -5.03121
0 -4.96744
0 -4.67359
0 -4.89508
2 -5.08741
0 -5.09959
0 -5.14386
0 -4.956
0 -4.36412
0 -5.03975
0 -5.05208
0 -5.011
0 -5.05277
1 -5.01341
0 -4.76206
0 -5.01047
0 -4.88662
0 -4.96008
4 -4.94302
0 -4.95917
0 -4.93278
0 -4.9566
2 -5.16974
1 -4.82472
1 -5.12861
0 -5.03094
1 -4.87619
0 -4.82017
0 -4.73251
0 -4.99533
0 -4.81313
0 -4.91179
0 -5.06693
28 -4.9938
0 -5.01977
0 -4.96669
3 -4.68748
2 -5.07951
0 -4.97776
0 -4.77882
0 -4.86609
4 -5.06512
0 -5.0256
0 -5.02265
0 -4.85657
4 -4.70565
0 -4.94948
1 -4.96242
3 -5.02825
15 -4.88226
0 -4.8296
0 -4.82398
0 -4.91322
0 -5.08106
0 -4.99551
3 -5.09559
2 -5.13907
0 -4.70768
1 -5.10215
1 -5.07205
1 -5.00469
2 -5.00267
0 -5.00023
0 -4.76705
0 -4.8438
2 -4.56791
2 -4.62526
0 -4.75374
0 -4.47453
16 -4.48534
36 -3.87351
0 -4.68671
0 -4.53397
1 -4.66761
2 -4.61516
5 -4.14546
0 -4.606
0 -4.09691
0 -4.66022
19 -4.42275
0 -4.80732
4 -4.46108
0 -4.57608
0 -4.66109
0 -4.67741
0 -3.90444
0 -4.60653
0 -4.47137
0 -3.95172
1 -3.68611
0 -4.4873
1 -4.33053
8 -4.30005
0 -4.8797
4 -4.31388
0 -4.78844
0 -4.6049
0 -4.37296
1 -4.51327
7 -4.25065
2 -4.80041
0 -4.49972
0 -4.59468
0 -4.48282
4 -4.55349
1 -4.57888
3 -4.2481
137 -3.44749
0 -4.1421
0 -4.63666
1 -4.92611
0 -4.18323
12 -4.11969
2 -4.10179
18 -4.2334
1 -4.51279
5 -4.37829
3 -4.34529
3 -4.44407
6 -4.56203
7 -4.3973
2 -4.84129
0 -4.66677
4 -4.36296
0 -4.44563
0 -4.53497
1 -4.50078
0 -4.5529
3 -4.41153
0 -4.76624
0 -4.90444
0 -4.83171
2 -4.37469
0 -4.32836
2 -4.46361
0 -4.4876
0 -4.88643
1 -4.78211
2 -4.81602
5 -4.8994
0 -4.62559
1 -4.62444
1 -4.80916
0 -4.83258
0 -4.59376
0 -4.44608
0 -4.67599
4 -4.57
0 -4.66313
3 -4.88467
0 -4.53604
1 -4.70046
0 -4.28415
7 -4.8233
2 -4.92505
0 -4.46462
5 -4.58318
0 -4.84745
1 -4.84669
2 -4.94915
5 -4.77798
0 -4.4231
10 -4.58556
1 -4.45242
25 -4.81069
0 -4.5149
2 -4.37405
2 -5.16401
0 -4.48057
11 -4.95152
0 -4.75353
0 -4.48623
0 -4.94213
1 -4.79966
0 -4.47517
15 -4.61349
0 -4.66377
1 -4.57797
0 -4.53037
0 -4.86569
1 -4.54442
0 -4.11227
2 -4.74355
1 -4.94393
1 -4.48607
2 -4.28545
4 -4.71906
7 -4.98915
1 -4.84488
7 -4.92366
1 -4.90568
34 -4.59251
2 -4.65465
0 -4.96969
1 -4.51321
3 -4.81535
2 -4.48549
0 -4.71763
32 -4.62764
8 -4.73613
17 -4.65941
1 -4.74954
0 -4.81107
1 -4.96799
0 -4.95483
1 -4.82018
25 -4.96179
2 -4.91688
0 -4.58959
7 -4.85165
0 -4.82855
0 -4.45924
1 -4.63434
0 -4.51083
0 -4.61625
0 -4.9245
1 -4.81236
0 -4.51191
4 -4.70825
0 -4.77336
3 -4.55404
0 -4.99049
1 -4.04575
0 -4.55046
1 -4.75969
0 -4.87557
0 -4.35121
0 -4.57363
3 -4.91123
0 -4.47762
0 -4.73911
0 -4.5232
1 -4.54232
0 -4.89631
0 -4.59268
0 -4.88048
1 -4.67745
7 -4.77404
6 -4.94183
1 -4.98134
0 -4.90285
6 -4.98874
0 -4.74378
1 -4.83187
2 -4.52381
2 -4.80687
1 -4.75784
1 -4.66476
1 -4.8697
0 -4.46524
0 -4.62308
0 -4.62229
4 -4.87954
1 -4.80934
0 -4.57632
0 -4.58722
0 -4.4617
3 -4.76728
1 -4.74858
0 -4.55121
3 -4.53064
0 -4.6232
0 -4.72062
6 -4.31698
0 -4.54422
0 -4.6156
0 -4.57614
0 -4.58232
1 -4.52459
2 -4.09921
1 -4.74603
0 -4.5342
6 -4.86079
0 -4.43929
0 -4.67178
0 -4.73707
5 -4.77151
2 -4.86937
7 -4.91134
0 -4.46358
0 -4.83863
1 -4.79763
1 -4.46005
0 -4.69455
1 -4.41139
1 -4.86851
4 -4.63218
0 -4.43246
0 -4.96895
1 -4.71346
0 -4.56978
1 -5.74265
0 -5.47811
1 -5.31051
0 -5.4728
0 -5.34436
0 -5.39366
0 -5.57808
0 -5.38896
0 -5.47044
0 -5.39883
0 -5.27981
0 -5.56031
0 -5.55648
0 -5.37714
1 -4.9356
0 -4.97697
0 -5.35425
0 -5.33868
0 -5.46942
0 -5.26346
0 -5.43394
0 -5.55572
0 -5.335
0 -5.48005
0 -5.74557
0 -5.33626
1 -5.51605
0 -5.51475
0 -5.45337
0 -5.48577
0 -5.41322
1 -5.51801
2 -6.61463
0 -5.35885
0 -5.37577
0 -5.21943
1 -5.60281
0 -5.18049
0 -5.08133
0 -5.22935
0 -5.41227
0 -5.52381
0 -5.35374
0 -5.75979
0 -5.06962
1 -5.55307
0 -5.67283
0 -5.73754
0 -5.82747
0 -5.61977
0 -5.9896
0 -5.58774
0 -5.61807
1 -5.669
0 -5.54442
0 -5.49805
0 -5.59996
0 -5.66382
64 -5.2282
1 -5.48626
0 -5.52456
0 -5.72765
0 -5.75226
0 -5.6373
15 -5.55542
0 -5.55708
0 -5.36158
1 -5.58269
0 -5.51407
0 -5.77037
0 -5.42357
0 -5.76385
0 -5.19816
0 -5.62489
0 -5.81787
1 -5.51303
0 -5.74221
0 -5.20523
0 -5.76173
0 -5.96929
0 -5.62808
0 -5.26473
0 -5.48478
0 -5.49459
0 -5.62201
0 -5.99678
0 -5.28229
10 -5.58214
0 -5.7059
1 -5.7981
0 -5.83247
12 -5.70196
0 -5.78433
0 -5.45763
1 -5.87312
0 -5.76628
0 -5.72937
0 -5.73249
10 -5.84597
0 -5.78758
7 -5.70905
1 -5.58955
2 -5.58585
0 -5.52344
0 -5.82122
0 -5.70688
0 -5.32418
0 -5.70596
0 -5.84878
0 -5.69585
0 -5.57206
0 -5.70129
0 -5.73665
1 -5.84786
0 -5.8294
0 -5.43281
0 -5.77579
0 -5.59141
0 -5.40426
0 -5.04363
0 -5.81568
0 -5.55984
0 -5.49309
1 -5.82224
1 -5.48429
0 -5.36918
0 -5.75492
0 -5.75712
0 -5.62408
2 -5.6095
0 -5.83294
0 -5.97554
1 -5.81441
0 -5.27287
0 -5.62219
0 -5.4345
0 -5.79856
0 -5.55854
0 -5.4412
1 -5.37386
0 -5.88483
11 -5.64361
2 -5.39268
3 -5.73159
0 -5.86826
0 -5.54266
4 -5.69885
0 -5.37036
0 -5.62279
1 -5.53813
0 -5.56599
0 -5.31022
0 -5.50278
0 -5.48995
0 -5.36267
0 -5.40539
2 -5.38315
0 -5.13242
0 -5.22564
0 -5.43783
2 -5.33377
1 -5.78173
0 -5.49473
0 -5.32549
0 -5.63784
1 -5.44628
3 -5.33008
0 -5.47818
0 -5.40459
0 -5.61017
0 -5.32239
0 -5.5468
0 -5.34218
7 -5.61422
0 -5.69624
0 -5.22811
0 -5.5851
1 -5.45771
1 -5.55882
0 -5.64416
0 -5.3705
4 -5.60708
0 -5.5075
0 -5.36653
0 -5.34787
1 -5.50075
1 -5.23949
0 -5.6386
0 -5.61804
5 -5.34241
2 -5.61858
0 -5.35148
2 -5.49665
9 -5.3552
0 -5.62892
0 -5.26329
0 -5.60651
1 -5.31083
1 -5.50458
1 -5.45836
0 -5.51225
1 -5.58649
0 -5.28432
1 -5.24471
0 -5.30964
0 -5.40798
0 -5.19819
0 -5.28449
2 -5.60132
0 -5.28673
1 -5.52151
1 -5.46363
0 -5.44754
1 -5.31371
0 -5.56319
0 -5.62925
0 -5.30847
1 -5.35931
0 -5.15865
0 -5.61064
0 -5.69879
0 -5.31635
0 -5.19189
1 -5.41291
0 -5.51526
0 -5.51476
0 -5.27318
0 -5.46467
1 -5.35786
0 -5.62665
0 -5.52331
0 -5.3358
0 -5.26129
0 -5.46492
0 -5.66323
1 -5.53558
0 -5.69352
0 -5.8378
0 -5.84895
0 -5.93779
0 -5.76006
0 -5.92402
0 -6.05476
0 -6.07362
0 -5.91916
0 -6.11017
0 -6.0283
0 -5.70109
1 -5.9951
0 -5.87076
0 -5.92038
0 -5.89061
0 -5.98696
0 -6.10249
0 -5.91349
0 -6.05229
0 -5.80009
0 -5.9959
0 -5.99934
0 -6.0294
0 -5.78151
0 -6.05816
0 -5.80271
0 -5.7313
0 -6.01894
0 -5.82857
0 -6.04294
1 -6.10375
0 -6.01997
0 -5.97188
0 -6.01685
0 -5.93731
0 -5.71939
1 -6.18847
0 -6.04296
0 -5.93114
0 -5.98929
0 -6.04588
0 -5.95087
0 -5.87464
0 -5.8097
0 -6.04205
0 -5.98864
0 -5.87673
0 -5.94651
0 -6.02463
0 -5.94548
0 -5.77791
0 -5.90939
0 -6.01112
0 -5.81493
0 -6.03176
0 -5.79201
1 -6.10767
0 -5.64961
0 -5.79157
0 -6.00016
0 -6.01508
0 -5.87626
0 -5.88218
1 -5.86951
0 -5.75447
0 -6.00173
0 -5.89403
0 -5.85132
0 -5.75794
0 -5.79125
0 -5.97133
0 -5.98393
0 -5.78271
0 -5.97016
0 -6.0094
0 -5.88742
1 -5.92515
0 -5.82673
0 -5.95362
0 -5.69705
0 -5.88679
0 -5.99744
0 -5.87036
0 -6.03403
0 -5.88294
0 -5.99477
0 -5.71076
0 -5.89489
0 -5.73459
0 -5.77564
0 -5.96419
0 -5.88048
0 -5.77252
0 -5.96789
0 -5.96991
0 -6.06286
0 -5.84273
0 -6.02519
0 -5.94577
0 -5.27674
0 -5.36676
0 -5.52444
0 -5.23346
0 -5.27651
0 -5.43066
0 -5.52403
0 -5.39501
0 -5.29886
0 -5.22986
0 -5.21254
0 -5.31557
0 -5.08799
0 -5.02246
0 -5.28282
0 -5.31678
0 -5.12917
0 -5.21994
0 -5.19848
0 -5.43041
0 -5.24253
0 -5.53779
0 -5.51025
0 -5.08886
0 -5.25376
0 -5.50626
0 -5.24146
0 -4.71493
0 -4.77482
0 -5.46077
0 -5.25606
0 -5.36949
0 -5.36464
0 -4.82112
0 -4.98805
0 -5.1223
0 -5.33679
0 -4.96281
0 -5.27846
0 -5.3756
0 -7.43145
0 -5.31539
0 -5.48833
0 -5.51095
0 -5.54791
3 -5.56736
0 -4.8294
0 -5.28327
0 -5.17669
0 -5.25362
0 -5.42179
0 -5.61397
1 -5.22151
0 -5.34861
0 -5.37674
0 -5.14629
0 -5.49237
0 -5.37192
0 -5.64565
0 -4.96633
0 -5.51017
0 -5.32516
0 -5.38156
0 -5.35384
0 -5.07282
0 -5.56785
0 -5.2363
0 -5.34688
0 -5.49161
0 -5.32305
0 -5.26839
0 -5.02827
0 -5.31892
0 -5.51492
0 -5.55512
0 -5.25987
0 -5.38174
0 -5.3275
0 -5.49948
0 -5.31996
0 -5.26559
0 -5.40509
0 -5.31852
0 -5.23925
0 -5.26298
0 -5.38016
1 -5.25847
0 -4.4929
1 -5.46006
0 -5.20468
0 -5.50917
0 -5.15678
0 -4.93476
0 -4.8675
0 -5.30585
0 -5.4256
0 -5.3202
0 -5.46326
0 -5.01256
0 -5.37547
0 -5.06186
0 -5.47368
0 -5.24651
0 -5.21031
0 -4.841
0 -4.81093
0 -5.16116
0 -4.95885
1 -4.84713
7 -4.89638
2 -4.56001
0 -5.25212
0 -5.12448
1 -5.2798
0 -5.07058
0 -5.09942
1 -4.849
1 -4.89043
1 -5.11297
0 -4.8769
0 -4.98735
0 -4.85671
1 -5.26533
0 -4.88603
0 -5.06528
1 -5.08038
0 -4.76894
0 -5.12141
0 -5.07913
0 -4.62177
0 -4.52343
0 -4.86851
0 -4.76729
0 -5.06963
0 -4.84061
0 -4.90891
0 -4.89696
11 -5.02514
0 -5.13063
0 -4.85998
1 -5.21961
0 -4.66982
0 -4.97188
3 -4.95935
0 -5.02216
0 -4.8789
0 -4.87905
0 -4.77619
1 -5.32988
0 -4.99409
5 -5.08419
1 -4.5405
0 -5.11286
0 -4.81427
0 -5.07141
1 -5.03782
0 -4.86872
0 -5.06439
0 -4.89085
10 -5.09297
0 -5.07176
1 -4.97562
1 -5.23946
0 -4.6882
1 -4.66879
0 -4.88181
1 -4.8993
1 -5.01188
0 -4.86243
0 -4.56288
0 -4.65929
0 -4.92976
0 -4.87485
0 -4.93337
0 -4.96518
0 -4.90996
1 -4.94889
0 -4.60099
0 -4.94516
1 -5.00767
1 -4.75597
0 -5.01596
1 -4.96665
0 -4.81843
0 -5.16077
0 -4.99589
0 -5.08056
2 -5.08098
0 -4.71002
1 -4.66132
1 -5.03533
1 -4.84798
2 -4.96477
5 -5.0752
0 -5.03067
0 -4.91637
0 -5.24695
0 -5.0011
0 -4.69041
0 -5.02943
0 -4.81856
14 -4.78983
0 -4.75664
0 -4.91403
0 -5.02366
0 -4.82868
1 -4.94368
0 -4.77345
3 -5.17244
1 -5.1015
4 -4.92163
0 -5.20507
0 -4.86675
0 -4.80726
0 -4.92545
0 -5.02515
0 -5.0153
4 -4.93745
0 -4.94033
0 -4.73021
1 -4.95835
0 -4.74551
0 -4.55485
1 -5.11694
0 -4.41734
0 -4.48337
1 -4.72692
0 -4.62797
2 -4.57086
1 -4.64945
0 -4.48307
0 -4.76958
1 -4.76636
2 -4.63774
0 -4.59245
0 -4.54283
0 -4.41376
0 -4.63097
0 -4.37297
1 -4.6234
3 -4.57055
0 -4.39229
0 -4.52017
2 -4.37892
0 -4.51862
2 -4.49173
0 -4.45721
0 -4.58662
0 -4.57199
9 -4.40949
0 -4.47871
0 -4.59908
0 -4.50157
0 -4.68706
0 -4.63954
0 -4.75949
0 -4.51686
0 -4.64174
0 -4.50011
2 -4.30911
3 -4.64346
0 -4.4186
0 -4.58381
1 -4.542
0 -4.55931
0 -4.4857
1 -4.61732
0 -4.49115
1 -4.59818
0 -4.47456
0 -4.62168
2 -4.63843
0 -4.44768
0 -4.42937
0 -4.4675
5 -4.81039
0 -4.62203
0 -4.32703
0 -4.56304
0 -4.70374
1 -4.42685
0 -4.81217
0 -4.56435
1 -4.77453
0 -4.63688
0 -4.53645
0 -4.52645
0 -4.5307
0 -5.47559
1 -5.19465
6 -5.12089
0 -5.24323
0 -5.13035
1 -5.26895
0 -5.1997
0 -5.23256
0 -5.01227
1 -5.33225
0 -5.24751
1 -5.20932
1 -5.12205
0 -4.98074
2 -4.92529
2 -5.05632
1 -5.19177
0 -5.22382
0 -5.15049
0 -5.05987
1 -5.26962
0 -5.20419
0 -5.29357
1 -4.84183
1 -5.45293
0 -5.4164
2 -5.31871
0 -5.4084
2 -5.34892
0 -5.5382
3 -5.19914
0 -5.44781
5 -5.34311
3 -5.36247
0 -5.46635
4 -4.83667
4 -5.33046
0 -6.09167
0 -6.283
0 -5.71999
0 -6.13233
0 -5.96402
0 -6.00657
0 -6.22902
1 -5.72436
0 -6.052
0 -5.85214
2 -5.71975
0 -5.67283
0 -5.77323
0 -5.7855
0 -6.0655
0 -6.20814
0 -6.42451
0 -5.88258
0 -5.87574
0 -5.91844
0 -6.34074
0 -6.37501
1 -5.82148
0 -6.21023
9 -5.88888
0 -6.00605
0 -6.09977
0 -5.96739
0 -5.85676
0 -5.79151
0 -6.31032
0 -6.01864
1 -5.72036
0 -5.77948
0 -6.15037
0 -6.16916
0 -5.88959
3 -5.82189
1 -5.88738
0 -5.93437
1 -5.75606
0 -6.40776
0 -5.74872
0 -5.88457
0 -5.90419
1 -5.93481
2 -6.02298
0 -6.34875
0 -6.538
9 -6.04883
0 -5.80507
0 -6.30198
0 -5.85194
0 -5.91708
0 -6.51256
0 -5.99054
0 -5.83506
5 -5.96145
0 -5.85639
0 -6.0939
0 -5.83012
1 -5.81245
14 -5.92159
0 -5.62977
0 -6.06258
0 -6.21951
0 -5.88169
0 -5.97563
0 -6.09491
1 -5.7741
0 -6.1557
0 -5.98028
2 -5.84547
2 -6.02625
0 -5.75109
0 -5.98044
0 -6.35046
0 -5.87203
0 -5.96041
0 -5.68247
3 -5.85108
9 -5.75115
0 -5.89958
0 -6.25492
2 -6.17688
0 -6.25104
0 -6.33353
0 -6.16431
0 -6.18621
0 -5.88113
0 -6.09153
0 -6.4526
1 -6.15045
0 -6.18574
0 -6.00489
0 -6.25105
0 -6.40138
0 -6.20827
0 -6.5849
0 -5.92148
0 -6.33245
2 -6.15482
0 -6.05231
0 -6.23103
0 -6.00391
0 -6.00761
0 -5.96584
0 -6.15156
0 -6.25166
4 -5.96553
0 -6.09454
0 -6.06923
0 -6.16802
0 -6.47251
0 -5.98666
0 -6.25214
0 -6.02056
0 -6.63257
0 -6.65545
0 -6.06008
0 -6.59461
0 -6.62945
0 -6.02818
0 -5.87219
0 -5.87048
0 -6.10361
0 -6.50686
0 -6.53941
0 -5.98847
0 -6.08091
0 -6.15505
0 -6.21041
0 -5.9856
0 -5.97258
0 -6.08844
0 -5.77781
0 -6.35923
1 -6.05736
0 -6.28259
0 -6.59813
0 -6.24983
0 -6.06765
0 -6.47431
0 -6.13217
1 -5.82722
0 -6.43394
0 -5.92929
0 -5.90191
0 -6.01466
0 -6.01723
0 -6.69011
0 -6.59931
1 -6.14513
1 -6.16877
0 -5.95694
0 -6.13086
0 -5.98076
0 -6.28573
0 -6.17883
0 -6.14235
0 -6.2129
0 -6.10591
0 -6.11429
0 -5.93768
0 -6.14907
1 -5.85664
0 -6.37667
0 -6.01136
0 -6.18354
0 -5.87892
1 -4.38997
1 -4.87999
0 -4.50047
41 -4.06746
0 -4.76758
1 -4.61785
0 -4.87459
1 -4.59677
0 -4.86685
1 -4.43299
0 -4.51855
0 -4.89142
0 -4.80582
0 -4.82901
0 -4.59279
1 -4.78599
9 -5.11914
2 -4.85095
0 -4.41044
0 -4.78883
0 -5.13447
0 -4.87708
0 -4.74286
7 -4.62991
2 -4.8274
3 -3.00825
0 -4.43753
0 -4.45856
0 -5.04392
2 -4.73032
0 -4.87607
0 -4.34431
0 -4.63711
1 -4.89235
0 -4.66565
0 -5.03748
0 -4.85652
3 -4.75331
0 -4.79069
0 -4.33891
0 -4.99078
0 -4.59471
2 -4.47183
0 -4.96101
1 -4.82058
0 -4.68495
1 -4.83781
2 -5.04559
0 -4.55712
6 -4.47613
1 -4.56513
0 -4.59286
0 -4.85401
0 -4.81857
0 -4.6526
0 -4.75219
1 -4.61258
0 -4.91562
0 -4.92215
0 -4.65632
4 -5.05115
2 -4.92716
0 -4.39262
0 -4.82727
0 -4.92417
0 -4.66118
0 -4.70786
1 -4.64374
2 -4.88278
0 -4.72372
0 -4.89493
0 -4.83047
0 -4.92005
0 -4.51288
0 -4.86183
0 -4.66126
0 -4.81156
0 -4.73426
0 -4.32877
2 -4.53144
0 -4.879
1 -4.48288
1 -5.49071
0 -5.3607
0 -5.3785
0 -5.29917
0 -4.87678
0 -5.01116
1 -5.15171
0 -5.11844
1 -5.13508
0 -5.29797
2 -5.31124
0 -4.91889
1 -5.84237
0 -5.30749
0 -5.1711
0 -5.15997
0 -5.33189
0 -5.01211
0 -5.34981
0 -5.018
0 -5.36858
0 -5.14109
0 -5.34267
0 -5.3994
2 -5.26518
1 -5.33438
0 -5.28408
0 -5.16622
0 -4.9906
0 -5.06828
0 -5.27764
1 -5.54949
0 -5.02271
0 -4.98292
1 -4.7289
0 -5.39098
0 -5.30672
0 -5.33496
0 -5.10812
0 -5.58128
0 -5.39523
0 -5.22634
0 -5.06637
0 -5.31879
1 -5.32616
0 -4.95824
0 -4.98495
4 -5.23883
0 -4.93016
0 -5.39467
0 -5.31994
0 -5.34942
0 -5.09396
1 -5.35446
0 -4.91189
0 -5.33189
0 -5.40752
0 -5.48659
0 -5.4144
0 -4.72874
0 -5.40445
0 -5.10258
0 -5.12831
0 -5.43295
0 -5.49508
0 -5.10794
0 -4.78524
0 -5.24866
0 -5.32588
0 -5.26268
0 -5.13108
0 -4.81604
0 -4.98515
0 -5.47153
0 -5.03309
1 -5.24295
0 -4.88439
0 -4.64895
1 -5.21721
0 -5.27725
0 -5.1585
0 -5.36025
1 -5.40677
0 -5.05453
0 -5.20165
0 -5.44254
0 -5.39224
0 -5.31018
0 -5.34709
0 -5.05561
1 -4.88837
1 -5.5296
0 -5.00723
0 -5.20021
0 -5.1855
4 -5.34409
0 -5.2693
0 -5.36543
0 -5.34714
1 -4.92931
0 -4.99888
0 -5.27925
0 -4.9791
0 -4.98675
0 -5.221
0 -5.07345
0 -4.93808
0 -5.03417
0 -5.29463
0 -5.09577
0 -5.00692
0 -5.00619
0 -5.36806
0 -4.91154
1 -4.9863
0 -5.51888
0 -5.43831
0 -5.54393
0 -5.68309
0 -5.53775
0 -5.83516
0 -5.82303
0 -5.68079
0 -5.94941
0 -6.10691
0 -6.02823
0 -5.58269
0 -5.95962
0 -5.8451
1 -5.6297
0 -5.64289
0 -5.87683
0 -5.36001
0 -5.65177
0 -5.47569
0 -5.93483
0 -5.70038
0 -5.57973
0 -5.40321
1 -5.77135
0 -5.9132
0 -5.48422
0 -6.0313
0 -5.49811
0 -5.52077
0 -5.2587
0 -5.56024
0 -5.74812
1 -5.47628
0 -5.84027
0 -5.95013
0 -5.67399
0 -5.76444
0 -5.68778
0 -5.90394
0 -5.47327
0 -6.14871
2 -5.82078
0 -5.56957
0 -5.43139
0 -6.24925
0 -5.63151
0 -5.66506
0 -5.57171
0 -5.82656
0 -5.99356
0 -5.70691
0 -6.10848
0 -5.64925
0 -6.04291
0 -5.87985
0 -5.53906
0 -5.68769
0 -5.58211
0 -5.5343
0 -5.62917
0 -5.66765
0 -5.71946
0 -5.87866
0 -5.73575
0 -5.64132
0 -5.78377
0 -5.6918
0 -5.7904
0 -5.81181
0 -5.52428
0 -5.84335
0 -5.63963
0 -5.49817
0 -5.49032
0 -5.74881
0 -5.67971
0 -5.49506
0 -5.75864
0 -5.30457
0 -5.55562
0 -5.73259
0 -5.79013
2 -5.71216
0 -5.46354
0 -5.56848
0 -5.49738
0 -5.52023
0 -5.52079
0 -5.70619
0 -5.55013
0 -5.67361
0 -5.31391
0 -5.63151
0 -5.48148
0 -5.39893
0 -5.78822
0 -5.70672
0 -5.47998
0 -5.67495
0 -5.61078
0 -5.55006
0 -5.59862
0 -5.61582
0 -5.6751
1 -5.77729
0 -5.59564
0 -5.60617
0 -5.51283
0 -5.63934
0 -5.61194
0 -5.46011
0 -5.6295
0 -5.6923
0 -5.61345
0 -5.78958
0 -5.63155
0 -5.49204
0 -5.57656
0 -5.70675
0 -5.72485
0 -5.66794
0 -5.54286
0 -5.73228
0 -5.68315
0 -5.53315
0 -5.87582
0 -5.80564
0 -5.46048
0 -5.73588
0 -5.78106
0 -5.53971
0 -5.73159
0 -5.75334
0 -5.5778
0 -5.65677
0 -5.34728
0 -5.65013
0 -5.8597
0 -5.78136
0 -5.62807
0 -5.65282
0 -5.53239
13 -4.38321
0 -5.40105
1 -5.47066
0 -4.75777
0 -5.36179
0 -5.5095
0 -5.33475
0 -4.9217
0 -5.35675
0 -5.10677
0 -5.14316
0 -5.26934
0 -5.12078
0 -5.35121
0 -5.12429
0 -5.17259
1 -5.75678
0 -5.73733
0 -5.58996
0 -5.79373
1 -5.76216
4 -5.6232
1 -5.74061
2 -5.73131
1 -5.71825
0 -5.63584
0 -4.88765
5 -4.75355
1 -5.16695
1 -4.78452
1 -5.18618
0 -4.85538
8 -4.6696
0 -5.00247
4 -4.12348
5 -5.13601
3 -4.87486
14 -4.57584
15 -5.00135
5 -5.06032
6 -5.16964
1 -4.6247
0 -4.98979
2 -4.93929
1 -5.25225
7 -4.74972
0 -5.1179
12 -4.64863
0 -4.95954
1 -4.13583
0 -4.59004
0 -4.60584
0 -4.69737
0 -4.20081
0 -4.01623
1 -4.48109
0 -4.30142
0 -4.01172
0 -4.58547
0 -4.21544
0 -4.45378
0 -4.4361
1 -4.98458
0 -4.132
0 -4.5025
0 -3.99021
2 -4.46623
0 -4.35082
0 -4.2205
0 -4.31207
3 -4.82137
0 -4.87736
1 -4.1778
3 -4.54834
0 -4.49963
0 -4.34056
1 -4.5023
0 -4.50593
0 -4.68981
0 -4.61031
2 -5.45428
0 -5.26519
8 -3.73522
0 -5.31895
0 -5.28607
0 -5.34461
0 -5.19021
0 -5.41213
1 -5.16042
0 -5.54083
0 -5.3483
0 -5.27653
1 -5.24667
3 -5.29057
0 -5.25858
0 -5.50802
0 -5.47527
0 -5.39441
1 -5.41639
0 -5.25333
0 -5.33346
0 -5.45335
2 -5.50204
28 -4.08984
0 -5.34868
0 -5.42754
1 -5.36925
7 -5.39514
0 -5.20578
34 -4.88961
11 -4.13236
0 -5.42766
0 -5.35252
0 -5.35386
0 -5.44322
2 -5.05147
0 -5.38794
0 -5.43427
0 -5.26895
0 -5.18072
77 -4.06816
1 -5.3508
10 -4.59276
5 -4.89579
0 -5.46667
2 -5.54305
1 -5.48074
0 -5.35814
0 -5.36297
0 -5.36351
0 -5.33962
50 -5.09408
0 -5.02186
0 -5.34495
1 -5.18828
0 -5.1602
0 -5.56609
0 -5.37905
1 -5.42694
6 -4.86205
0 -5.32478
0 -5.35845
0 -5.1251
0 -5.04531
0 -4.74089
1 -4.90316
0 -4.81642
0 -4.97181
0 -4.82026
0 -4.81782
0 -4.85211
0 -4.84732
0 -4.96087
0 -5.04684
0 -5.08055
0 -5.08465
0 -5.15913
0 -4.76167
0 -5.16088
0 -5.07531
0 -5.10022
0 -4.63349
0 -5.00125
0 -4.58974
0 -4.99532
0 -4.67792
0 -4.94909
0 -5.12444
0 -5.13004
0 -5.12236
0 -5.10161
0 -5.23887
0 -4.74808
0 -5.1316
0 -4.93839
2 -5.07777
0 -5.09781
1 -4.97577
0 -5.07049
0 -4.4208
0 -5.20911
0 -4.96161
2 -5.01764
0 -4.74532
0 -5.05154
0 -4.75855
1 -4.88255
0 -4.96851
0 -4.87139
0 -4.79898
0 -5.23759
0 -4.59537
0 -5.06854
0 -4.78655
0 -5.04824
1 -4.88342
1 -5.02311
0 -5.03164
0 -4.50873
1 -4.74965
0 -4.85768
6 -4.96488
0 -4.98475
0 -4.92684
0 -5.11905
0 -5.19038
1 -4.84096
0 -4.76154
2 -4.96662
3 -5.12934
0 -4.74796
0 -5.09101
0 -4.91044
0 -4.98002
1 -5.20105
1 -4.94239
0 -4.95219
1 -5.0738
0 -4.86653
0 -4.66192
1 -5.14634
2 -5.15416
1 -5.02091
0 -4.75669
0 -4.84067
3 -4.99366
0 -5.18998
0 -4.95695
0 -4.51733
0 -4.77384
0 -4.70916
0 -4.98543
0 -5.04809
10 -5.20493
0 -4.9274
0 -4.84018
0 -5.01055
0 -5.03896
0 -4.99268
1 -4.97038
1 -5.07085
0 -4.76585
0 -6.02555
0 -6.39402
0 -5.95845
0 -6.49546
0 -6.04547
0 -6.26486
0 -6.36999
0 -6.45287
0 -6.51516
0 -6.1353
0 -6.38068
0 -6.07059
0 -6.34706
0 -6.09901
0 -6.36492
0 -6.04209
0 -6.52739
0 -6.02082
0 -6.06242
0 -6.21622
0 -6.24747
0 -6.19181
0 -6.37935
0 -6.09142
0 -6.04183
0 -6.24086
0 -6.37394
0 -6.31964
1 -6.06373
0 -6.37077
0 -6.55531
0 -6.51486
0 -6.47593
0 -6.27426
0 -6.3958
0 -6.30628
0 -5.92448
0 -6.26327
0 -6.12371
0 -5.37538
0 -6.20475
0 -6.35264
0 -6.30721
0 -6.39341
0 -6.38091
0 -6.26542
0 -6.39612
0 -5.29218
0 -5.52371
0 -5.54239
3 -5.44422
0 -5.33967
2 -5.50607
1 -5.28699
0 -5.23221
3 -5.55503
0 -5.4002
0 -5.40976
1 -5.42048
2 -5.33064
0 -5.38995
0 -5.42619
0 -5.4292
1 -5.48027
4 -5.23296
0 -5.42139
0 -5.64649
3 -5.55849
1 -5.58664
2 -5.52097
0 -5.35424
8 -5.33815
0 -5.6331
0 -5.38024
1 -5.48058
0 -5.44357
0 -5.33714
5 -5.31719
0 -5.58315
0 -5.42221
1 -5.28915
0 -5.5751
0 -5.2227
0 -5.4369
0 -5.40234
0 -5.53131
2 -5.41441
0 -5.32767
0 -5.54024
0 -5.46761
0 -5.35678
2 -5.52083
1 -5.39897
7 -5.53764
2 -5.56813
1 -5.47736
3 -5.39722
1 -5.46521
2 -5.52802
2 -5.21625
2 -5.52327
0 -5.42673
0 -5.25977
1 -5.36169
0 -5.49456
0 -5.43782
0 -5.45673
0 -5.4411
2 -5.57287
0 -5.58913
1 -5.38597
0 -5.44862
0 -5.26341
1 -5.45658
0 -5.40261
0 -5.55343
1 -5.53112
1 -5.40458
2 -5.59583
3 -5.32951
0 -5.55531
0 -5.46645
0 -5.41267
2 -5.38056
1 -5.44777
0 -5.42384
0 -5.47667
0 -5.58661
0 -5.26165
2 -5.42942
0 -5.40761
0 -5.47441
0 -5.63088
0 -5.63881
0 -5.54776
1 -4.84808
0 -5.2109
0 -4.9362
0 -4.98597
2 -5.02018
0 -4.4094
0 -4.95071
0 -4.8392
0 -4.84067
0 -5.11915
0 -4.87789
0 -5.05126
0 -4.81128
0 -4.836
3 -5.1081
0 -4.90386
0 -4.56584
2 -5.00517
0 -4.86678
0 -5.65291
0 -5.24258
0 -5.00668
0 -5.18238
0 -5.157
0 -4.99654
0 -5.19889
0 -4.86865
0 -4.73267
0 -5.01479
0 -5.15265
0 -4.87113
0 -4.53372
1 -4.86336
0 -5.21342
0 -5.0688
0 -4.9015
0 -4.58397
0 -4.82589
1 -4.45401
0 -5.28512
0 -5.10977
0 -4.85
0 -4.91351
0 -4.91898
0 -5.12513
2 -5.15045
0 -4.73539
1 -5.02981
0 -4.96446
0 -4.32972
1 -5.04658
1 -5.06432
0 -4.70506
0 -5.38406
0 -4.86371
2 -5.16247
0 -5.18532
0 -5.51058
0 -4.97959
18 -4.95946
1 -4.38505
0 -5.21333
1 -5.42186
0 -5.35593
0 -5.16562
1 -5.10977
0 -4.29774
0 -5.08928
1 -4.97687
3 -5.07995
0 -4.86031
0 -4.9101
28 -4.36262
2 -5.46335
0 -4.98891
0 -5.21293
3 -4.89627
0 -4.89809
0 -4.68967
9 -5.22067
1 -5.29374
1 -5.49878
0 -4.87164
2 -4.55508
0 -5.08342
0 -5.02694
0 -4.60376
0 -4.32508
2 -4.31553
0 -3.73035
0 -4.7858
1 -4.13111
0 -5.59478
0 -5.26833
4 -5.06633
0 -4.90374
0 -5.4229
0 -5.13483
0 -5.57665
0 -4.71242
1 -5.67745
0 -5.2046
0 -5.32971
0 -5.3975
0 -5.65861
0 -4.63119
1 -5.31706
1 -5.15794
0 -5.06226
1 -5.59158
0 -5.65353
0 -5.13259
1 -5.18207
0 -5.10305
1 -5.24567
0 -5.02607
0 -5.10111
8 -5.02577
0 -5.21885
0 -5.15899
0 -4.79318
0 -5.26629
1 -5.43782
0 -5.36908
0 -5.25551
2 -5.21021
0 -5.21997
0 -5.22015
0 -5.0619
2 -5.28262
1 -5.25239
1 -5.30845
0 -5.16586
0 -4.95905
1 -5.34858
1 -5.31218
2 -5.10478
0 -5.37246
0 -5.28827
0 -5.377
1 -5.1279
0 -5.19953
2 -5.13148
0 -5.38309
0 -5.33239
0 -5.28017
0 -5.22708
0 -5.27557
0 -5.15724
0 -5.0811
8 -4.93325
0 -5.41091
0 -5.24956
0 -5.16139
0 -5.23786
0 -5.12973
0 -5.11778
0 -5.24621
1 -5.15268
0 -5.17154
0 -5.30281
0 -5.18953
1 -5.21756
2 -5.01039
0 -5.3286
2 -5.04669
0 -5.01738
1 -5.16328
1 -5.25813
0 -5.44888
1 -5.28343
0 -5.32099
2 -5.08592
2 -5.05186
0 -5.23844
1 -5.06883
0 -5.2231
1 -5.12008
1 -4.49978
0 -5.22477
0 -5.24504
2 -5.11023
0 -5.25427
0 -5.14443
0 -5.03693
0 -5.25616
0 -5.28639
0 -5.33602
1 -5.26418
1 -5.45975
0 -5.35531
0 -5.21215
5 -5.24447
0 -5.22929
0 -5.08651
0 -5.35054
1 -5.3507
1 -5.33422
1 -5.05347
8 -5.43029
0 -5.08356
1 -5.06063
0 -4.73986
2 -5.08393
0 -4.78226
2 -4.78709
1 -4.84887
3 -4.93845
0 -4.82215
4 -4.80579
0 -5.13442
1 -5.09669
2 -4.92614
0 -4.71616
0 -4.74244
0 -4.94972
1 -4.94877
4 -4.99661
1 -5.00723
0 -5.00223
3 -4.92376
1 -4.78533
9 -5.01122
0 -5.11232
0 -4.69832
7 -4.93274
0 -4.55404
1 -5.10178
2 -5.0139
3 -5.12518
1 -4.81098
6 -5.13031
0 -5.04466
1 -4.78855
1 -5.04073
2 -5.06994
1 -4.90455
0 -4.80709
2 -4.98252
6 -5.10346
0 -4.91097
9 -5.11728
4 -5.01171
0 -5.14956
2 -4.68511
2 -5.17461
0 -6.00197
0 -6.21265
0 -5.64421
0 -5.86398
0 -6.09966
0 -6.31976
0 -5.95792
0 -63.3622
0 -6.01853
0 -6.13141
0 -5.66177
0 -6.08131
0 -5.89238
0 -6.22954
0 -5.42275
0 -5.81764
0 -6.09843
0 -6.02343
0 -5.93354
0 -5.44061
0 -5.96018
0 -6.18863
0 -5.93024
0 -6.15729
0 -6.19903
0 -5.8195
0 -5.97481
0 -6.07732
0 -6.15767
0 -6.04505
0 -5.98713
0 -6.24072
0 -5.94918
0 -6.09379
0 -5.38203
0 -5.93301
0 -5.90107
0 -6.07844
0 -6.06928
0 -5.67381
0 -6.13478
0 -5.76103
0 -5.98368
0 -6.10317
0 -6.13562
0 -6.16401
0 -5.38673
0 -6.02194
0 -6.07714
0 -6.04748
0 -5.9704
0 -6.00646
0 -6.10575
0 -5.96358
0 -6.01543
0 -4.98077
0 -6.25811
0 -6.13525
0 -6.17393
0 -5.02666
0 -5.82683
0 -6.00224
0 -5.96194
0 -6.07244
0 -5.97213
0 -63.1288
0 -4.82212
0 -4.68323
1 -4.84858
0 -4.53516
2 -4.77103
0 -4.73872
0 -4.66498
0 -4.69034
1 -4.76922
0 -4.80347
0 -4.93491
0 -4.74629
0 -4.59094
0 -4.6511
1 -4.63435
0 -4.73253
0 -4.61514
0 -4.62207
1 -4.83452
0 -4.694
0 -4.70108
0 -4.91265
0 -4.78565
0 -4.71564
0 -4.50632
0 -4.75711
2 -4.81908
0 -4.68623
0 -4.78471
1 -4.86786
0 -4.48311
1 -4.8582
3 -4.66512
0 -4.56527
0 -4.64636
0 -4.56373
0 -4.90869
0 -4.60395
0 -4.74475
0 -4.82754
0 -4.76619
0 -4.78524
0 -4.82778
0 -4.65841
0 -4.83977
0 -4.86098
6 -4.832
0 -4.60352
1 -4.7422
7 -4.7263
0 -4.66931
0 -4.75678
0 -4.78056
1 -4.72076
2 -4.63437
0 -4.59335
1 -4.79881
0 -4.57407
0 -4.80149
2 -4.80127
0 -4.51415
0 -4.59063
0 -5.11234
0 -4.78816
0 -4.65634
2 -4.85334
0 -4.59236
0 -4.69835
0 -4.65467
2 -4.54601
0 -4.69735
1 -4.57902
1 -4.76835
1 -4.95033
1 -4.87551
0 -4.64838
1 -4.54427
0 -4.80433
18 -4.56304
0 -4.69652
1 -4.79085
2 -4.92289
2 -4.84653
0 -4.84218
1 -4.50805
0 -4.75046
0 -4.78537
0 -4.59604
0 -4.61498
0 -4.94045
0 -4.58214
0 -4.75844
0 -4.65662
3 -4.95958
0 -4.84612
3 -4.47979
1 -4.34537
14 -4.43476
0 -4.29104
0 -4.96144
0 -4.98251
0 -3.93837
0 -4.45667
0 -4.45541
0 -4.44605
1 -4.39446
0 -4.80344
0 -3.96396
1 -4.64825
24 -3.99222
0 -4.47459
0 -4.80827
0 -4.54774
4 -5.11341
7 -4.2368
2 -4.34155
0 -4.31225
0 -4.61163
0 -3.02018
1 -4.52032
0 -4.41839
2 -4.58848
0 -4.20419
1 -3.79622
0 -4.55871
129 -2.68672
0 -4.39139
0 -5.01953
5 -4.64698
1 -4.43416
0 -4.29122
3 -4.42328
1 -4.69722
0 -4.88325
0 -4.26088
0 -4.49226
0 -4.33949
30 -4.61923
0 -4.64808
0 -4.38803
2 -4.47316
1 -4.32965
0 -4.17971
4 -4.64739
2 -4.73143
0 -4.59742
0 -4.34928
0 -3.99303
0 -4.104
0 -3.78642
0 -4.97839
66 -4.15716
0 -4.26118
0 -4.36001
0 -4.89247
21 -4.61183
1 -4.20758
0 -4.55613
0 -3.3805
0 -4.81689
2 -3.40219
0 -4.4998
4 -4.18413
0 -3.89301
18 -4.56323
4 -3.70972
3 -4.47407
0 -4.36582
1 -4.67143
0 -4.44812
0 -4.47432
0 -4.29298
0 -4.59748
17 -4.12158
0 -4.49385
0 -4.54345
0 -3.65118
1 -4.35783
10 -4.13468
1 -4.34966
0 -4.46263
0 -4.41627
0 -4.02317
0 -4.03196
0 -4.98765
3 -4.72166
5 -4.54646
1 -4.36831
2 -4.39084
0 -4.38562
0 -4.38877
0 -4.54724
0 -4.74234
1 -4.73598
2 -4.5763
72 -3.94685
0 -4.54875
0 -4.96229
0 -4.65612
1 -4.33503
0 -4.98817
4 -4.54281
238 -2.76488
0 -4.48375
0 -4.42864
1 -4.66901
0 -4.60374
0 -4.49623
1 -4.31504
0 -3.7223
3 -4.61479
0 -4.98646
0 -4.43893
0 -4.71491
0 -4.15466
5 -4.54048
0 -4.41443
13 -4.27068
0 -3.3871
6 -3.73155
9 -4.58971
0 -4.48985
2 -4.06412
2 -4.57289
1 -4.51324
0 -3.40776
0 -4.80285
0 -4.48154
0 -4.42822
0 -4.85112
0 -3.95763
0 -3.83443
0 -4.59863
1 -4.67074
0 -4.40723
1 -4.65247
1 -3.53615
0 -4.45028
0 -4.49107
0 -4.48394
1 -4.39244
0 -4.42768
0 -4.86205
1 -4.05724
0 -4.69818
7 -4.52728
0 -4.19543
0 -4.19846
1 -4.39247
0 -4.24898
0 -4.36618
0 -4.50332
0 -4.25941
1 -4.34311
0 -4.03961
0 -3.32708
0 -4.10369
0 -4.14861
3 -4.3668
1 -4.41796
0 -4.49153
0 -4.37091
0 -4.74956
17 -4.51995
0 -4.57979
0 -4.53646
0 -4.70995
2 -4.45009
1 -4.39865
0 -4.45393
0 -4.29252
14 -3.98305
0 -4.81128
0 -4.96989
5 -4.55144
1 -4.53579
0 -4.6028
2 -4.72557
0 -4.35391
1 -3.96058
2 -4.44683
1 -4.63742
0 -3.771
0 -4.5756
2 -5.12379
0 -4.03786
0 -4.13874
0 -4.65934
1 -4.11952
0 -4.00864
0 -5.05053
0 -4.37753
2 -4.674
0 -4.23406
1 -4.52134
1 -4.5928
0 -4.4683
0 -4.4484
5 -4.00757
0 -4.37562
0 -4.07109
0 -4.43903
0 -4.81191
1 -4.57952
0 -4.85876
11 -4.55032
0 -4.5118
8 -2.84334
1 -4.7699
0 -4.27364
0 -4.74238
0 -4.19533
0 -4.56413
45 -4.38769
7 -4.49231
0 -3.88685
1 -4.26449
0 -4.70665
0 -4.29561
0 -4.35449
20 -4.31214
3 -4.37784
0 -4.49186
1 -4.55314
0 -3.95285
0 -3.80768
2 -3.69957
1 -4.59364
9 -4.09985
7 -4.47608
1 -4.34793
0 -4.47256
0 -4.51781
3 -3.22096
1 -4.18454
0 -4.68999
4 -4.81391
0 -4.63802
9 -2.81217
27 -4.65069
0 -4.23871
0 -4.33523
5 -4.66042
1 -4.62646
0 -4.38873
0 -4.87895
0 -3.16806
0 -3.3732
0 -5.05983
0 -5.42346
0 -5.1852
0 -4.89538
0 -5.29835
0 -5.12649
0 -5.19572
0 -4.89349
0 -4.97973
0 -4.94034
0 -4.99907
0 -4.95737
0 -5.08011
0 -4.90842
0 -5.14929
0 -4.94573
0 -5.30071
1 -4.93402
0 -4.35748
0 -4.76761
0 -4.95857
0 -5.09456
1 -5.06988
0 -5.273
0 -4.91974
0 -5.18875
0 -4.86724
0 -4.87039
0 -5.07151
0 -5.58886
0 -5.39174
0 -5.79892
0 -5.68507
0 -5.65557
0 -4.65544
0 -5.66783
0 -5.59333
0 -5.62714
0 -5.59606
0 -5.43992
0 -5.70357
0 -5.50683
0 -5.55695
0 -4.62335
0 -5.10867
0 -4.87258
1 -4.85362
0 -4.49893
0 -4.62878
0 -4.72473
0 -4.27791
0 -4.72327
0 -4.89851
0 -4.94098
0 -4.61502
0 -4.50304
0 -4.82746
0 -4.9219
1 -4.75711
0 -4.70603
0 -4.76213
0 -4.5718
0 -4.36421
0 -4.47606
0 -4.96731
0 -4.6914
0 -4.98505
0 -4.74355
0 -4.68072
0 -4.95311
0 -4.70044
0 -4.68606
0 -4.82885
0 -4.9488
0 -4.96922
0 -5.00377
0 -4.5915
0 -4.60374
1 -4.46959
0 -4.89522
0 -5.01777
0 -4.49012
0 -4.75255
0 -4.73836
0 -4.80162
0 -4.67227
0 -4.94922
2 -4.77317
0 -4.79082
0 -4.62525
0 -4.52801
0 -4.56008
0 -5.23011
2 -5.45318
0 -5.506
0 -5.48806
0 -5.37159
0 -4.66314
0 -5.33763
2 -5.04476
0 -5.44985
0 -5.67196
0 -5.45616
0 -5.43951
0 -5.50667
0 -5.22044
1 -5.17329
0 -5.32483
0 -4.64403
0 -5.52013
0 -5.38271
5 -5.16524
0 -5.25119
0 -5.28808
8 -5.5467
0 -5.56036
0 -5.41308
0 -5.50868
0 -5.38818
0 -4.74254
3 -5.15104
0 -5.3906
0 -5.28403
12 -5.12243
0 -5.59791
0 -5.30265
0 -5.6317
2 -5.42153
2 -5.68052
0 -4.39396
0 -5.43477
1 -5.44006
0 -5.57427
0 -5.13109
0 -5.45633
0 -5.34724
0 -5.36619
2 -5.59357
8 -5.43435
0 -5.41625
0 -4.67081
0 -5.46397
2 -5.34514
0 -5.45472
0 -5.3746
1 -5.44619
0 -5.39699
0 -5.57507
2 -4.96206
1 -5.45149
0 -5.46936
0 -4.83177
0 -5.18694
0 -5.39569
0 -5.34472
0 -5.34249
1 -5.23676
0 -5.41598
1 -5.30944
0 -5.41584
0 -4.50401
0 -5.20435
0 -5.21244
1 -5.2784
0 -5.51137
0 -5.48863
0 -5.1335
3 -5.47347
0 -5.65074
1 -5.33791
0 -5.36089
0 -4.80311
2 -5.40815
0 -5.49054
0 -5.52094
0 -5.23312
1 -5.50462
2 -5.43936
1 -5.56838
0 -5.12515
1 -5.11841
0 -4.61605
0 -5.70078
0 -5.28833
0 -5.19249
3 -5.62484
0 -5.68782
0 -5.22378
0 -5.24228
0 -5.19993
0 -5.58561
0 -4.78503
0 -5.27876
1 -5.36624
0 -4.82485
0 -5.35316
0 -5.49608
0 -4.97944
0 -4.56815
0 -4.78658
0 -4.42407
0 -4.71943
0 -4.69686
1 -4.65422
0 -4.96856
0 -4.90785
0 -4.64132
0 -4.81143
4 -4.72855
0 -4.85745
0 -4.5579
0 -4.53812
0 -5.25349
1 -5.45248
3 -5.22744
0 -5.44633
0 -5.35829
0 -5.50746
0 -5.21168
1 -5.42307
3 -5.27291
0 -5.10893
0 -5.26681
0 -5.37985
1 -5.19336
0 -5.32207
2 -5.39128
0 -5.52904
0 -5.38956
4 -5.36786
0 -5.07436
0 -5.56451
0 -5.67721
0 -5.11182
0 -5.15759
2 -5.21772
0 -5.23329
0 -5.14185
0 -5.50759
0 -5.60561
1 -5.10452
0 -5.40277
0 -4.9172
0 -5.81484
0 -4.9633
7 -4.92104
1 -5.5481
0 -5.25243
0 -5.31578
0 -5.15077
0 -5.74588
0 -4.97374
0 -5.39318
0 -5.0986
0 -5.54053
6 -5.35024
0 -5.63257
0 -5.05666
0 -4.76623
4 -5.09136
2 -5.74925
0 -5.63792
0 -5.44776
0 -5.06698
0 -5.4043
0 -4.92468
0 -5.99897
0 -4.9896
0 -5.0427
1 -5.34218
0 -4.9428
0 -5.22423
0 -5.33036
0 -5.29095
0 -5.30393
0 -4.93764
0 -5.34096
1 -4.87985
0 -5.14259
0 -5.46287
1 -5.10746
0 -5.27001
0 -5.32934
2 -5.30307
0 -5.15482
0 -5.26033
0 -5.28997
0 -5.29832
1 -5.33133
0 -4.97504
1 -4.88684
0 -4.67779
0 -5.20313
0 -5.29105
0 -5.26791
0 -5.01871
1 -5.48145
1 -4.82382
0 -5.2093
1 -5.12993
0 -5.24986
3 -5.03072
0 -5.27471
0 -5.19691
0 -5.31213
0 -5.0468
0 -5.1121
0 -5.40987
1 -5.01339
0 -5.11829
0 -5.35894
0 -5.15836
0 -4.96515
0 -5.10893
0 -5.0443
0 -5.40176
0 -4.98616
0 -5.23904
0 -4.71376
1 -5.23624
0 -5.18274
0 -5.31555
0 -4.78739
0 -5.8758
0 -6.12134
0 -6.09087
0 -6.24527
0 -6.02765
0 -5.97625
0 -6.17353
0 -6.01093
1 -6.09353
0 -6.03987
0 -5.99786
0 -5.96929
0 -5.94019
0 -5.96062
0 -6.16664
0 -6.31274
0 -6.04806
0 -6.08664
0 -6.26569
0 -5.97956
0 -6.0804
0 -5.97684
0 -6.0126
0 -5.95208
0 -6.00567
0 -6.117
0 -6.0753
0 -5.99549
0 -5.96084
2 -5.88033
0 -6.06823
0 -5.94884
0 -5.9477
0 -6.13685
0 -6.191
0 -6.00645
1 -6.00729
0 -6.14649
0 -5.92122
0 -5.295
5 -5.62408
0 -6.02589
0 -6.2539
0 -6.19096
0 -6.0251
0 -6.05702
0 -6.03405
0 -6.12577
0 -6.10936
0 -6.00101
0 -6.08188
2 -5.72739
0 -5.95981
0 -5.92915
0 -6.1168
0 -6.17175
0 -5.98723
0 -6.03048
2 -6.08195
0 -5.90581
0 -6.12912
0 -6.01054
0 -5.90969
1 -6.11613
0 -5.7957
0 -6.19716
0 -6.06257
1 -6.05765
1 -6.06141
0 -5.86829
0 -6.00786
0 -6.08408
0 -5.50294
0 -5.57109
1 -5.80128
0 -5.44376
0 -5.71971
0 -5.9045
0 -5.54865
0 -5.58461
0 -5.61386
0 -5.73373
0 -5.45289
0 -5.60093
0 -5.64747
0 -5.63929
0 -5.46532
0 -5.53862
0 -5.70362
0 -5.81594
0 -5.70366
0 -5.66549
0 -5.47872
0 -5.69976
0 -5.83215
4 -4.44346
0 -4.64083
0 -5.0631
2 -5.02129
1 -5.14614
0 -4.76612
5 -4.85061
0 -4.62601
2 -4.98133
5 -4.39989
0 -4.85459
8 -4.99171
10 -3.85391
0 -4.71907
8 -4.51141
8 -4.91971
1 -4.82781
2 -5.45314
110 -4.02335
2 -4.56196
1 -4.93777
0 -4.98863
0 -4.74273
13 -4.47901
0 -5.4692
0 -4.83382
5 -4.71876
2 -4.90725
0 -5.07103
23 -4.39419
3 -5.04706
1 -5.07003
12 -4.41263
11 -5.07147
1 -4.72537
22 -4.19126
20 -4.65956
14 -4.7546
2 -5.24098
2 -4.46158
4 -4.70688
23 -4.24572
3 -4.73506
0 -5.16153
0 -4.9908
1 -5.32877
5 -5.0101
2 -4.8493
9 -4.78977
3 -5.12987
0 -4.97135
0 -5.14008
11 -4.33241
2 -4.75207
12 -4.79425
1 -5.02159
0 -4.98485
0 -5.01663
0 -5.10742
3 -5.19546
0 -5.01662
0 -5.02822
0 -4.80716
1 -5.01881
0 -5.01046
0 -5.09566
0 -5.10517
0 -4.4309
0 -4.35447
0 -4.84255
0 -4.98497
0 -4.99993
0 -4.74757
0 -4.88004
2 -5.27053
0 -4.90094
0 -5.29347
0 -5.17325
0 -4.98058
0 -4.87238
0 -5.05404
0 -5.2441
0 -5.1524
0 -4.98602
0 -4.56021
0 -5.17566
2 -5.16975
0 -5.12751
0 -5.04628
0 -4.65578
0 -5.0569
0 -5.17326
0 -4.57858
0 -5.07766
0 -5.39151
2 -5.0388
0 -5.13379
0 -5.4129
0 -4.93674
0 -4.96231
0 -5.15171
0 -4.78843
0 -5.06793
0 -5.13142
0 -5.26947
0 -5.0246
1 -4.81061
0 -4.6956
0 -5.07604
0 -4.9325
0 -5.38959
0 -4.56581
0 -4.67123
0 -4.97336
0 -5.25861
0 -5.08253
0 -5.16048
0 -5.19363
2 -5.30794
0 -5.0843
11 -5.1669
3 -5.2044
2 -5.4062
2 -5.40375
8 -5.19082
22 -5.38694
1 -5.39332
2 -5.27671
