2 -4.52123
6 -4.41406
2 -4.39559
0 -4.3322
1 -4.02307
0 -4.13337
0 -4.12437
0 -3.93426
0 -4.12068
1 -3.87081
0 -4.23232
0 -4.01373
0 -4.11115
1 -4.06801
0 -4.04742
0 -4.11144
0 -3.99099
1 -4.08012
1 -4.46612
0 -4.08041
0 -4.16203
1 -4.48416
0 -4.22886
1 -4.2785
0 -4.18523
0 -3.92326
0 -4.02362
0 -4.3003
1 -4.19634
3 -4.12067
0 -4.32127
0 -4.2359
1 -4.03482
0 -4.00631
1 -4.04804
0 -3.95913
1 -4.00553
0 -4.1237
15 -4.23246
0 -4.26079
0 -4.34557
1 -4.39917
0 -4.16987
0 -4.35501
0 -4.0071
0 -4.07122
0 -4.33107
0 -4.08675
0 -4.25378
0 -4.07306
0 -4.18455
1 -4.238
10 -4.15408
2 -4.11787
1 -4.24949
0 -3.81682
0 -4.08501
0 -4.23221
0 -4.19546
0 -4.03709
1 -4.17728
2 -4.33515
0 -3.93826
1 -4.12567
1 -4.16531
2 -4.3354
0 -4.20927
0 -4.29065
0 -3.90304
0 -4.34549
4 -4.02282
0 -4.07141
1 -4.33895
0 -4.01643
5 -3.98251
13 -3.42048
0 -4.05381
2 -4.07647
1 -4.1161
0 -4.1146
2 -3.76313
0 -4.06631
0 -3.71936
0 -3.99092
5 -3.94023
3 -4.32576
4 -4.08465
0 -3.91249
1 -3.89164
1 -4.01434
0 -3.87401
0 -4.11931
0 -3.85892
0 -3.39292
0 -3.22976
1 -3.96557
0 -3.88735
9 -3.64501
0 -4.00147
1 -4.03325
1 -3.96463
0 -3.88928
1 -3.88692
2 -3.94828
4 -3.64157
1 -3.94392
0 -3.92262
0 -3.88917
0 -3.89551
1 -3.84632
0 -3.99207
1 -3.9955
11 -2.77537
1 -3.60744
0 -4.19445
1 -4.5057
0 -3.73381
13 -3.54204
3 -3.5098
6 -3.7287
1 -3.9243
3 -3.68427
7 -3.70756
1 -3.86793
0 -4.15606
3 -3.81552
2 -4.43049
3 -4.09552
7 -3.8547
0 -3.93359
0 -3.94911
0 -4.08178
0 -3.934
3 -3.9721
0 -3.93303
0 -4.18693
0 -4.03524
1 -3.96959
0 -3.60421
0 -4.03781
0 -3.7656
2 -4.01962
0 -3.94758
2 -3.90656
5 -4.10953
0 -3.9198
0 -4.0491
5 -3.98754
1 -4.15666
0 -4.09364
0 -3.87635
0 -4.26551
0 -3.96206
0 -3.9631
2 -4.10089
0 -4.03077
0 -4.34388
0 -3.75248
1 -4.11491
3 -4.20752
0 -4.04841
2 -4.10725
0 -3.82598
0 -4.04882
4 -4.14206
1 -4.02618
0 -3.87159
1 -3.81368
0 -3.91038
6 -4.05864
1 -3.84021
0 -3.75476
2 -4.28695
0 -3.90773
2 -4.24268
0 -3.96992
0 -3.65094
0 -4.24106
2 -3.92735
0 -4.05066
7 -3.84103
0 -3.82873
0 -3.88801
1 -3.96805
2 -4.09361
0 -4.11337
0 -3.56403
3 -4.1393
0 -4.08202
1 -3.87099
0 -3.93088
0 -4.10241
1 -4.24856
4 -4.01916
2 -4.10518
1 -3.98346
11 -3.84039
0 -3.89441
0 -4.0706
1 -4.3235
2 -3.97208
0 -3.86129
0 -3.97824
13 -3.79149
0 -4.04003
8 -3.78403
1 -3.89756
2 -4.01337
1 -4.20914
0 -3.81253
0 -4.0902
1 -4.18357
0 -4.17961
0 -3.79583
1 -3.98036
0 -3.95902
1 -3.81203
3 -3.99292
0 -3.81207
1 -3.85329
1 -4.03002
0 -4.09656
0 -3.90149
0 -4.05204
0 -4.23406
0 -4.26281
1 -4.08301
0 -4.12526
0 -4.04949
1 -3.91076
0 -4.04219
0 -4.20188
1 -4.006
1 -4.11901
0 -3.65947
0 -4.08018
0 -4.17551
0 -4.01429
0 -4.03953
0 -3.87727
0 -4.11917
0 -3.93023
1 -3.80776
0 -4.08396
0 -4.20984
0 -4.12259
0 -4.17771
1 -3.97769
1 -3.99298
1 -3.97623
0 -4.13177
4 -3.89638
0 -3.96702
1 -4.03952
0 -3.91476
0 -3.97456
0 -3.94081
3 -4.10762
1 -4.00873
0 -4.08235
0 -3.98638
0 -3.92603
0 -4.0019
0 -3.9634
0 -3.89699
1 -3.92522
0 -3.90478
0 -3.94424
1 -3.89156
0 -3.8684
0 -4.01969
1 -3.93058
1 -3.92399
0 -3.95769
2 -3.67741
0 -4.18485
0 -3.91495
0 -4.21973
0 -3.87514
0 -3.84483
0 -4.15871
0 -3.91829
1 -4.12273
5 -4.02335
2 -3.96934
0 -3.90983
2 -4.01488
0 -4.13799
0 -3.99032
0 -3.80422
1 -4.10003
2 -3.89424
0 -3.91469
0 -4.10425
0 -3.92901
0 -3.92132
0 -5.01843
0 -4.70336
0 -4.42996
0 -4.89444
0 -5.04774
0 -4.76976
0 -5.18801
0 -4.83172
0 -5.12665
0 -4.81997
0 -4.91424
0 -5.00072
0 -4.80887
0 -4.81822
0 -5.18962
0 -4.42328
0 -4.93722
0 -4.95663
0 -4.99394
0 -4.7515
0 -4.96129
0 -4.80022
0 -4.93126
0 -4.93756
0 -5.14803
0 -4.98984
0 -5.13786
0 -5.10298
0 -5.01738
0 -4.90251
0 -5.11623
0 -5.02828
0 -5.12679
0 -4.99925
0 -4.83312
0 -4.66978
0 -4.54433
0 -4.63421
0 -4.83088
0 -4.80169
0 -5.02929
0 -4.95396
0 -4.60276
1 -4.89926
0 -4.2189
0 -4.71444
1 -4.89991
0 -4.95388
0 -4.92788
0 -4.83808
0 -4.98973
0 -4.7723
0 -4.78367
0 -4.90625
0 -4.86725
0 -4.59601
0 -4.77915
1 -4.78602
62 -4.40785
1 -4.82342
0 -4.76799
1 -4.89267
0 -4.90721
0 -4.81731
11 -4.71559
0 -4.86992
0 -4.51237
0 -4.79561
0 -4.6259
0 -4.97646
1 -4.64756
1 -4.89473
0 -4.52498
0 -4.82806
2 -5.02827
0 -4.62308
0 -4.87821
0 -4.47781
0 -4.84899
0 -4.98926
0 -4.93533
1 -4.55023
0 -4.73257
0 -4.69603
0 -4.86818
0 -5.05712
0 -4.49988
4 -4.71979
1 -4.92613
2 -4.96338
0 -4.87646
7 -5.01158
3 -4.93376
0 -4.7424
0 -4.99182
1 -4.95491
0 -4.95772
0 -4.85452
10 -5.04594
0 -4.97097
0 -4.93685
0 -4.84881
6 -4.78754
2 -4.66668
0 -4.93085
0 -4.96777
0 -4.49817
0 -4.91531
0 -4.91702
0 -4.90443
1 -4.76286
0 -4.93615
0 -4.90166
1 -4.93147
1 -4.9335
0 -4.65287
0 -4.92459
0 -4.88766
0 -4.42775
0 -4.79212
0 -4.94297
0 -4.79049
0 -4.72365
0 -4.88242
2 -4.74956
0 -4.67035
0 -4.97552
0 -5.07196
0 -4.91787
0 -4.72621
0 -5.01581
0 -5.04205
0 -5.0021
0 -4.48101
0 -4.8458
0 -4.76069
0 -4.79616
0 -4.77158
1 -4.64168
0 -4.68347
0 -4.95714
9 -4.85201
1 -4.60637
3 -4.92256
1 -5.01702
0 -4.82293
1 -4.9119
0 -4.62658
0 -4.80083
0 -4.82028
1 -4.89323
0 -4.64781
0 -4.78071
0 -4.73269
0 -4.7328
0 -4.8343
1 -4.6842
0 -4.42252
0 -4.66071
0 -4.7906
0 -4.56599
0 -4.97133
1 -4.79983
0 -4.68012
1 -4.83392
0 -4.82155
0 -4.60472
0 -4.79232
0 -4.71394
0 -4.81681
1 -4.66796
0 -4.83209
1 -4.74272
2 -4.97179
0 -4.92319
0 -4.57614
0 -4.88542
1 -4.82612
1 -4.86387
0 -4.94781
0 -4.7616
0 -4.78355
0 -4.75281
0 -4.73606
0 -4.77983
1 -4.80783
0 -4.65318
2 -4.84536
0 -4.84485
2 -4.58729
0 -4.86307
0 -4.71506
0 -4.86367
5 -4.69074
0 -4.82823
0 -4.57778
0 -4.88992
1 -4.61538
1 -4.80933
0 -4.79304
0 -4.77977
0 -4.79513
0 -4.66937
0 -4.53978
0 -4.65609
0 -4.86481
0 -4.56258
0 -4.60005
2 -4.82714
0 -4.62272
0 -4.81513
0 -4.7967
0 -4.75397
0 -4.65645
0 -4.72785
0 -4.92211
0 -4.58478
0 -4.63809
0 -4.50943
1 -4.80774
0 -4.89493
0 -4.73646
0 -4.59513
0 -4.65525
1 -4.87385
0 -4.72641
0 -4.71922
0 -4.83426
0 -4.82251
0 -4.91447
0 -4.81271
0 -4.66291
0 -4.60254
0 -4.8447
0 -4.94185
0 -4.75726
0 -4.9432
0 -4.86905
0 -5.01223
0 -5.0177
0 -4.58263
0 -4.99179
0 -5.13511
1 -5.12851
0 -5.05369
0 -5.17992
1 -5.1124
0 -4.8465
0 -5.03678
0 -4.97809
0 -5.13206
0 -4.98917
0 -5.047
1 -5.15123
0 -5.15016
0 -5.14654
0 -4.82991
0 -5.14005
0 -5.09246
0 -5.07378
0 -4.88489
0 -5.09517
0 -4.84397
0 -4.64214
0 -5.12139
0 -4.89582
0 -5.21099
0 -5.11637
0 -5.11061
0 -5.02249
0 -5.12571
0 -4.99642
0 -4.88224
0 -5.08094
0 -5.09362
0 -4.97517
0 -5.07456
0 -5.07523
0 -5.00087
0 -5.07684
0 -4.90691
0 -5.12558
0 -5.04232
0 -5.08645
0 -5.06645
0 -5.07415
0 -5.04547
0 -4.88805
1 -4.94773
0 -5.09227
0 -4.92064
0 -5.07634
0 -4.88111
2 -5.18466
0 -4.63541
0 -4.80749
0 -5.23389
0 -4.98928
0 -5.01127
0 -4.99616
0 -4.95422
0 -4.95801
0 -5.15925
0 -5.14193
0 -4.91776
0 -4.93935
0 -4.81448
0 -5.14547
0 -5.19175
0 -4.92535
0 -5.09314
0 -5.27554
0 -5.02106
1 -5.02377
0 -4.96943
0 -5.07646
0 -4.70589
0 -5.05794
0 -4.98919
0 -5.09397
0 -5.24431
0 -4.98787
0 -5.05946
0 -4.80479
0 -4.7914
0 -4.84542
1 -4.81243
0 -5.06349
0 -4.98746
0 -4.93713
0 -5.06529
0 -5.04596
0 -5.19016
1 -5.01578
0 -5.08452
0 -4.99506
0 -4.53861
0 -4.6255
0 -4.73604
0 -4.58543
0 -4.58074
0 -4.55141
0 -4.7801
0 -4.68597
0 -4.62235
0 -4.60406
0 -4.5807
0 -4.80025
0 -4.41904
0 -4.79364
0 -4.78141
0 -4.69409
0 -4.45732
0 -4.59724
0 -4.47129
0 -4.93068
0 -4.77694
0 -4.77603
0 -4.75964
0 -4.36984
1 -4.54247
0 -4.85036
0 -4.81903
0 -4.26222
5 -4.17588
0 -4.74845
0 -4.89953
0 -4.80602
0 -4.79955
0 -4.40071
0 -4.53378
0 -4.62677
0 -4.61649
0 -4.45457
1 -4.54339
0 -4.65381
0 -4.44162
0 -4.6346
0 -4.828
1 -4.78124
0 -4.82027
1 -4.75327
0 -4.40425
1 -4.6364
0 -4.50883
1 -4.6628
0 -4.86988
0 -4.77319
0 -5.31052
0 -4.58526
0 -4.84578
0 -4.48856
0 -4.75726
0 -4.65851
0 -4.86068
0 -4.66302
0 -4.74308
0 -4.98818
0 -4.61001
0 -4.6801
0 -4.40299
0 -4.82725
0 -4.56519
0 -4.74272
0 -4.92927
0 -4.67564
0 -4.87312
0 -4.84814
0 -4.62132
0 -4.91026
0 -4.87269
0 -4.62523
0 -4.87702
0 -4.61997
0 -4.74529
0 -4.60164
0 -4.77136
0 -4.79685
0 -4.65573
0 -4.83047
0 -4.86661
0 -4.8261
0 -4.52839
0 -3.98469
4 -4.78322
0 -4.74479
0 -4.84824
0 -4.46739
0 -4.39256
0 -4.57601
0 -4.59958
0 -4.92016
0 -4.72637
0 -4.8113
0 -4.59602
0 -4.76941
0 -4.54686
0 -4.55545
0 -4.44447
1 -4.38891
0 -4.16977
0 -4.2163
0 -4.47258
0 -5.17768
1 -4.25644
1 -4.28138
0 -3.97806
1 -4.56489
0 -4.40149
3 -4.40508
0 -4.33423
0 -4.13735
0 -3.95854
0 -4.20695
0 -4.42433
0 -4.26059
0 -4.16333
0 -4.24063
1 -4.60836
0 -4.22623
0 -4.40862
0 -4.26438
0 -4.0579
0 -4.21088
0 -4.41946
0 -3.98681
0 -4.0013
0 -3.68097
0 -4.11717
0 -4.37563
0 -4.24089
0 -4.4486
1 -4.1566
1 -4.31523
0 -4.11997
0 -4.12831
0 -4.51722
0 -4.14879
0 -4.33565
0 -4.17861
0 -4.35199
0 -4.22386
0 -4.37458
0 -4.22698
3 -4.42716
0 -4.22181
0 -4.46656
1 -3.91092
0 -4.13772
0 -4.22327
0 -4.40946
0 -4.33492
0 -4.32402
1 -4.20135
0 -4.15191
1 -4.55452
1 -4.33121
0 -4.34891
3 -4.5924
0 -4.05839
0 -4.19157
0 -4.38977
0 -4.2617
0 -4.13274
0 -4.00968
0 -4.11918
0 -4.09332
0 -4.21786
0 -4.12207
0 -4.25284
1 -4.36835
0 -3.44065
0 -4.31177
0 -4.027
0 -4.36572
0 -4.25164
0 -3.97615
0 -4.33879
0 -4.28243
0 -4.09518
0 -4.13826
0 -4.46041
0 -4.10415
0 -4.33278
0 -4.09773
0 -4.05612
0 -4.33879
0 -4.34333
0 -4.21382
0 -4.42624
0 -3.97727
0 -4.23522
1 -4.58641
0 -4.34661
0 -3.96208
0 -4.38933
0 -4.13526
1 -4.16374
0 -4.14292
0 -4.20917
0 -3.67107
0 -4.08763
0 -4.22466
0 -4.09901
1 -4.4453
0 -4.41192
0 -4.2391
0 -4.46769
0 -4.27172
0 -4.15175
0 -4.22213
0 -4.26836
0 -4.32714
1 -4.36979
0 -4.29453
0 -4.05942
0 -4.15523
0 -4.12792
0 -4.6969
0 -4.42897
0 -3.93935
0 -3.98264
0 -4.3392
0 -4.06079
0 -3.91282
1 -4.11303
1 -4.10167
1 -4.40319
0 -4.09857
1 -4.27748
0 -4.11268
0 -4.44519
0 -4.21661
0 -4.08362
0 -3.80883
0 -4.07119
3 -4.20418
0 -3.9142
1 -4.07061
1 -3.72253
0 -4.02174
0 -3.93289
1 -3.98729
0 -4.06659
0 -4.15612
1 -3.99958
0 -4.09216
0 -3.99073
0 -4.10152
0 -3.96267
0 -4.18463
1 -4.30759
0 -4.08918
0 -4.17102
0 -4.07752
1 -3.8553
3 -4.13557
0 -3.99234
0 -4.03177
0 -4.00981
0 -4.01449
2 -4.13794
0 -3.97184
0 -4.19021
0 -4.08868
0 -4.14635
0 -4.03447
0 -4.11315
0 -3.9246
1 -3.97691
0 -3.98702
1 -4.40268
0 -4.16339
0 -3.84535
0 -4.18238
0 -4.18118
0 -4.14349
0 -4.25881
0 -3.96598
1 -4.1401
0 -4.19759
0 -4.11053
0 -4.00281
0 -3.96057
0 -4.75289
14 -4.6364
30 -4.51833
2 -4.63684
0 -4.47827
5 -4.65174
1 -4.60457
0 -4.57324
1 -4.27844
7 -4.65472
1 -4.54717
8 -4.60041
6 -4.52042
0 -4.41003
15 -4.30382
24 -4.44988
0 -4.5389
0 -4.53266
0 -4.3534
0 -4.33906
3 -4.67275
2 -4.50426
2 -4.61386
14 -4.23425
0 -4.91182
0 -4.75943
1 -4.82738
0 -4.92845
1 -4.88169
0 -4.84781
2 -4.50333
0 -4.73922
8 -4.88416
3 -4.8354
0 -4.9411
2 -4.35705
0 -4.74818
0 -5.32626
0 -5.59341
0 -5.07567
0 -5.38883
0 -5.28652
0 -5.25423
0 -5.40781
1 -4.94155
0 -5.24475
0 -5.26413
0 -4.91322
0 -4.73212
2 -4.87705
0 -4.86763
0 -5.38745
0 -5.59517
0 -5.59161
0 -5.13809
2 -5.08596
0 -5.18047
0 -5.72406
0 -5.51932
2 -4.97171
0 -5.52487
8 -5.07314
0 -5.25465
0 -5.33982
0 -5.32654
0 -5.06915
0 -4.80608
0 -5.50399
0 -5.2531
6 -4.94144
0 -5.01467
1 -5.45281
0 -5.45062
0 -5.10477
2 -4.9304
0 -4.8674
0 -5.16717
1 -5.04283
0 -5.56829
0 -5.18221
0 -5.0679
1 -5.29786
1 -4.97696
5 -5.12224
0 -5.63877
0 -5.73555
12 -5.13848
0 -5.37975
0 -5.56237
0 -5.31352
0 -5.18543
0 -5.52908
0 -5.23827
0 -5.15375
3 -5.07883
0 -5.08833
0 -5.34764
0 -5.30275
0 -5.19794
13 -5.00599
0 -5.11231
0 -5.28959
0 -5.49085
0 -5.16407
0 -5.21628
0 -5.30842
2 -5.14981
0 -5.37488
0 -5.20969
0 -5.05801
3 -5.21683
1 -4.78579
0 -5.27899
0 -5.66571
0 -5.06355
1 -5.20974
0 -4.98479
5 -4.94889
37 -4.81011
0 -5.25158
0 -5.28958
0 -5.27992
0 -5.44406
0 -5.29057
0 -5.20224
0 -5.33666
0 -5.12594
0 -5.28933
0 -5.53354
0 -5.29242
0 -5.31871
0 -5.37953
0 -5.37534
0 -5.57792
0 -5.19756
0 -5.41514
0 -5.04226
0 -5.33975
1 -5.15739
0 -5.04035
0 -5.35346
0 -5.01477
0 -5.10472
0 -4.97823
0 -5.16196
0 -5.40566
1 -5.03508
0 -5.10504
0 -5.39596
0 -5.25332
0 -5.48373
0 -5.04642
0 -5.33361
0 -5.18739
0 -5.8029
0 -5.66179
0 -5.38142
0 -5.50736
0 -5.67642
0 -5.18071
0 -5.13524
0 -5.18575
0 -5.24399
0 -5.67469
0 -4.94032
0 -5.05941
0 -5.19125
0 -5.22741
0 -5.31097
0 -5.05679
0 -5.07788
0 -5.31184
0 -4.88271
0 -5.57477
0 -5.09858
0 -5.42379
0 -5.32911
0 -5.37495
0 -5.19346
0 -5.54265
0 -5.3138
1 -4.90067
0 -4.54429
0 -5.2419
0 -5.18151
0 -5.08699
0 -5.19198
0 -5.7417
0 -5.47143
0 -5.17066
0 -5.21445
0 -5.1249
0 -5.27109
0 -5.03333
0 -5.44985
0 -5.35992
0 -5.30538
0 -5.36043
0 -5.18321
0 -5.35428
0 -5.07776
0 -5.20851
0 -4.96528
0 -5.52325
0 -5.07358
0 -5.27461
0 -5.30446
1 -3.78489
0 -4.17783
0 -3.76
0 -3.68268
0 -4.14754
0 -4.06038
0 -4.25166
0 -4.06948
0 -4.15817
0 -3.97246
0 -3.84115
0 -3.97681
0 -4.12114
0 -3.91402
0 -3.91063
0 -3.90059
2 -4.35436
0 -3.95795
0 -3.83221
2 -4.01379
0 -3.80775
0 -4.16633
0 -4.12489
0 -4.13158
12 -3.60624
0 -3.7983
0 -3.78656
0 -3.73185
0 -4.30041
0 -4.14506
1 -3.88362
0 -3.44995
0 -3.71679
2 -3.85182
0 -3.94175
0 -4.37341
1 -3.84792
1 -4.14477
0 -3.98301
0 -4.26302
0 -4.32316
0 -3.95933
0 -4.09268
0 -4.10595
5 -3.97416
0 -3.92242
1 -4.23436
0 -4.14679
0 -4.0757
4 -4.10218
0 -4.53181
0 -3.79144
0 -3.97574
0 -4.09944
1 -4.06568
0 -3.87629
1 -3.98957
0 -4.27139
0 -4.26347
0 -3.91367
5 -4.1779
1 -3.91605
0 -3.64851
0 -3.88615
0 -3.95847
0 -3.99603
0 -4.06983
0 -3.87806
0 -4.23794
0 -4.28132
0 -4.29338
0 -4.00763
1 -4.29051
0 -3.8341
0 -3.94283
2 -3.95878
0 -3.98722
0 -4.10014
0 -3.61172
0 -3.93087
0 -4.12041
1 -3.75086
0 -4.47704
0 -4.62014
0 -4.6242
0 -4.50142
0 -4.32559
0 -4.32351
0 -4.34273
0 -4.31248
0 -4.40032
2 -4.44338
0 -4.67792
0 -4.32368
0 -4.89
1 -4.59175
0 -4.42489
3 -4.58608
0 -4.52707
0 -4.35652
0 -4.61713
0 -4.24939
0 -4.48384
0 -4.48475
0 -4.55187
2 -4.63917
1 -4.58707
0 -4.52832
1 -4.51477
0 -4.46299
0 -4.27359
0 -4.35782
0 -4.49866
0 -4.62967
0 -4.3582
0 -4.31027
0 -4.11345
1 -4.69681
0 -4.54178
0 -4.60822
0 -4.41457
0 -4.69947
0 -4.49126
0 -4.42853
0 -4.30118
0 -4.62825
0 -4.50098
0 -4.31129
0 -4.3675
5 -4.46019
0 -4.32034
1 -4.65075
1 -4.49921
0 -4.54399
0 -4.28533
0 -4.55214
0 -4.25306
0 -4.67714
0 -4.70924
0 -4.50721
0 -4.54977
0 -4.24166
0 -4.53694
0 -4.48969
0 -4.25342
0 -4.74289
1 -4.45012
1 -4.28315
1 -4.28278
0 -4.39569
0 -4.7153
0 -4.44856
0 -4.3015
2 -4.20249
0 -4.32947
0 -4.70619
0 -4.46459
0 -4.52815
0 -4.23409
1 -3.89743
0 -4.46554
0 -4.5426
1 -4.35058
1 -4.55453
0 -4.6638
0 -4.30903
0 -4.35099
0 -4.43447
0 -4.94986
0 -4.44536
0 -4.62527
0 -4.45061
0 -4.30406
2 -4.7654
0 -4.26077
0 -4.68511
0 -4.57811
6 -4.57829
3 -4.41247
0 -4.48975
0 -4.52789
2 -4.38603
0 -4.39712
0 -4.45505
0 -4.31753
0 -4.34392
0 -4.31606
0 -4.42226
0 -4.233
0 -4.33082
0 -4.54199
0 -4.41557
0 -4.36391
0 -4.2578
0 -4.56457
0 -4.194
2 -4.23976
0 -5.05444
0 -4.87977
0 -5.14004
0 -5.0636
0 -5.09997
0 -5.22855
0 -5.34418
0 -5.23869
1 -5.34319
0 -5.50499
0 -5.45006
0 -5.24663
0 -5.32212
0 -5.39763
0 -5.15465
2 -5.09935
0 -5.34218
0 -4.70851
0 -5.18998
0 -5.0969
0 -5.61887
0 -5.08874
0 -5.3174
0 -4.93089
0 -5.24485
0 -5.33681
0 -4.99322
0 -5.46032
0 -4.98858
0 -5.18583
0 -4.79079
1 -5.11414
0 -5.12838
0 -5.03914
0 -5.26956
0 -5.4185
0 -5.14086
0 -5.23265
0 -5.28426
0 -5.37051
0 -4.99167
0 -5.49964
0 -5.11196
0 -5.06946
0 -5.02199
0 -5.51533
0 -5.23367
0 -5.17993
0 -5.18057
0 -5.27945
0 -5.48403
0 -5.25017
0 -5.50372
0 -5.40801
0 -5.60392
3 -5.33739
2 -5.15876
0 -5.07067
0 -4.94267
0 -4.94658
0 -5.02602
0 -5.06059
0 -5.06084
0 -5.17138
0 -5.10549
0 -5.02074
0 -5.02846
0 -4.9831
0 -4.95926
0 -5.141
0 -4.86477
0 -5.17791
0 -5.00679
0 -4.78913
0 -4.78629
0 -5.04602
0 -5.08803
0 -4.82916
0 -5.08577
0 -4.68868
0 -4.91594
0 -5.03259
0 -5.03241
0 -4.81986
0 -4.81781
0 -4.9812
0 -4.82068
0 -4.95495
0 -4.93313
0 -4.92017
0 -4.97918
0 -5.06248
0 -4.74098
0 -5.08256
0 -4.8673
0 -4.84457
0 -5.13785
0 -5.07181
0 -4.95665
0 -4.88673
0 -4.73516
0 -4.91538
0 -4.95413
0 -5.01112
0 -5.01348
0 -4.96523
0 -5.01289
0 -5.03454
0 -4.89077
0 -5.01615
0 -4.97044
0 -4.82102
0 -4.99553
0 -4.87204
0 -4.96502
0 -4.92039
0 -4.76735
0 -4.88141
0 -4.97482
0 -5.06613
0 -5.09456
0 -5.00825
0 -5.01152
0 -4.91211
0 -5.05186
0 -4.78344
0 -5.06727
0 -5.02043
0 -4.8575
0 -5.04513
0 -5.07443
0 -5.02162
0 -5.0774
0 -5.11565
0 -4.83248
0 -5.04574
0 -4.61316
0 -5.04953
0 -5.07107
0 -5.11604
0 -4.98278
0 -5.0977
1 -4.82667
20 -3.92307
0 -4.97024
0 -5.01823
0 -4.57201
0 -4.94967
0 -4.72173
0 -4.74784
0 -4.40588
0 -4.87784
0 -4.73995
0 -4.75414
0 -4.15131
0 -4.693
0 -4.74362
0 -4.83179
0 -4.75835
0 -5.17664
1 -5.17675
0 -4.94864
0 -5.27029
1 -5.21057
0 -5.04269
0 -5.13523
1 -5.20828
0 -5.14541
0 -5.04289
0 -4.31345
3 -4.27034
2 -4.62148
0 -4.20387
0 -4.60647
0 -4.20709
4 -4.20667
1 -4.41883
0 -3.71654
5 -4.60532
1 -4.32628
11 -4.07274
6 -4.49173
4 -4.5224
1 -4.68559
2 -4.116
0 -4.31084
1 -4.41343
1 -4.68751
1 -4.2959
1 -4.61194
8 -4.14344
0 -4.4729
2 -3.8183
0 -4.17259
0 -4.1277
0 -3.7942
0 -3.4065
1 -3.50157
0 -3.40572
0 -3.90862
1 -3.05217
0 -3.72793
0 -3.76656
1 -3.73487
0 -3.89427
0 -4.57357
0 -3.62774
1 -4.10036
0 -3.57366
0 -3.55257
5 -3.31063
0 -3.74056
1 -3.73119
0 -4.40148
1 -4.32589
2 -3.11081
3 -4.1131
0 -4.04483
0 -3.83076
1 -4.04013
0 -3.79419
0 -3.93368
1 -4.01319
0 -5.01003
0 -4.68215
2 -3.3351
0 -4.81224
0 -4.78055
0 -4.8122
1 -4.84451
0 -4.74446
0 -4.70708
0 -4.96881
0 -4.83172
0 -4.79078
0 -4.75865
0 -4.7863
3 -4.67278
0 -5.04285
0 -4.92642
0 -4.97889
0 -4.75817
0 -4.71824
0 -4.8873
0 -4.86971
0 -4.97794
1 -3.66901
0 -4.87162
0 -4.67879
0 -4.87079
2 -4.70053
0 -4.70893
2 -4.43572
5 -3.67459
1 -4.90149
0 -4.80219
0 -4.89683
0 -4.68395
1 -4.47851
0 -4.84984
0 -4.93628
0 -4.8231
1 -4.72709
5 -3.65544
0 -4.78924
0 -4.16736
3 -4.34313
0 -4.90416
0 -4.99433
0 -4.85379
0 -4.76329
0 -4.70743
0 -4.71321
2 -4.70504
3 -4.64266
0 -4.47266
0 -4.72105
0 -4.70725
0 -4.59325
0 -4.95492
0 -4.95952
1 -4.71717
6 -4.25303
0 -4.67338
0 -4.65243
0 -4.26088
0 -4.10938
0 -4.13261
0 -3.88188
0 -4.09619
0 -4.06987
0 -3.9684
0 -4.00296
0 -3.97314
0 -4.20832
1 -4.25151
0 -4.16375
1 -4.18673
0 -4.22878
0 -4.17842
0 -4.01104
0 -4.2527
0 -4.11381
0 -4.21067
0 -4.07856
0 -4.01732
0 -4.101
0 -4.23321
0 -4.02212
0 -4.12603
2 -4.1753
0 -4.21428
1 -4.18434
0 -4.25972
0 -4.33778
0 -3.91526
1 -4.28758
0 -3.9541
1 -4.21138
0 -4.25656
2 -4.18978
0 -4.10047
0 -3.97941
0 -4.33102
0 -3.87999
2 -4.18689
0 -4.09745
3 -4.15608
2 -4.29428
0 -4.21041
0 -3.77187
0 -4.11997
0 -3.7928
1 -4.32211
0 -4.0919
0 -4.06685
0 -4.05068
0 -4.06275
0 -4.07353
0 -4.20484
1 -4.30552
0 -3.92608
0 -4.19721
0 -3.96965
9 -4.08923
0 -4.09716
0 -3.94625
0 -4.15619
1 -4.16185
0 -4.22491
0 -4.3127
2 -4.38213
0 -4.32148
0 -3.90935
0 -4.13816
2 -4.23158
0 -4.02358
0 -4.37685
1 -4.04987
0 -4.17787
0 -4.1888
1 -3.89013
0 -3.69954
1 -4.30257
0 -4.3099
0 -4.29499
0 -3.89787
1 -3.9538
0 -4.11146
1 -4.34091
1 -4.20634
0 -4.04865
0 -4.14115
0 -3.84974
2 -4.07999
0 -4.22129
7 -4.30836
0 -4.15415
0 -3.86626
0 -4.21094
1 -4.12027
0 -4.16858
1 -3.96387
0 -4.34477
0 -3.98815
0 -5.43803
0 -5.5873
0 -5.08001
0 -5.64404
0 -5.47248
0 -5.54502
0 -5.57226
1 -5.6586
0 -5.64416
0 -5.39819
0 -5.61025
0 -5.39685
0 -5.49838
0 -5.38556
0 -5.52986
0 -5.44624
0 -5.76094
0 -5.33424
0 -5.43928
0 -5.4329
0 -5.45037
0 -5.43412
0 -5.54731
0 -5.35386
0 -5.42192
0 -5.45902
0 -5.6184
0 -5.59393
0 -5.39076
0 -5.5363
0 -5.75912
0 -5.61763
0 -5.62177
0 -5.4794
0 -5.62452
0 -5.70189
0 -5.01897
0 -5.45013
0 -5.29663
0 -4.69741
0 -5.57317
0 -5.5394
0 -5.5529
0 -5.59798
0 -5.64594
0 -5.44842
0 -5.7621
0 -4.53763
0 -4.98698
0 -4.9139
0 -5.24206
0 -4.6523
0 -4.83234
0 -4.62397
1 -4.61619
4 -4.7849
0 -4.69426
0 -4.73543
1 -4.76583
1 -4.73072
1 -4.79948
0 -4.76647
0 -4.734
0 -4.8474
4 -4.7878
0 -4.73914
1 -4.80782
1 -4.93898
5 -5.06903
0 -4.81225
0 -4.68657
3 -4.69837
0 -4.97312
0 -4.68275
0 -5.14335
2 -4.82197
0 -4.64843
3 -4.72806
1 -4.93358
1 -4.77711
0 -4.62977
0 -4.96152
0 -4.63182
0 -4.73745
0 -4.76632
0 -4.97504
0 -4.65261
0 -4.69063
1 -4.87845
1 -5.27602
0 -4.53568
0 -4.84374
0 -4.7719
2 -5.16546
3 -4.97894
0 -4.81862
3 -4.92434
0 -4.87105
0 -5.03321
1 -4.53465
0 -4.9149
1 -4.78049
0 -4.65889
4 -4.68498
0 -4.81082
0 -4.96165
2 -4.76984
0 -4.48036
0 -5.13493
2 -4.86299
0 -4.68793
0 -4.74811
0 -4.52508
0 -4.9249
1 -4.72583
0 -4.86142
1 -4.90798
1 -4.68415
0 -5.00085
0 -4.43322
0 -5.05691
0 -4.803
1 -4.86066
1 -4.83963
3 -5.03697
0 -4.74913
0 -4.86134
1 -4.88339
0 -4.5648
1 -4.83882
0 -4.64874
0 -4.92802
0 -4.96105
1 -5.02273
0 -4.98814
1 -4.45982
0 -4.65442
1 -4.49136
0 -4.58323
0 -4.40675
0 -3.6946
1 -4.4712
0 -4.37307
0 -4.35539
6 -4.62649
2 -4.41261
0 -4.71482
1 -4.25535
0 -4.17599
1 -4.60891
0 -4.42747
0 -4.0267
3 -4.42559
0 -4.43062
0 -5.06264
1 -4.74312
0 -4.42027
0 -4.6734
0 -4.55788
0 -4.47355
0 -4.70054
0 -4.45714
0 -3.91648
0 -4.48346
0 -4.61408
0 -4.24738
0 -3.90848
0 -4.34279
0 -4.56886
0 -4.45353
0 -4.28818
0 -4.11012
0 -4.44499
1 -4.02484
0 -4.6755
0 -4.63808
0 -4.205
0 -4.42906
1 -4.36038
0 -4.62165
0 -4.64044
0 -4.19012
0 -4.53858
0 -4.28794
0 -3.79579
0 -4.64789
0 -4.62328
0 -4.31009
0 -4.76974
0 -4.43229
0 -4.66992
0 -4.77236
0 -4.95316
0 -4.47889
7 -4.45218
0 -3.86045
0 -4.66498
0 -4.86902
0 -4.71161
0 -4.67864
0 -4.61888
0 -3.83542
0 -4.52377
1 -4.49064
4 -4.58284
0 -4.28693
0 -4.47838
15 -4.01809
0 -4.91141
1 -4.47246
0 -4.83719
4 -4.34669
0 -4.35566
0 -4.07693
3 -4.6751
1 -4.79072
2 -4.96523
0 -4.3978
1 -4.19785
0 -4.59729
0 -4.54954
0 -3.70503
0 -3.91068
1 -3.82761
0 -3.33613
0 -4.52793
0 -3.82458
1 -4.85428
0 -4.87899
1 -4.76645
0 -4.36174
0 -5.0034
0 -4.61118
0 -5.14089
0 -4.08224
0 -5.21117
0 -4.7819
0 -5.12032
0 -4.96796
1 -5.01757
0 -4.32498
0 -4.91344
0 -4.91305
0 -4.74137
0 -5.02791
0 -4.98846
1 -4.7015
0 -4.55219
1 -4.71844
2 -4.44041
0 -4.65422
0 -4.91379
1 -4.72479
0 -4.62674
0 -5.004
0 -4.1114
0 -4.98561
0 -5.07031
0 -5.31144
0 -5.08769
1 -4.78628
0 -4.9497
0 -4.67453
1 -4.49852
0 -4.6116
0 -4.71136
1 -4.63977
0 -4.40728
2 -4.366
1 -4.51691
1 -4.67037
2 -4.47482
0 -4.77526
1 -4.61614
0 -5.03681
0 -4.48775
0 -4.5541
0 -4.49835
0 -4.75856
0 -4.67961
0 -4.72963
0 -4.66277
1 -4.92209
1 -4.55506
0 -4.46649
7 -4.30946
0 -4.93111
0 -4.96932
1 -4.40881
0 -4.77857
0 -4.56784
0 -4.55056
0 -4.57807
1 -4.46852
0 -4.53073
0 -4.69304
0 -4.58911
1 -4.62958
1 -4.41654
0 -4.73487
0 -4.44583
0 -4.42828
3 -4.63233
1 -4.71943
0 -4.84094
0 -4.83087
0 -4.59203
2 -4.47401
2 -4.46901
0 -5.04537
1 -4.46446
0 -4.6421
0 -4.52548
1 -3.86105
0 -4.52721
1 -4.67615
0 -4.53331
0 -4.91476
0 -4.39258
0 -4.55846
0 -4.64857
1 -4.77623
0 -4.69321
0 -4.81344
1 -4.8714
1 -4.72632
0 -4.64282
0 -4.60626
0 -4.67334
1 -4.52144
0 -4.88011
0 -4.87894
0 -4.92532
0 -4.46586
2 -4.91182
1 -4.08521
4 -4.15837
0 -3.97018
5 -4.19591
1 -3.92732
3 -4.00829
2 -4.10853
1 -4.24296
0 -3.97841
4 -4.15027
0 -4.26329
2 -4.19619
0 -3.96464
0 -3.92023
1 -4.09766
0 -4.00895
0 -4.03631
1 -4.27307
0 -4.09023
1 -4.08969
9 -4.12315
0 -4.20339
12 -4.18921
0 -4.08924
0 -4.07572
10 -4.26329
0 -3.86183
0 -4.15537
0 -4.15865
3 -4.21105
0 -3.92226
5 -4.18638
0 -4.06709
3 -3.98502
2 -3.99724
0 -4.12485
0 -4.15115
3 -3.99401
2 -4.25626
6 -4.15743
1 -3.96001
3 -4.24216
0 -4.10575
0 -4.28416
0 -3.92381
1 -4.3164
0 -5.10726
0 -5.79617
0 -4.85983
0 -5.0351
0 -5.19227
0 -5.89431
0 -5.08226
0 -11.326
0 -5.38442
0 -5.3593
0 -4.81509
0 -5.6629
0 -5.0524
0 -5.33308
0 -4.70479
0 -5.07969
0 -5.20789
0 -5.57122
0 -5.18683
0 -4.697
0 -5.08713
0 -5.43208
0 -5.17823
0 -5.85179
0 -5.33235
0 -4.99526
0 -5.24523
0 -5.21175
0 -5.78521
0 -5.16287
0 -5.34242
0 -5.42031
0 -5.07887
0 -5.27598
0 -4.68183
0 -5.07365
0 -5.14589
0 -5.15569
0 -5.14495
0 -5.16621
0 -5.29136
0 -4.92597
0 -5.10344
0 -5.33801
0 -5.25133
0 -5.45136
0 -4.65033
0 -5.08495
0 -5.14526
0 -5.17859
1 -5.26769
0 -5.33812
0 -5.3472
0 -5.09365
0 -5.12526
0 -4.20639
0 -6.48801
0 -5.34208
0 -5.38125
0 -4.26818
0 -5.022
0 -5.14038
0 -5.1466
0 -5.29521
0 -5.13984
0 -4.31693
0 -4.14897
2 -4.18947
0 -4.35719
0 -3.8475
2 -4.13056
8 -4.11282
0 -4.0595
0 -4.21035
1 -4.24941
0 -3.98246
0 -4.46459
0 -4.45285
0 -4.07142
0 -4.10433
1 -4.09798
0 -4.17055
0 -4.08071
2 -3.99418
2 -4.35405
0 -4.20477
0 -4.10148
0 -4.40556
1 -4.19014
0 -4.20801
0 -3.95897
1 -4.02417
1 -4.3171
0 -4.14681
0 -4.09584
2 -4.20466
0 -3.79973
1 -4.13118
3 -4.03882
0 -3.92162
0 -4.18411
1 -4.26986
0 -4.18802
0 -4.08251
0 -4.32301
0 -4.31747
0 -4.37992
0 -4.19682
0 -4.33356
0 -4.07512
0 -4.17394
0 -3.94968
5 -4.27455
0 -4.02002
3 -4.01869
0 -4.23491
0 -4.34529
1 -4.14694
0 -4.18373
0 -4.11557
1 -4.23732
0 -4.03838
1 -4.33575
1 -3.8775
0 -4.25113
3 -4.3405
0 -4.15491
1 -3.95404
0 -4.58732
0 -4.15243
0 -4.1469
1 -4.31777
0 -4.12292
0 -4.294
0 -4.13806
0 -3.99875
1 -4.13464
0 -4.1178
0 -4.2051
1 -4.39321
0 -4.42159
0 -4.0849
1 -3.79123
0 -4.15631
2 -4.04474
0 -4.18655
1 -4.22081
1 -4.10681
0 -4.40712
3 -4.15801
0 -4.10904
0 -4.0734
0 -4.08106
0 -3.79636
0 -4.0281
1 -4.16953
0 -4.19418
0 -4.27241
0 -3.9682
0 -4.52068
0 -4.4105
4 -3.99187
0 -3.52634
10 -4.01684
1 -3.0961
0 -4.14483
0 -4.4738
1 -2.93548
0 -3.95458
0 -3.60573
1 -3.897
0 -3.90361
0 -3.94413
6 -2.81612
3 -4.05179
35 -3.32628
0 -3.87582
0 -4.13808
0 -4.00792
1 -4.09827
8 -3.82398
2 -3.85034
1 -3.59022
0 -4.01966
3 -2.63832
0 -4.0056
0 -3.93217
1 -3.98801
1 -3.72589
1 -3.19991
0 -4.10006
75 -2.17482
0 -3.89865
0 -4.45309
0 -4.14989
0 -3.72708
1 -3.90813
0 -3.91235
0 -4.10191
0 -4.32564
0 -3.37656
0 -3.96402
0 -3.94542
21 -4.06357
0 -4.00805
0 -3.68266
7 -3.87997
0 -3.72536
0 -3.51657
1 -4.04009
1 -4.13002
0 -3.86714
0 -3.67951
0 -3.3646
0 -3.523
0 -3.61588
1 -4.01695
42 -3.56883
0 -3.55097
0 -3.43118
1 -4.08916
19 -4.05771
2 -3.37204
0 -3.5745
2 -2.60077
0 -4.30797
4 -1.99092
0 -4.12892
10 -3.36794
0 -3.1634
2 -3.94754
7 -2.7395
1 -4.03652
0 -3.85073
0 -4.13727
1 -3.80384
1 -3.79939
0 -3.44623
0 -4.08295
19 -3.60325
0 -3.98519
3 -4.03199
0 -2.95895
0 -3.56215
20 -3.75084
0 -3.56694
0 -3.83169
0 -3.83673
0 -3.39228
0 -3.44743
0 -4.48716
2 -4.173
4 -4.05762
0 -3.9385
3 -3.81468
1 -3.65054
0 -3.79872
0 -3.87119
0 -4.06722
0 -4.14142
1 -4.15242
88 -3.40554
0 -4.08565
0 -4.08975
1 -3.72716
5 -3.80381
0 -4.42972
5 -4.0088
201 -2.01045
0 -3.91658
2 -3.67249
2 -4.07241
1 -4.07895
2 -3.95933
1 -3.60732
0 -2.19796
2 -4.05522
1 -4.37936
0 -3.94083
0 -4.20995
1 -3.45373
5 -4.09704
0 -3.17518
17 -4.02239
1 -2.36747
24 -2.31387
6 -4.02365
0 -3.91758
2 -3.19895
5 -4.02851
1 -3.91121
0 -2.53855
0 -3.98014
0 -3.85496
0 -3.73882
0 -4.11101
0 -3.08758
3 -2.73856
0 -3.5653
2 -4.14047
1 -3.61938
0 -3.94825
1 -2.98665
7 -3.34668
2 -3.95328
0 -4.0693
3 -3.96096
0 -3.95663
0 -4.29291
6 -2.88037
0 -3.92515
2 -3.83705
0 -3.50872
0 -3.55611
4 -3.88113
0 -3.25831
0 -4.07208
0 -3.97026
0 -3.50752
0 -3.73095
1 -3.49907
0 -2.63808
2 -3.4881
0 -3.46246
3 -3.68864
0 -3.87042
0 -3.91063
0 -3.84625
1 -4.15865
17 -4.02671
0 -3.85212
0 -4.08471
0 -3.92009
0 -3.96631
2 -3.86426
0 -3.94848
0 -3.65303
60 -2.86104
1 -4.22976
0 -3.95495
4 -4.26391
0 -3.95818
0 -4.15379
1 -4.17313
2 -3.59165
1 -3.19597
4 -4.077
2 -4.04875
0 -2.62397
0 -4.03734
0 -4.43278
1 -3.48406
0 -3.62031
1 -4.0214
1 -2.76634
4 -3.18281
0 -4.6396
1 -3.91516
3 -4.16745
0 -3.68241
1 -4.01642
0 -4.11663
0 -3.99223
0 -3.97481
12 -2.75269
0 -3.71508
0 -3.45359
0 -3.7529
0 -3.87976
1 -3.99795
0 -3.8862
1 -4.02212
0 -4.01201
10 -1.81203
0 -3.79439
0 -3.78311
0 -3.93496
0 -3.46521
0 -3.96325
38 -3.82925
2 -3.95765
0 -3.14827
0 -3.54926
2 -4.38121
0 -3.67039
3 -3.80253
13 -3.723
1 -4.12427
0 -4.05431
2 -4.08758
0 -3.41208
0 -3.09162
2 -2.79087
1 -4.06426
2 -3.2235
1 -4.08374
0 -3.84263
0 -3.65507
0 -4.00039
24 -2.56235
0 -3.58885
0 -4.34759
7 -4.23542
0 -4.0985
4 -2.00718
11 -4.04889
0 -3.59216
1 -3.54059
1 -4.13168
0 -4.1019
0 -3.67148
0 -3.86424
0 -2.44581
3 -2.6057
0 -4.41846
0 -4.97065
0 -4.84785
0 -4.60098
0 -5.07871
1 -4.76181
0 -4.8195
0 -4.3051
0 -4.26137
0 -4.20036
0 -4.48826
0 -4.67949
0 -4.19026
0 -4.52071
0 -4.93428
0 -4.5385
0 -5.17165
1 -4.33606
1 -3.38369
0 -4.72623
0 -4.63475
0 -4.91818
0 -4.70416
1 -4.81604
0 -4.6198
0 -4.85021
0 -4.32256
0 -4.27025
0 -4.70287
0 -5.15992
0 -4.83641
0 -5.30642
0 -5.26518
0 -5.30418
0 -4.12851
0 -5.21599
0 -5.14248
0 -5.17601
0 -5.21014
0 -5.00996
0 -5.23208
0 -4.94252
0 -5.10912
0 -4.06952
0 -4.42237
0 -4.27581
2 -4.27289
0 -3.99183
0 -3.83435
1 -4.06149
0 -3.86348
0 -3.87172
0 -4.2826
0 -4.22465
0 -3.85521
0 -3.9348
0 -4.17545
0 -4.22969
0 -4.22733
2 -4.00352
0 -4.28427
1 -4.03334
0 -3.9652
0 -4.05005
0 -4.26334
0 -4.00969
0 -4.3214
0 -4.12852
0 -3.98172
0 -4.36002
0 -3.90739
0 -3.86758
0 -3.9143
0 -4.22491
0 -4.17501
0 -4.21983
0 -4.06397
0 -3.92085
0 -3.88482
0 -4.28002
0 -3.886
0 -3.97083
0 -4.01348
0 -4.08139
0 -4.25157
0 -3.93556
0 -4.31394
1 -3.99292
0 -4.00359
0 -4.19146
0 -3.96958
0 -3.89854
2 -4.47256
0 -4.72843
0 -4.7674
0 -4.3958
0 -4.76069
0 -3.9904
0 -4.67054
3 -4.52058
0 -4.85806
0 -4.86922
0 -4.76003
0 -4.59556
1 -4.78069
0 -4.59497
0 -4.44861
0 -4.64907
0 -3.84311
0 -4.82754
1 -4.63146
1 -4.55502
0 -4.59265
0 -4.62721
1 -4.8386
0 -4.91495
0 -4.64634
0 -4.94656
0 -4.50416
0 -4.08481
1 -4.50273
0 -4.68464
0 -4.56335
20 -4.52803
0 -4.90562
0 -4.72521
0 -4.92415
0 -4.69884
1 -5.01662
0 -3.88186
0 -4.75841
0 -4.81086
0 -4.84983
0 -4.53966
2 -4.69301
0 -4.68464
0 -4.76116
1 -4.83404
1 -4.75069
0 -4.68486
0 -4.05414
0 -4.84114
0 -4.53267
1 -4.81601
0 -4.61253
1 -4.66502
0 -4.60585
1 -4.67241
0 -4.35372
2 -4.83272
0 -4.74975
0 -4.25094
0 -4.58072
0 -4.80822
0 -4.7901
0 -4.61831
0 -4.70901
0 -4.81011
0 -4.68412
0 -4.72581
0 -3.88497
0 -4.40715
0 -4.62126
0 -4.44407
0 -4.96746
1 -4.70458
0 -4.46059
0 -4.73825
0 -4.81608
0 -4.50075
0 -4.7817
0 -4.13819
7 -4.74516
0 -5.01656
0 -4.84863
0 -4.56475
1 -4.78415
0 -4.75995
1 -4.88898
0 -4.58475
0 -4.5164
0 -4.293
0 -4.97456
1 -4.61529
0 -4.58076
0 -4.72278
0 -4.94711
0 -4.58462
0 -4.613
1 -4.40726
0 -4.82107
5 -4.18888
1 -3.9889
0 -4.66161
1 -6.28464
0 -4.72443
0 -4.84804
0 -4.30176
0 -4.15358
1 -4.2228
0 -3.86615
0 -4.13706
0 -4.03345
0 -3.78826
0 -4.22096
0 -4.26081
0 -4.09749
0 -4.14997
1 -4.3433
0 -4.37735
0 -3.98543
0 -3.90686
0 -4.46893
1 -4.65972
0 -4.59876
0 -4.70128
0 -4.62545
0 -4.81245
0 -4.64317
1 -4.83309
0 -4.5671
1 -4.35893
1 -4.57706
0 -4.67429
0 -4.4233
1 -4.63122
0 -4.63848
0 -4.77998
1 -4.60685
1 -4.55747
0 -4.62386
0 -4.97749
0 -5.18511
0 -4.56167
0 -4.74235
2 -4.80523
0 -4.83529
0 -4.62918
0 -4.90736
0 -4.87365
0 -4.65007
0 -4.83105
0 -4.36456
0 -5.28078
0 -4.37996
4 -4.41851
0 -5.07628
0 -4.77327
0 -5.03898
0 -4.665
0 -5.21359
0 -4.52893
0 -4.81266
0 -4.54267
0 -5.00027
5 -4.85431
0 -5.22162
0 -4.40889
0 -4.35538
3 -4.48691
2 -5.22781
0 -5.11149
0 -5.1002
0 -4.5559
0 -4.99076
0 -4.50631
0 -5.0475
0 -4.5657
0 -4.36696
0 -4.66067
0 -4.1574
0 -4.46822
0 -4.64635
0 -4.68688
0 -4.3667
0 -4.4672
0 -4.46212
0 -4.45136
0 -4.38798
0 -4.66045
1 -4.48027
0 -4.72563
1 -4.74484
2 -4.69522
2 -4.6354
0 -4.5365
0 -4.60993
1 -4.67602
0 -4.46461
0 -4.25846
1 -4.09951
0 -3.86887
0 -4.53825
0 -4.70124
1 -4.52761
0 -4.09488
0 -4.65835
3 -4.02101
0 -4.57677
0 -4.38498
0 -4.45823
0 -4.28725
0 -4.80417
0 -4.6193
0 -4.5732
0 -4.39649
0 -4.35087
0 -4.63621
1 -4.26869
0 -4.42386
0 -4.43079
0 -4.39486
0 -4.21702
0 -4.45376
0 -4.42902
0 -4.56957
0 -4.30329
0 -4.46343
0 -5.53033
0 -4.60098
0 -4.41808
0 -4.60557
0 -4.14033
0 -5.11053
0 -5.36978
0 -5.2958
0 -5.41215
0 -5.36718
0 -5.15818
0 -5.38347
0 -5.44911
0 -5.30093
0 -5.22961
0 -5.2044
0 -5.07823
0 -5.09093
0 -5.17334
0 -5.67834
0 -5.43443
0 -5.25624
0 -5.28462
0 -5.6856
0 -5.18658
0 -5.31599
0 -5.09847
0 -5.04998
0 -5.18848
0 -5.28212
0 -5.41321
0 -5.29147
0 -5.17546
0 -5.16967
0 -5.10983
0 -5.54425
0 -5.10169
0 -4.94984
0 -5.40851
0 -5.43066
0 -5.47486
0 -5.22269
0 -5.66329
0 -5.1583
0 -4.73983
1 -5.04323
0 -5.18587
0 -5.57312
0 -5.43278
0 -5.35355
0 -5.5461
0 -5.19925
0 -5.27282
0 -5.30784
0 -5.25514
0 -5.31589
0 -5.1218
0 -5.12686
0 -5.06498
0 -5.32684
0 -5.36737
0 -5.17431
0 -5.25571
0 -5.3601
0 -5.35615
0 -5.32747
0 -5.18463
0 -5.00672
0 -5.38513
0 -4.96279
0 -5.39609
0 -5.34298
2 -5.28997
1 -5.33542
0 -5.12514
0 -5.29901
0 -5.28182
0 -5.13158
0 -5.0728
0 -5.21544
0 -5.24183
0 -5.19023
0 -5.3161
0 -5.01392
0 -4.94429
0 -5.21257
0 -5.22149
0 -4.90208
0 -5.21135
0 -5.19622
0 -5.01933
0 -5.2066
0 -5.01578
0 -5.43844
0 -5.34346
0 -5.32226
0 -5.04967
0 -5.20541
0 -5.11304
0 -5.14838
5 -4.04817
0 -4.3753
2 -4.64998
1 -4.65921
0 -4.66964
0 -4.45296
2 -4.42596
0 -4.18752
1 -4.63855
2 -3.99126
0 -4.54835
4 -4.53026
1 -3.51205
0 -4.36394
2 -4.02684
3 -4.27993
1 -4.53951
3 -4.88695
46 -3.87417
2 -4.19407
0 -4.68727
0 -4.68278
0 -4.44668
5 -4.20446
0 -4.90117
0 -4.64828
3 -4.37017
1 -4.48076
2 -4.65296
13 -4.23943
1 -4.6654
0 -4.65879
5 -4.19018
9 -4.57444
0 -4.40389
6 -3.91421
9 -4.50304
2 -4.28306
0 -4.84701
1 -4.23585
1 -4.54599
7 -3.96585
1 -4.49416
0 -4.67719
0 -4.55418
0 -4.81656
2 -4.51554
5 -4.58625
2 -4.37
0 -4.58475
0 -4.50078
0 -4.67551
4 -3.90649
2 -4.57617
3 -4.67486
1 -4.50631
0 -4.65878
0 -4.48102
0 -4.48349
0 -4.57117
0 -4.37259
0 -4.31009
0 -4.23045
0 -4.76839
0 -4.73228
0 -4.58057
0 -4.70017
0 -3.84292
0 -3.75753
0 -4.35182
0 -4.62318
0 -4.3277
1 -4.26958
0 -4.15406
1 -4.67171
0 -4.62067
0 -4.68438
2 -4.61654
0 -4.58729
0 -4.34089
0 -4.75556
0 -4.99232
0 -4.75216
0 -4.68244
0 -4.08993
0 -4.89268
1 -4.6525
0 -4.59912
0 -4.5177
0 -4.52412
0 -4.61466
0 -4.88789
0 -4.00038
0 -4.56395
0 -4.77437
2 -4.20787
0 -4.74058
0 -4.85953
0 -4.19453
0 -4.18284
1 -4.58521
0 -4.23498
0 -4.6013
0 -4.71492
0 -4.5963
0 -4.6047
0 -4.19708
0 -4.21989
0 -4.60667
0 -4.36329
0 -5.05217
0 -4.18696
0 -4.40883
0 -4.20556
0 -4.62387
0 -4.81005
0 -4.65405
0 -4.71475
1 -4.69396
0 -4.55238
2 -4.59309
3 -4.62826
2 -4.7998
1 -4.96157
10 -4.65661
1 -4.96234
0 -4.86515
0 -4.77409
