1 -4.31392
3 -4.23977
1 -4.22771
3 -4.16778
0 -3.7238
0 -4.12765
0 -4.11627
0 -3.83988
0 -4.05765
0 -4.14624
0 -4.19436
0 -4.10661
0 -4.06782
1 -4.24375
0 -4.17228
0 -4.04214
0 -4.09701
0 -4.19518
0 -4.13319
0 -3.93027
0 -3.94628
0 -3.88613
0 -4.00429
1 -4.14228
0 -3.9757
1 -3.97846
0 -3.9508
1 -4.13985
0 -4.06127
1 -4.20195
0 -4.07104
0 -4.09404
1 -4.16271
0 -3.84468
0 -4.22011
0 -3.5686
1 -4.1231
1 -4.28524
6 -4.09307
0 -4.12479
0 -4.30603
1 -4.25976
0 -4.15576
0 -4.20536
0 -3.88466
1 -3.98283
2 -4.39286
0 -4.07396
0 -4.17877
0 -4.09077
5 -3.78709
0 -4.25262
8 -4.0179
3 -4.01532
1 -4.23601
0 -3.86174
0 -4.00353
0 -4.01445
0 -4.15962
0 -4.30247
1 -4.22651
3 -4.24204
0 -3.89785
0 -4.09834
0 -4.12789
1 -4.09363
0 -4.10614
0 -4.1274
0 -3.91394
0 -4.10657
4 -3.73463
2 -3.95516
0 -3.8475
0 -3.64539
2 -3.71892
19 -3.32431
0 -3.32637
2 -3.74798
1 -3.71262
0 -3.98289
2 -3.37492
1 -3.75559
0 -3.50298
0 -3.58064
8 -3.67878
1 -3.94598
2 -3.60017
0 -4.18215
0 -3.54711
0 -4.2845
0 -3.5382
0 -3.67089
0 -3.75976
0 -3.16922
0 -3.07424
0 -3.6804
0 -3.61919
10 -3.39567
1 -4.08414
1 -3.65864
1 -3.95957
0 -3.93581
0 -5.3034
4 -3.64015
0 -3.53053
0 -3.86147
0 -3.60774
0 -3.61415
0 -3.73504
1 -3.60747
1 -3.66132
2 -3.5554
27 -2.75475
0 -3.57857
1 -3.9912
1 -4.16658
0 -3.49271
9 -3.32767
1 -3.34096
13 -3.48459
4 -3.57264
5 -3.31139
8 -3.51506
0 -3.54926
4 -3.63844
2 -3.45895
0 -4.12976
1 -3.91967
11 -3.55528
0 -3.5757
0 -3.64064
0 -3.73134
0 -3.86422
1 -3.54923
0 -3.96974
0 -4.1803
0 -4.24858
0 -4.03099
0 -3.75193
0 -3.97571
0 -4.1231
0 -4.14796
1 -4.1571
5 -4.01958
1 -4.21675
0 -3.99205
0 -4.00264
3 -3.91053
0 -4.12218
0 -4.06112
1 -3.81648
0 -4.15916
1 -4.02595
2 -4.06056
0 -4.20056
0 -3.62052
0 -4.16476
0 -3.86923
3 -4.00304
0 -4.30797
0 -3.99099
1 -4.00491
0 -4.16048
0 -4.20157
2 -4.19226
0 -3.97531
0 -2.99757
1 -3.81753
0 -3.95351
5 -4.05861
2 -3.98436
1 -3.71128
1 -4.33466
0 -3.90004
2 -4.20847
0 -3.88416
0 -4.39426
0 -4.14799
2 -4.04357
0 -3.73463
4 -3.87599
0 -4.35671
0 -3.88582
1 -4.31322
0 -4.10606
1 -3.66687
0 -3.55054
0 -4.22656
0 -4.07443
0 -3.95858
0 -3.87302
0 -4.24262
3 -4.21469
6 -4.14758
0 -4.08743
0 -4.05747
10 -3.87706
1 -4.0382
0 -4.212
1 -3.98863
0 -4.02533
2 -3.38164
0 -3.98919
10 -3.89088
0 -4.01804
4 -3.83518
1 -4.04765
1 -4.18179
0 -4.25164
0 -4.08891
0 -4.18057
3 -4.18839
3 -4.19649
0 -3.98626
0 -4.01107
0 -4.179
0 -4.05789
3 -4.06037
0 -4.03077
0 -4.12198
0 -4.12315
0 -4.03671
0 -3.95181
2 -3.99496
1 -4.15
0 -4.12736
0 -4.24207
0 -3.85247
0 -4.00923
0 -3.94034
0 -4.06433
0 -3.91701
0 -3.85886
0 -4.14293
0 -4.0086
0 -3.96031
0 -3.95934
0 -3.90777
0 -4.07416
0 -3.87562
0 -4.07737
1 -4.01121
1 -4.30083
0 -4.08314
0 -4.17006
0 -4.0973
0 -4.28217
1 -3.6638
0 -4.08641
0 -4.10238
1 -4.11833
1 -3.97781
0 -4.05714
0 -4.12316
0 -3.28023
0 -3.82876
0 -3.6942
3 -4.17288
0 -4.0393
0 -3.78573
0 -4.05076
0 -3.63239
1 -4.01397
0 -4.04976
0 -4.10145
3 -3.98848
0 -4.08641
0 -3.97786
1 -3.89334
0 -3.75855
0 -3.99964
0 -4.01654
2 -3.90115
0 -3.85574
0 -3.9806
0 -4.17067
0 -3.97417
0 -4.20108
0 -3.85743
0 -3.86586
0 -4.18918
0 -3.96324
1 -4.17798
0 -4.11723
2 -4.06322
0 -4.00861
0 -4.1554
0 -4.06893
0 -3.91952
1 -3.95551
1 -4.08081
1 -3.92758
0 -4.05031
1 -4.10937
1 -3.90777
1 -3.99087
2 -4.80639
0 -4.70273
0 -4.84224
1 -4.8133
0 -4.54403
1 -4.62231
0 -4.7861
0 -4.65162
0 -4.56815
0 -4.82494
0 -4.27118
0 -4.68856
0 -4.66323
0 -4.8484
0 -4.22583
0 -4.09895
0 -4.50584
0 -4.68479
0 -4.57428
0 -4.55343
0 -4.6399
0 -4.69095
0 -4.33656
0 -4.54212
0 -4.793
0 -4.32702
0 -4.58583
0 -4.67835
0 -4.52578
0 -4.43092
0 -4.44399
0 -4.79571
3 -4.15503
0 -4.55864
0 -4.50342
0 -4.42359
0 -4.97773
0 -4.38247
0 -4.31286
0 -4.59079
0 -4.52196
0 -4.79681
0 -4.55812
1 -4.5605
0 -4.37591
0 -4.65057
0 -4.44757
0 -4.64324
0 -4.44957
0 -4.63229
0 -4.57266
0 -4.53368
2 -4.59989
0 -4.71247
0 -4.68326
0 -4.62911
0 -4.68997
0 -4.62491
65 -4.066
1 -4.71027
0 -4.53852
1 -4.44928
0 -4.65497
0 -4.78512
27 -4.32961
0 -4.77761
0 -4.66779
2 -4.56121
0 -4.45754
0 -4.81443
0 -4.47589
0 -4.62876
0 -4.2452
0 -4.65954
1 -4.68867
0 -4.34949
0 -4.49048
0 -4.36694
0 -4.42286
0 -4.51443
1 -4.63094
0 -4.50158
0 -4.59358
1 -4.51073
0 -4.65474
0 -4.60046
0 -4.50228
6 -4.28883
2 -4.59586
2 -4.59557
1 -4.46463
14 -4.5864
3 -4.5528
0 -4.67867
0 -4.48836
0 -4.65883
0 -4.71954
0 -4.52173
2 -4.60342
1 -4.66797
0 -4.69351
2 -4.64481
4 -4.63126
0 -4.70156
0 -4.52575
0 -4.61548
1 -4.73084
0 -4.68674
0 -4.44383
0 -4.69771
1 -4.65891
0 -4.72976
0 -4.76025
0 -4.51543
3 -4.54555
0 -4.5479
2 -4.86239
0 -4.57302
0 -4.46093
0 -5.21554
0 -4.51984
0 -4.69424
0 -4.67568
4 -4.40037
1 -4.53181
0 -4.45308
2 -4.77462
0 -4.58775
0 -4.67027
1 -4.5679
0 -4.43619
0 -4.55997
0 -4.69162
0 -4.65284
0 -4.79918
0 -4.69196
0 -4.64224
0 -4.60954
0 -4.61435
0 -4.57473
0 -4.49547
8 -4.5184
1 -4.67805
4 -4.445
0 -4.66428
0 -4.63474
4 -4.72775
0 -4.60881
0 -4.63174
0 -4.62359
0 -4.74347
0 -4.48056
0 -4.58884
0 -4.49559
0 -4.57538
0 -4.65293
0 -4.55653
0 -4.33478
1 -4.50963
0 -4.61469
0 -4.48732
0 -4.67384
2 -4.60231
0 -4.60214
0 -4.63064
0 -4.63229
1 -4.42346
1 -4.66299
1 -4.62991
0 -4.58791
0 -4.57037
0 -4.60839
0 -4.64643
0 -4.79064
0 -4.74997
0 -4.34536
0 -4.71993
0 -4.68652
0 -4.62937
0 -4.72434
0 -4.4734
0 -4.59773
1 -4.58447
0 -4.72407
0 -4.60209
0 -4.66796
0 -4.49766
1 -4.63116
0 -4.50784
6 -4.27251
0 -4.62636
0 -4.49643
0 -4.62454
2 -4.52558
0 -4.62177
0 -4.58037
0 -4.6432
1 -4.54911
0 -4.71806
0 -4.67467
0 -4.7283
0 -4.5753
0 -4.501
0 -4.3466
0 -4.54381
0 -4.64033
0 -4.32941
0 -4.48102
1 -4.60237
0 -4.49449
0 -4.55917
0 -4.67352
0 -4.60939
0 -4.57557
0 -4.67448
0 -4.65978
0 -4.55537
0 -4.61102
0 -4.4345
0 -4.64147
0 -4.67733
1 -4.55389
0 -4.45543
0 -4.56448
0 -4.70915
0 -4.55874
1 -4.42773
0 -4.7333
1 -4.58659
0 -4.67835
0 -4.67532
0 -4.5678
0 -4.44708
0 -4.65622
1 -4.71382
0 -4.59384
0 -4.71349
0 -4.57332
0 -4.42713
0 -4.50211
1 -4.34783
0 -4.55726
0 -4.67122
2 -4.60268
1 -4.69306
0 -4.62708
0 -4.69063
0 -4.43294
0 -4.59242
0 -4.63863
0 -4.64549
0 -4.61006
0 -4.64845
0 -4.79481
0 -4.68155
0 -4.61736
0 -4.58984
0 -4.72734
0 -4.56155
0 -4.60259
2 -4.36235
0 -4.74629
0 -4.50036
0 -4.28986
0 -4.60078
0 -4.46656
0 -4.80304
0 -4.64511
0 -4.72004
0 -4.49943
0 -4.65691
0 -4.59654
0 -4.4327
0 -4.71165
0 -4.63995
0 -4.67759
1 -4.69154
0 -4.7232
0 -4.59959
0 -4.54566
0 -4.4913
0 -4.70713
0 -4.70911
0 -4.53654
0 -4.61072
1 -4.63218
2 -4.63385
0 -4.43614
1 -4.54314
1 -4.66934
0 -4.46376
0 -4.71316
1 -4.48387
2 -4.7389
0 -4.30507
0 -4.61779
0 -4.70779
0 -4.67936
0 -4.52759
0 -4.55457
1 -4.55544
0 -4.53906
0 -4.69274
1 -4.56609
0 -4.55842
0 -4.46789
1 -4.42218
2 -4.69273
0 -4.7436
0 -4.46033
0 -4.71199
0 -4.72361
0 -4.64566
6 -4.59135
1 -4.59935
0 -4.63372
0 -4.37205
0 -4.57087
3 -4.58672
0 -4.58018
0 -4.7138
0 -4.57175
0 -4.59478
0 -4.21442
0 -4.53871
0 -4.40027
0 -4.58065
0 -4.69802
0 -4.55024
0 -4.53305
0 -4.68093
0 -4.68674
0 -4.65878
0 -4.70439
0 -4.69553
0 -4.64848
0 -4.28356
0 -4.29074
0 -4.28013
0 -4.17442
0 -4.04343
0 -4.29488
0 -3.52544
0 -4.27342
0 -4.25874
0 -4.17759
0 -4.35891
0 -4.17625
0 -4.06937
0 -4.29118
0 -4.36412
0 -4.35625
0 -4.14193
0 -4.17121
0 -4.26265
0 -4.34105
0 -4.23597
0 -4.09133
0 -4.3721
0 -4.05188
0 -5.04819
0 -4.35855
0 -4.16344
0 -3.76588
1 -3.90429
0 -4.37827
0 -4.26092
0 -4.25839
0 -4.24918
0 -3.93283
0 -4.15226
0 -4.22996
0 -4.27675
0 -4.07228
0 -4.68849
0 -4.28059
0 -3.96722
0 -4.27587
0 -4.43866
0 -4.45081
0 -4.38181
1 -4.40917
0 -3.92038
0 -4.67699
0 -4.12067
0 -4.41245
0 -4.34921
0 -4.45158
0 -4.28446
0 -4.2919
0 -4.29669
0 -4.12047
0 -4.22677
0 -4.22268
0 -4.46561
0 -4.15217
0 -4.39333
0 -4.35717
0 -4.31732
0 -4.19336
0 -4.12475
0 -4.45467
0 -4.28146
0 -4.26309
0 -4.35782
0 -4.36583
0 -4.26438
0 -4.27982
0 -4.22791
0 -4.36518
0 -4.46099
0 -4.22424
0 -4.25429
0 -4.10849
0 -4.32441
0 -4.01995
0 -4.27079
0 -4.27785
0 -4.22054
0 -4.31836
0 -4.3169
0 -4.31998
1 -4.06557
0 -3.69334
0 -4.47094
0 -4.16201
0 -4.31326
0 -3.9555
0 -3.98645
0 -4.12677
0 -4.18527
0 -4.31819
0 -4.16603
0 -4.30387
0 -4.12705
0 -4.36387
0 -4.07221
0 -4.07135
0 -4.17582
1 -4.05092
0 -4.14775
0 -4.1602
1 -4.42745
0 -4.36728
1 -4.24824
0 -4.38074
0 -3.04304
0 -4.4628
0 -4.35455
3 -4.55219
0 -4.31144
0 -4.69322
0 -3.94054
0 -3.9664
1 -4.30065
0 -4.27182
0 -4.13503
0 -4.15373
0 -4.4607
0 -4.19992
0 -4.41452
1 -4.38435
0 -4.05562
0 -4.44729
0 -4.25813
0 -3.12701
0 -3.98637
0 -5.18984
0 -4.10927
0 -4.3324
0 -4.24699
0 -4.09759
0 -4.46355
4 -4.17366
0 -4.67773
0 -3.88184
0 -4.47983
0 -4.09128
0 -4.22886
0 -4.20691
0 -4.25861
1 -4.17141
0 -4.14561
0 -4.16632
0 -4.68856
0 -4.04339
0 -4.30472
0 -2.77322
0 -4.59113
0 -4.21422
0 -4.30696
0 -4.37706
0 -4.21869
1 -4.42105
0 -4.0284
4 -4.331
0 -4.31831
0 -3.99194
0 -4.46903
0 -3.91298
0 -4.01841
0 -4.23442
0 -4.26187
0 -4.17838
0 -4.07129
0 -1.78241
0 -3.7894
1 -4.12312
0 -4.16979
0 -4.16703
0 -4.29618
0 -5.80543
0 -4.38195
0 -4.0502
0 -4.2024
0 -4.32437
0 -3.62276
0 -4.32199
0 -4.38314
0 -3.66652
0 -4.66893
0 -4.09212
0 -4.0529
0 -4.29095
0 -4.07943
0 -4.01239
0 -4.36479
0 -4.06767
0 -4.19796
0 -4.30698
0 -4.37859
0 -4.10565
1 -4.61733
0 -4.27968
0 -4.00473
0 -4.26337
0 -3.14592
0 -3.9066
0 -4.1015
1 -4.21692
0 -4.26649
0 -4.20307
0 -4.2765
0 -4.09696
3 -4.42034
0 -4.34404
0 -4.22138
0 -4.39803
0 -4.23289
0 -4.13756
0 -4.37797
0 -4.32996
0 -4.11699
2 -4.28394
0 -4.13286
0 -4.15529
1 -4.30549
0 -4.12243
0 -3.87635
0 -4.37788
0 -3.97218
0 -3.89878
1 -4.18439
0 -3.91067
1 -4.13929
0 -3.9831
0 -4.25448
0 -4.23622
0 -4.21326
3 -3.87084
0 -4.08365
0 -3.7524
0 -4.0214
0 -4.14969
0 -4.04178
2 -4.10488
3 -4.00383
0 -3.69273
0 -4.22188
2 -3.99076
0 -3.85891
0 -4.30002
0 -3.94308
0 -3.98415
0 -4.25752
0 -3.74137
0 -3.75368
0 -3.98925
0 -3.92068
0 -4.18466
0 -4.19735
1 -4.19554
0 -3.82377
0 -4.03298
1 -4.08005
0 -3.66753
2 -4.15647
0 -3.7508
0 -3.98834
2 -4.19565
0 -4.09806
0 -4.1632
1 -4.05476
0 -3.91415
0 -3.94238
0 -3.99899
0 -4.02938
0 -3.9431
0 -3.97568
0 -3.94257
1 -3.82242
0 -4.2723
0 -4.05983
0 -3.89795
1 -3.9074
0 -4.18076
0 -3.87424
0 -4.19538
0 -4.06163
1 -4.26625
0 -4.06962
0 -3.87159
0 -4.01964
0 -4.27429
1 -4.46687
13 -4.44501
23 -4.30461
0 -4.50261
0 -4.42007
4 -4.44384
1 -4.4185
3 -4.44198
0 -4.26674
7 -4.40702
1 -4.39867
8 -4.42903
8 -4.31922
0 -4.28124
26 -4.10331
17 -4.2989
1 -4.45674
1 -4.43024
0 -4.20173
0 -4.33331
3 -4.36159
2 -4.41732
0 -4.43314
17 -4.02245
0 -4.94946
2 -4.78337
3 -4.77523
0 -4.9111
2 -4.72889
0 -5.00679
1 -4.58344
0 -4.84537
10 -4.72268
6 -4.72986
4 -4.83545
3 -4.22028
2 -4.69047
0 -5.32313
0 -5.27428
1 -4.77631
0 -5.30404
0 -5.12032
1 -5.037
0 -4.93462
0 -4.74762
0 -4.98491
0 -4.97308
4 -4.61795
0 -4.52699
0 -4.69135
0 -4.56384
0 -5.21013
0 -5.45287
1 -5.40516
0 -4.88113
0 -4.97408
0 -5.09417
1 -5.24467
0 -5.00673
2 -4.81017
0 -5.38766
11 -4.91705
0 -4.94559
0 -4.92976
0 -5.05619
2 -4.93443
0 -4.69772
0 -5.07886
0 -5.09444
5 -4.66857
0 -4.82722
0 -5.35406
0 -4.89971
0 -4.93445
1 -4.75829
2 -4.61548
0 -5.01069
2 -4.83024
0 -5.16753
0 -4.90818
2 -4.89495
0 -5.01772
1 -4.81377
3 -5.00441
0 -5.34771
0 -5.51362
18 -4.97152
0 -4.90227
0 -5.06779
1 -4.97901
0 -4.96744
0 -5.01248
0 -4.97654
0 -4.95956
1 -4.8651
0 -4.92127
0 -5.28412
0 -4.98065
0 -4.98273
23 -4.83679
0 -4.79241
0 -5.16893
0 -5.13712
0 -4.94331
0 -5.16897
0 -5.20254
0 -4.84333
0 -5.41396
0 -5.05354
3 -4.84858
4 -5.07339
0 -4.58556
0 -5.08452
0 -5.31245
0 -4.9252
1 -5.00272
1 -4.65916
6 -4.79379
32 -4.62223
0 -5.04094
0 -4.89344
1 -4.87447
0 -4.93105
0 -5.05049
0 -5.06523
0 -4.77969
0 -4.68117
0 -4.81123
0 -4.95047
1 -4.70179
0 -4.88336
0 -4.84764
0 -4.85137
0 -4.89796
0 -5.09888
0 -5.35104
0 -4.63756
0 -5.01579
1 -4.73698
0 -4.69617
0 -4.81975
0 -4.60855
0 -4.60123
0 -4.58412
0 -4.75206
0 -4.81802
3 -4.58459
0 -4.64105
0 -4.86738
0 -4.97936
1 -4.92742
0 -4.64817
0 -4.98361
0 -4.69219
0 -5.08963
0 -5.13749
0 -4.83387
0 -5.11695
0 -5.00078
0 -4.74047
0 -4.60697
0 -4.65036
0 -4.727
0 -5.00391
0 -5.20711
0 -4.64058
0 -4.73235
0 -4.8486
0 -4.9531
0 -4.59654
0 -4.56099
0 -4.80758
0 -4.46675
0 -4.84588
0 -4.65391
2 -4.82562
0 -5.05394
0 -4.79456
0 -4.67299
0 -5.11839
0 -4.77976
3 -4.44268
0 -5.54645
0 -4.67392
0 -4.69616
0 -4.686
0 -4.69844
0 -5.08171
0 -5.22495
0 -4.71087
0 -4.9423
0 -4.60805
0 -4.83293
0 -4.70584
0 -4.89201
0 -4.83042
0 -4.77478
0 -4.78571
0 -4.70192
0 -4.95122
0 -4.68928
1 -4.73436
0 -4.50624
0 -4.91348
2 -4.60145
1 -4.83817
0 -4.70097
0 -4.04117
0 -4.29058
0 -3.94491
0 -4.07612
0 -3.98836
0 -3.79105
0 -4.0953
0 -4.15147
1 -4.04592
0 -3.83794
1 -3.65969
0 -3.79325
0 -4.00277
0 -3.79473
0 -3.73895
0 -3.82555
2 -4.33864
0 -3.89194
1 -3.99768
0 -4.05783
0 -3.8576
0 -4.04482
0 -4.06967
2 -3.92799
6 -4.2666
2 -3.70154
0 -3.48967
0 -3.56026
0 -4.21055
1 -3.97848
1 -3.98658
1 -4.02081
1 -3.72654
2 -4.03712
1 -3.51016
0 -4.17729
0 -4.11565
0 -3.25884
0 -3.96297
1 -3.42087
0 -4.14255
0 -3.71788
1 -3.53148
0 -4.18023
4 -4.12436
0 -3.91303
0 -4.11712
0 -4.18083
0 -4.06217
2 -3.26701
0 -3.2074
0 -3.62593
1 -4.03891
0 -3.9824
0 -4.01799
1 -3.94374
1 -4.07539
0 -4.06278
0 -4.01391
0 -3.88876
6 -4.14548
0 -3.85743
0 -3.26655
0 -3.89302
0 -3.89592
0 -3.90745
0 -3.77057
0 -3.82132
0 -4.16498
0 -3.68849
0 -3.82669
0 -4.02632
0 -4.24415
0 -3.87878
1 -3.98802
0 -3.77448
0 -4.00955
0 -4.04869
0 -3.47482
1 -3.64442
0 -3.99983
2 -3.63025
0 -4.10748
0 -4.11771
0 -4.2288
0 -4.20972
2 -3.83191
0 -4.14208
0 -4.1494
0 -4.14809
0 -4.14939
3 -4.22118
0 -4.09592
0 -4.19043
0 -4.01018
0 -4.3194
0 -4.34484
4 -4.44386
0 -4.09704
0 -4.29328
0 -4.26275
0 -4.07068
0 -4.13598
1 -4.31032
0 -4.17135
2 -4.33732
1 -4.25157
2 -4.27606
0 -4.36074
0 -4.22172
0 -4.08557
0 -4.21059
0 -4.02756
0 -4.11848
0 -4.13786
0 -4.19086
0 -3.93604
1 -4.4491
0 -4.35031
0 -4.1736
1 -4.27012
0 -4.03366
0 -4.14855
0 -4.23397
0 -4.1203
0 -4.03395
0 -4.16033
0 -4.20444
0 -4.18029
1 -4.15068
1 -4.10626
1 -4.44955
0 -4.3415
0 -4.15476
0 -4.30285
0 -4.25856
0 -4.07645
0 -4.20371
0 -4.42358
0 -4.12031
0 -3.60513
0 -3.94503
0 -4.19727
0 -4.26819
0 -4.28173
0 -4.35682
0 -5.77807
0 -4.35502
0 -4.28459
0 -4.17043
0 -4.23127
0 -4.32531
0 -4.13507
0 -4.19262
0 -4.16242
0 -4.20088
0 -4.31439
0 -4.34691
0 -4.09062
0 -4.09958
0 -4.40489
1 -4.10712
0 -4.4815
0 -4.38695
0 -4.29543
0 -4.15868
0 -4.34508
0 -4.04702
0 -4.30068
0 -4.1582
0 -4.20282
0 -4.32242
0 -4.20411
2 -4.57963
0 -4.05576
0 -4.49188
0 -4.40062
6 -4.36697
2 -4.2681
0 -4.22422
0 -4.12054
2 -4.48659
0 -4.29355
0 -4.15778
0 -4.1399
0 -4.1586
1 -3.80369
0 -4.25084
0 -4.22574
0 -4.10238
0 -4.42565
0 -4.12277
0 -4.15099
0 -4.14153
0 -4.07752
0 -4.08145
1 -4.06344
0 -4.60283
0 -4.02937
0 -4.295
0 -4.35255
0 -4.39005
0 -4.59407
0 -4.58807
0 -4.39835
0 -4.71467
0 -4.8701
0 -4.74677
0 -4.69481
0 -4.65264
0 -4.51531
0 -4.40428
0 -4.54764
0 -4.63894
0 -3.9312
0 -4.29541
0 -4.42114
1 -4.7601
0 -4.37551
0 -4.37701
0 -4.2386
1 -4.49353
0 -4.62417
0 -4.30879
0 -4.77039
0 -4.56847
0 -4.37778
0 -4.20683
0 -4.35692
0 -4.37978
1 -4.46292
0 -4.52802
0 -4.67707
1 -4.38477
0 -4.5216
0 -4.45342
0 -4.67433
0 -4.50933
0 -4.83477
0 -4.46268
0 -4.32966
0 -4.27917
0 -4.89909
0 -4.67292
0 -4.32688
0 -4.38243
0 -4.32344
0 -4.54256
0 -4.51046
0 -4.84441
0 -4.47771
0 -4.72964
1 -4.54278
2 -4.46134
0 -4.53047
0 -4.28518
0 -4.35224
0 -4.38377
0 -4.51033
0 -4.38551
0 -4.6073
0 -4.479
0 -4.40364
0 -4.54909
0 -4.47523
0 -4.51554
0 -4.63507
0 -4.22759
0 -4.55678
0 -4.36411
0 -4.28027
0 -4.27942
0 -4.56888
0 -4.44591
0 -4.31817
0 -4.39382
0 -4.08377
0 -4.26281
0 -4.58664
0 -4.56575
0 -4.60431
0 -4.1964
0 -4.43199
0 -4.26503
0 -4.43554
0 -4.35596
0 -4.54026
0 -4.39829
0 -4.48242
0 -4.20982
0 -4.43768
0 -4.25448
0 -4.35948
0 -4.55565
0 -4.41619
0 -4.38769
0 -4.4942
0 -4.36425
0 -4.33253
0 -4.2937
0 -4.39526
0 -4.48106
1 -4.49851
1 -4.46437
0 -4.50983
0 -4.36121
0 -4.5082
0 -4.42164
0 -4.21922
0 -4.44983
0 -4.49776
0 -4.42293
0 -4.52276
0 -4.38802
0 -4.21516
0 -4.39725
0 -4.53436
0 -4.56978
0 -4.47953
0 -4.52862
0 -4.41611
0 -4.44018
0 -4.35756
0 -4.61824
0 -4.56939
0 -4.26478
0 -4.57999
0 -4.44113
0 -4.44499
0 -4.49033
0 -4.62354
0 -4.42194
0 -4.38626
0 -4.29378
0 -4.44236
0 -4.6246
0 -4.62163
0 -4.37309
0 -4.50621
0 -4.88938
11 -3.50988
2 -4.83471
1 -4.64365
0 -3.94528
0 -4.50698
0 -4.83047
0 -4.70003
0 -3.98317
0 -4.59425
0 -4.22007
0 -4.21058
0 -4.33673
0 -4.47081
2 -4.64895
0 -4.36554
0 -4.75734
0 -4.99999
0 -5.05269
0 -4.87794
0 -4.99843
0 -5.00841
1 -4.89601
0 -4.94075
4 -4.99911
0 -4.93508
0 -4.82816
0 -4.11368
9 -3.92396
0 -4.41011
1 -4.06266
0 -4.39421
0 -4.0799
4 -3.88294
1 -4.23883
5 -3.36329
11 -4.32642
2 -4.03591
12 -3.75837
8 -4.23284
6 -4.22757
3 -4.32826
3 -3.81808
1 -4.17408
6 -4.16463
0 -4.49622
6 -3.89682
0 -4.38698
6 -3.94178
0 -4.28862
2 -3.66593
0 -3.97017
0 -3.99281
2 -3.89812
0 -3.67701
1 -3.37511
3 -3.82144
0 -3.66858
2 -2.88206
0 -3.71239
0 -3.618
2 -3.71952
1 -4.08862
0 -4.41648
1 -3.48099
0 -3.88254
0 -3.56935
1 -4.35475
4 -3.677
0 -3.52667
0 -3.82607
0 -4.13569
2 -4.13209
0 -3.47871
1 -3.9835
0 -3.95509
0 -3.79988
1 -4.00832
0 -4.00908
0 -3.64485
2 -3.84128
2 -4.72871
0 -4.66129
4 -2.91795
0 -4.53306
0 -4.78766
0 -4.72439
0 -4.81372
0 -4.71721
0 -4.65435
0 -3.71782
1 -4.65004
0 -4.68017
0 -4.68134
2 -4.53361
1 -4.68086
0 -4.49208
0 -4.59789
0 -4.63764
0 -4.88156
0 -4.60748
0 -4.62148
0 -4.75561
1 -4.88659
19 -3.32749
0 -4.79277
0 -4.80969
0 -4.72901
2 -4.9366
0 -4.59097
17 -4.08538
8 -3.3365
1 -4.98487
0 -4.74323
1 -4.73142
0 -4.79632
3 -4.27521
0 -4.90328
1 -4.84045
0 -4.67876
3 -4.4182
34 -3.30029
0 -4.60887
3 -3.77131
4 -4.09537
0 -4.79353
1 -4.74248
0 -4.66555
0 -4.6666
0 -4.72652
0 -4.785
0 -4.76569
17 -4.36763
1 -4.29792
0 -4.67857
0 -4.40994
0 -4.44403
1 -4.59301
0 -4.3564
0 -4.79642
14 -4.04672
0 -4.76111
1 -4.7128
0 -4.03063
0 -4.11028
0 -4.06802
0 -4.05991
0 -4.20436
0 -4.21755
0 -3.84829
0 -3.84026
0 -3.98144
1 -4.03744
0 -4.3108
0 -4.19428
2 -4.11031
0 -4.21512
0 -4.14113
0 -3.90206
0 -3.9221
3 -4.05751
0 -4.09612
0 -3.71434
0 -4.13357
0 -4.13902
1 -4.01923
0 -3.98023
0 -3.98535
4 -4.20783
0 -3.99643
0 -4.16139
0 -4.07921
0 -4.24484
1 -3.77715
1 -4.12235
0 -4.1742
1 -4.09206
0 -4.1809
3 -3.94426
0 -4.25811
0 -4.05566
0 -4.17953
0 -3.74628
1 -3.98716
0 -3.46902
1 -4.2217
0 -4.48836
1 -4.18845
0 -4.71033
0 -4.05854
0 -3.79887
0 -4.22103
0 -4.04406
1 -4.13565
0 -3.85388
0 -4.08647
0 -3.92611
0 -4.00346
0 -4.33522
0 -3.79885
0 -4.34099
1 -4.00445
9 -3.9654
0 -4.18004
0 -3.97258
0 -4.18984
1 -4.36121
3 -3.98659
0 -3.99134
1 -4.24668
1 -4.01433
0 -3.86899
0 -4.05245
2 -4.11438
0 -4.02161
0 -4.11366
0 -3.95491
0 -4.14572
0 -4.06425
0 -4.12273
0 -3.8113
0 -4.10444
0 -4.17258
0 -4.04863
0 -3.94534
1 -4.12939
2 -4.15202
0 -4.25782
0 -4.16366
0 -3.91306
0 -4.16174
0 -3.77303
2 -4.12641
0 -4.06858
9 -4.24866
0 -3.95708
0 -3.95412
0 -4.35953
0 -4.05664
2 -4.16739
2 -4.17709
0 -4.16116
0 -4.06951
0 -4.81719
0 -4.89063
0 -4.32632
0 -4.90007
0 -4.85884
0 -4.86173
0 -4.82257
0 -4.99322
0 -4.90315
0 -4.7903
0 -4.97946
0 -4.73989
0 -4.74402
0 -4.65107
0 -4.77222
0 -4.7931
0 -5.00798
0 -4.68783
0 -4.79281
0 -4.67436
0 -4.81226
0 -4.75264
0 -4.83228
0 -4.67873
0 -4.74771
0 -4.75104
0 -4.95453
0 -4.88221
0 -4.69265
0 -4.77078
0 -5.0487
0 -4.88578
0 -4.8849
0 -4.85431
0 -4.89718
0 -4.8718
0 -4.28564
0 -4.87408
0 -4.54011
0 -4.02219
0 -4.89731
0 -4.83114
0 -4.81884
0 -4.86856
0 -4.93682
0 -4.69982
0 -5.08569
0 -4.4531
0 -4.65611
1 -4.7985
1 -4.81534
0 -4.50598
0 -4.69742
0 -4.53332
0 -4.65463
1 -4.64516
0 -4.64135
0 -4.64103
0 -4.61607
1 -4.54402
0 -4.58473
0 -4.72277
0 -4.69265
0 -4.61261
3 -4.55323
2 -4.6425
0 -4.84387
0 -4.73247
0 -4.85759
0 -4.63861
0 -4.53865
5 -4.56303
1 -4.80337
0 -4.41339
1 -4.89937
1 -4.62069
0 -4.6084
4 -4.49492
1 -4.73767
0 -4.63597
0 -4.60037
0 -4.64007
0 -4.48481
0 -4.54695
0 -4.71517
0 -4.72583
0 -4.46581
0 -4.53117
1 -4.73678
2 -4.9074
1 -4.42421
0 -4.75469
0 -4.63429
0 -4.79195
4 -4.70801
0 -4.62625
0 -4.79225
0 -4.60684
1 -4.86033
0 -4.58464
1 -4.57905
3 -4.6305
0 -4.44588
3 -4.5035
0 -4.67297
0 -4.56019
0 -4.80101
0 -4.59327
0 -4.75061
0 -4.76385
0 -4.523
0 -4.54857
0 -4.47091
0 -4.81663
0 -4.59923
0 -4.67711
0 -4.65467
0 -4.53883
0 -4.75614
0 -4.5679
0 -4.69239
0 -4.75109
1 -4.76318
0 -4.70271
3 -4.89586
0 -4.72723
0 -4.69388
0 -4.76569
0 -4.43743
2 -4.60988
1 -4.58715
1 -4.77263
0 -4.70789
0 -4.78844
0 -4.63004
0 -4.50958
0 -4.25928
1 -4.52563
0 -4.04878
0 -4.23757
0 -3.78143
0 -4.30835
3 -4.21791
1 -4.15558
2 -4.41334
0 -4.29767
1 -4.45851
0 -4.33838
0 -4.11385
2 -4.41531
1 -4.46564
1 -3.95189
2 -4.26074
0 -4.11252
0 -4.89455
1 -4.53151
0 -4.25562
0 -4.47449
0 -4.30038
0 -3.96187
0 -4.37044
0 -4.28287
0 -3.55347
0 -4.31671
0 -4.20297
0 -3.97877
0 -3.62207
0 -3.71935
0 -4.46627
0 -4.43306
1 -3.93754
0 -3.64568
0 -4.34684
1 -3.85977
0 -4.34625
0 -4.31982
0 -4.07379
0 -4.4051
0 -4.35974
0 -4.3506
0 -4.32849
0 -4.04143
0 -4.41866
1 -4.21549
0 -3.58304
0 -4.50788
0 -4.27644
0 -4.17187
0 -4.67762
0 -4.33643
0 -4.57097
0 -4.36419
0 -4.61775
0 -4.34023
16 -4.18529
1 -3.90112
0 -4.4983
0 -4.62737
0 -4.57805
0 -4.41451
2 -4.32017
0 -3.58974
1 -4.4741
1 -4.42634
1 -4.44219
0 -4.28795
0 -4.50816
10 -3.64261
0 -4.71022
0 -4.43705
1 -4.65936
2 -4.17518
0 -4.05312
0 -3.86135
10 -4.48052
1 -4.63652
0 -4.71667
0 -4.25679
0 -3.79836
0 -4.29609
1 -4.10606
0 -4.0631
1 -3.84117
1 -3.63677
0 -3.36555
1 -4.07075
1 -3.42734
0 -4.87626
0 -4.73275
0 -4.63311
0 -4.25921
0 -4.64735
1 -4.54387
0 -4.78472
0 -4.12039
0 -4.90475
0 -4.61204
0 -4.63711
0 -4.73852
0 -5.08183
0 -4.04445
0 -4.64033
0 -4.56106
1 -4.52131
0 -4.80325
0 -4.8213
1 -4.63391
0 -4.48056
0 -4.78285
0 -4.50042
0 -4.55863
0 -4.41978
4 -4.40619
0 -4.54326
0 -4.5457
0 -4.13245
0 -4.55415
0 -4.62858
0 -4.63455
0 -4.7359
0 -4.50978
0 -4.60161
0 -4.53539
1 -4.29902
1 -4.50096
0 -4.52355
0 -4.59465
0 -4.48064
1 -4.07162
0 -4.41057
0 -4.66479
1 -4.25237
0 -4.70841
0 -4.45301
0 -4.64133
0 -4.21291
0 -4.52101
2 -4.28133
0 -4.63079
0 -4.48441
0 -4.55031
0 -4.41349
0 -4.71114
1 -4.3637
0 -4.3994
5 -4.11372
0 -4.72807
3 -4.65554
0 -4.26231
0 -4.57963
2 -4.29691
0 -4.25976
0 -4.47029
0 -4.5898
0 -4.32837
0 -4.51277
0 -4.37329
1 -4.44294
0 -4.23542
1 -4.69766
0 -4.15823
0 -4.10272
3 -4.39124
0 -4.71235
0 -4.64572
1 -4.65843
0 -4.48151
0 -4.17964
8 -4.24141
0 -4.41943
0 -4.22206
0 -4.45605
0 -4.31187
3 -3.63443
0 -4.36558
1 -4.77915
2 -4.21219
0 -4.47294
0 -4.24747
0 -4.38272
0 -4.53015
0 -4.64882
0 -4.50909
0 -4.66328
0 -4.82767
0 -4.57655
0 -4.50518
2 -4.41638
0 -4.53501
3 -4.27804
0 -4.79788
4 -4.80083
0 -4.91153
4 -4.36148
0 -4.81879
0 -4.27847
2 -4.23663
0 -4.00292
4 -4.19415
4 -4.05047
1 -4.15145
3 -4.11984
1 -4.24171
0 -4.045
4 -4.04833
0 -4.14214
0 -4.06129
2 -4.16575
1 -4.01516
2 -4.09732
0 -4.21453
0 -4.11302
4 -4.28971
0 -4.13499
0 -4.09605
9 -4.23026
0 -4.05047
5 -4.06683
0 -4.14532
0 -4.11275
4 -4.31742
0 -3.87054
3 -4.23821
3 -4.09832
2 -4.20406
0 -4.08292
4 -4.23126
0 -4.23349
0 -4.13459
0 -4.27375
0 -4.14919
0 -4.15068
1 -4.05111
4 -4.15468
4 -4.24548
0 -4.06514
4 -4.13998
2 -4.21971
0 -4.20373
0 -4.00523
10 -4.13217
0 -4.55487
0 -4.73669
0 -4.25103
0 -4.49308
0 -4.64695
0 -4.97756
0 -4.5105
0 -27.9044
0 -4.77032
0 -4.68524
0 -4.24163
0 -4.60813
0 -4.50154
0 -4.7767
0 -4.07265
0 -4.45243
0 -4.6449
0 -4.61186
0 -4.63935
0 -4.05776
0 -4.53035
0 -4.78512
0 -4.57401
0 -4.76263
0 -4.79321
0 -4.39522
0 -4.63863
0 -4.62619
0 -4.71925
0 -4.59384
0 -4.747
0 -4.81687
0 -4.51699
0 -4.67363
0 -4.12799
0 -4.4851
0 -4.52631
1 -4.56982
0 -4.59421
0 -4.49743
0 -4.63517
0 -4.31384
0 -4.54186
0 -4.69797
0 -4.66381
0 -4.84291
0 -4.03308
0 -4.4967
0 -4.47868
0 -4.64531
1 -4.68917
0 -4.74274
0 -4.69623
0 -4.51088
0 -4.54735
0 -3.59653
0 -4.83645
0 -4.73306
0 -4.74632
0 -3.65264
0 -4.41923
0 -4.56469
0 -4.60243
0 -4.63645
0 -4.60417
0 -3.71797
3 -4.04249
0 -4.06621
0 -4.11929
0 -4.0844
4 -4.09771
2 -4.25955
0 -4.09539
0 -4.16421
0 -4.22269
1 -4.1235
0 -4.3745
0 -4.06529
0 -4.04005
0 -4.12862
0 -4.0567
0 -4.20619
0 -3.96006
1 -4.25381
1 -4.21914
0 -4.1095
0 -4.15093
0 -4.24997
0 -4.18393
0 -4.09382
1 -4.12114
0 -4.07978
0 -4.22281
4 -4.00211
1 -4.00349
1 -4.24464
0 -3.98203
2 -4.00464
4 -3.94378
0 -3.85593
0 -3.88638
0 -3.93718
0 -4.17493
0 -3.92425
0 -4.18246
0 -4.11925
0 -4.1209
0 -4.14648
0 -4.18111
0 -4.17605
0 -4.09867
0 -4.07846
3 -4.03
0 -3.95188
0 -4.05816
0 -4.05462
0 -4.05212
0 -4.1581
1 -4.07052
0 -4.05272
0 -3.93252
0 -4.06842
2 -4.06421
0 -4.10108
0 -4.04034
2 -4.17972
0 -3.88753
0 -4.08267
0 -4.44849
0 -4.22265
2 -4.06949
1 -4.24297
0 -4.22831
0 -4.18819
0 -4.20978
1 -4.04716
0 -4.28639
0 -4.10703
0 -4.1418
1 -4.28382
2 -4.24666
0 -4.14365
0 -4.02971
1 -4.09472
6 -4.08542
0 -4.18664
0 -4.33158
0 -4.34635
1 -4.26749
1 -4.27179
0 -4.08147
0 -4.19933
0 -4.01581
0 -4.10189
0 -4.19387
0 -4.26133
0 -4.10749
0 -4.15626
0 -4.28876
1 -4.28127
0 -4.32941
7 -3.81948
0 -3.55534
8 -3.95718
1 -2.18878
0 -4.09497
0 -4.19282
1 -2.92416
1 -3.76292
0 -3.6816
0 -3.72725
4 -3.56536
0 -3.86756
9 -2.96523
1 -3.87644
76 -3.16608
2 -3.78765
0 -4.09498
0 -3.84593
1 -4.2065
23 -3.61542
10 -3.57761
0 -3.6565
0 -3.8754
1 -2.04018
0 -3.67319
1 -3.64986
1 -3.80859
3 -3.31338
2 -3.12394
0 -3.87968
27 -1.46709
0 -3.67113
0 -4.25047
0 -4.13237
1 -3.44704
2 -3.56269
1 -3.79608
0 -3.84523
0 -4.07484
0 -3.6009
0 -3.92386
0 -3.58815
33 -3.92324
0 -3.84911
2 -3.65687
7 -3.71529
1 -3.78369
0 -3.42908
3 -3.97916
0 -3.98949
0 -3.92334
1 -3.44096
0 -3.22291
0 -3.56944
0 -3.26802
0 -4.18917
91 -3.39301
0 -3.49174
1 -3.4772
0 -4.12729
28 -3.9084
1 -3.4078
0 -3.8697
1 -2.60451
1 -4.01354
2 -1.7986
0 -3.83337
16 -3.36206
0 -2.98594
8 -3.78146
8 -3.24796
1 -3.84462
0 -3.61161
1 -3.97091
3 -3.65393
0 -4.03209
0 -3.67503
0 -3.56477
24 -3.47613
0 -3.9542
3 -3.89174
0 -2.6745
0 -3.612
26 -3.45375
0 -3.79371
0 -3.96533
0 -3.76735
1 -3.31249
1 -3.25376
0 -4.15125
5 -4.07429
9 -3.81655
2 -3.64721
5 -3.57186
0 -3.56575
1 -3.55315
0 -4.00414
0 -3.9642
0 -3.85197
7 -3.90583
167 -3.14552
3 -3.90038
0 -4.38387
0 -3.69875
7 -3.61071
0 -3.97332
2 -3.82684
82 -2.25264
1 -3.67477
0 -3.81405
2 -4.08499
0 -3.88229
2 -3.9023
0 -3.60461
0 -3.3126
0 -3.94868
0 -4.24502
0 -3.79324
0 -3.88755
0 -3.51371
7 -3.98916
0 -4.11661
25 -3.53086
0 -2.09667
12 -2.59605
5 -3.84886
0 -3.85245
0 -3.34137
7 -3.88844
1 -3.83138
0 -2.53034
0 -4.2994
0 -3.8266
0 -3.84012
0 -4.14829
0 -2.86606
4 -2.58155
0 -3.59348
1 -4.05473
0 -3.67847
1 -3.83317
1 -2.66493
8 -3.81226
2 -3.67057
1 -3.78272
2 -3.64898
1 -3.63191
0 -3.75793
2 -3.0803
1 -4.08439
4 -3.81888
1 -3.42402
0 -3.55654
5 -3.64862
0 -3.25364
0 -3.73665
1 -3.90604
0 -3.48352
1 -3.59849
0 -3.35546
1 -2.31781
2 -3.18741
0 -3.58098
4 -3.65354
1 -3.57205
0 -3.5764
0 -3.83762
2 -4.00062
27 -3.8104
0 -3.92058
0 -4.01305
0 -4.11507
1 -3.83836
0 -3.68101
1 -3.77635
0 -3.76853
66 -2.74091
0 -4.0407
0 -4.11938
10 -3.80087
0 -3.83166
0 -4.04133
1 -3.98195
1 -3.6263
2 -3.16798
4 -3.91465
1 -3.9348
0 -3.35024
0 -3.85681
1 -4.31063
0 -3.66407
0 -3.47723
0 -3.82137
0 -3.43314
0 -3.35708
0 -4.29181
2 -3.69618
4 -4.01079
0 -3.71232
0 -3.87387
0 -3.93253
0 -3.87816
0 -3.76567
21 -2.70032
0 -3.67047
0 -3.49622
0 -3.87932
0 -3.8844
0 -3.9679
0 -3.98083
2 -3.78677
0 -3.96575
6 -1.54049
0 -3.87018
0 -3.68577
0 -4.12368
0 -3.38105
0 -3.74137
66 -3.6118
3 -3.95023
0 -2.98362
0 -3.5443
0 -4.45074
1 -3.88498
0 -3.82029
31 -3.4582
4 -3.74664
1 -3.80175
5 -3.83312
0 -3.26549
3 -2.79643
0 -2.71033
2 -3.9005
3 -3.31685
4 -3.83468
5 -3.59576
1 -3.44361
1 -3.78822
5 -2.11844
2 -3.50174
0 -3.95883
1 -4.03371
1 -3.77371
1 -2.14144
22 -3.79297
2 -3.37563
0 -3.51125
0 -3.95063
0 -3.89241
1 -3.61559
0 -3.97273
0 -1.86755
0 -2.55742
0 -4.19175
0 -4.52706
0 -4.30278
0 -4.04984
0 -4.48741
1 -4.48458
0 -4.55038
0 -4.15275
0 -4.37373
0 -4.29467
0 -4.16046
0 -4.25982
0 -3.89815
0 -4.12921
0 -4.54499
0 -4.08358
0 -4.79121
2 -4.2642
0 -4.00818
0 -4.05288
0 -4.07055
0 -4.75078
0 -4.40023
0 -4.44179
0 -4.33771
0 -4.55116
0 -3.97979
0 -4.25254
0 -4.3535
0 -4.74247
0 -4.72733
0 -4.97163
0 -4.83704
0 -4.99093
0 -4.04698
0 -4.89279
0 -4.82644
0 -4.84968
0 -4.89453
0 -4.80751
0 -4.89366
0 -4.90161
1 -4.85898
0 -4.03883
0 -4.31319
2 -4.06792
1 -3.88161
0 -3.97217
0 -4.34949
0 -3.98599
0 -3.67109
0 -4.26856
0 -4.28499
0 -4.16917
0 -4.23388
0 -3.99255
0 -3.96211
0 -4.33677
0 -4.03817
0 -3.96862
2 -3.89869
1 -4.56192
0 -3.77132
0 -3.93528
0 -4.09875
0 -3.98715
0 -4.2143
0 -4.10134
0 -4.40893
0 -4.19368
0 -3.84607
0 -4.25687
0 -4.00221
0 -4.19026
0 -4.28461
0 -3.96837
0 -3.9851
0 -3.73483
0 -3.86492
0 -4.21334
1 -3.34939
0 -3.97853
0 -4.01131
0 -3.97779
0 -4.13734
0 -3.8773
0 -4.15935
2 -4.03685
0 -4.06337
0 -3.78304
0 -3.85657
0 -4.12294
0 -4.38284
0 -4.48519
0 -4.70204
0 -4.60183
0 -4.62677
0 -3.96092
0 -4.48371
3 -4.37753
0 -4.74698
1 -4.8137
0 -4.60949
0 -4.52681
0 -4.73658
0 -4.34626
0 -4.34763
0 -4.42742
0 -4.24853
0 -4.63103
0 -4.54791
0 -4.73962
0 -4.37384
0 -4.41601
2 -4.76527
0 -4.66835
0 -4.4943
0 -4.6321
0 -4.64563
0 -3.94675
0 -4.27553
0 -4.66193
0 -4.45143
26 -4.39309
0 -4.69576
0 -4.4902
0 -4.6074
0 -4.57706
3 -4.81583
0 -3.84124
0 -4.55788
0 -4.52926
0 -4.63635
0 -4.54255
0 -4.45837
0 -4.42986
1 -4.40831
0 -4.70955
2 -4.59885
0 -4.57417
0 -3.91489
0 -4.8832
0 -4.65135
0 -4.6223
0 -4.44862
0 -4.67051
0 -4.65877
0 -4.75106
0 -3.8288
6 -4.62173
0 -4.54484
0 -4.00181
0 -4.35707
1 -4.24666
0 -4.36175
0 -4.44747
0 -4.3568
0 -4.53995
0 -4.60255
0 -4.58902
0 -3.6299
0 -4.09935
0 -4.40207
0 -4.68461
0 -4.66106
1 -4.04851
0 -4.37135
1 -4.52706
0 -4.93721
0 -4.64062
0 -4.47601
0 -3.95061
10 -4.60131
0 -4.64671
0 -4.33678
0 -4.39846
0 -4.66199
0 -4.65113
1 -4.55851
0 -4.22691
0 -4.32435
0 -3.97769
1 -4.53318
0 -4.64627
0 -4.40854
1 -4.81625
1 -4.8133
0 -4.36167
0 -4.24029
1 -4.41447
0 -4.41547
0 -4.10044
1 -6.02407
0 -4.35476
1 -4.08257
1 -4.43848
0 -4.53235
0 -4.24072
0 -3.76141
0 -4.18856
0 -3.73824
0 -4.10452
3 -3.98394
0 -3.58482
0 -4.26411
0 -4.23233
1 -4.1016
0 -3.94017
1 -3.9959
0 -4.15574
0 -3.75235
0 -3.66897
0 -4.58905
1 -4.49072
0 -4.14226
0 -4.53124
0 -4.39552
0 -4.35618
0 -4.10746
1 -4.68577
0 -4.40941
1 -4.17814
0 -4.42659
0 -4.46983
0 -4.31261
0 -4.41875
1 -4.49447
1 -4.64261
0 -4.53652
1 -4.2624
0 -4.05703
0 -4.54525
0 -4.61258
0 -4.09993
0 -3.91052
1 -4.49768
0 -4.44199
0 -4.42578
0 -4.35493
0 -4.42243
0 -4.1495
0 -4.29842
0 -4.12867
0 -4.84489
0 -3.91964
9 -4.14912
0 -4.84851
0 -4.29426
0 -4.5334
0 -4.36903
0 -4.71186
0 -4.21726
0 -4.25142
0 -4.38693
0 -4.51787
4 -4.646
0 -4.83159
0 -3.94357
0 -4.12604
3 -4.25485
0 -4.7774
0 -4.60026
0 -4.77759
0 -4.38024
0 -4.58117
1 -3.81191
0 -4.55348
0 -4.10475
0 -4.33974
1 -4.40307
1 -4.38542
0 -4.17594
0 -4.53598
1 -4.22029
0 -4.19863
0 -4.15919
0 -4.25168
1 -4.1829
0 -4.18649
0 -4.43687
0 -4.45689
0 -4.33506
0 -4.74777
0 -4.61504
0 -4.4489
0 -4.35196
1 -4.37516
0 -4.46481
0 -4.1793
0 -4.18286
1 -4.17186
0 -3.91286
0 -4.46035
1 -4.53229
0 -4.48227
2 -4.11113
1 -4.40816
1 -4.23425
0 -4.47392
0 -4.28693
0 -4.28736
0 -4.23544
0 -4.58744
0 -4.51335
0 -4.57378
0 -4.44361
0 -4.23745
0 -4.54559
0 -4.22212
0 -4.43084
0 -4.39212
0 -4.25147
0 -4.09792
0 -4.33891
0 -4.39107
0 -4.43145
0 -4.16796
0 -4.27664
0 -3.98364
0 -4.48438
0 -4.30749
0 -4.56112
0 -4.07359
0 -4.57559
0 -5.16876
0 -4.76016
0 -5.30686
1 -4.86733
0 -4.63763
0 -4.80498
0 -4.90019
0 -4.77398
0 -4.67612
0 -4.66757
0 -4.55904
1 -4.55662
0 -4.66752
0 -5.13543
0 -5.0833
0 -4.75505
0 -4.73834
0 -4.86821
0 -4.7127
0 -4.87775
0 -4.51571
0 -4.51287
0 -4.69151
0 -4.52829
0 -4.98567
0 -4.73046
0 -4.61133
1 -4.65212
1 -4.66118
0 -5.00663
0 -4.62194
0 -4.43619
0 -4.92104
0 -4.96055
0 -4.9703
1 -4.7098
0 -5.09967
0 -4.66104
0 -4.25927
3 -4.56579
0 -4.68029
0 -5.07901
0 -4.98011
0 -4.8856
0 -5.04173
0 -4.68876
1 -4.7595
1 -4.77831
0 -4.74326
0 -4.8684
0 -4.69546
0 -4.58701
0 -4.51482
0 -4.83051
0 -4.87661
0 -4.66182
0 -4.7761
0 -4.86747
0 -4.83628
0 -4.83141
0 -4.65385
0 -4.50687
0 -4.93336
0 -4.51178
0 -4.83505
0 -4.81918
4 -4.79803
0 -4.87724
0 -4.62918
0 -4.7395
0 -4.74904
0 -4.44317
0 -4.37251
0 -4.55203
0 -4.26848
0 -4.41418
0 -4.63279
0 -4.46268
0 -4.30898
0 -4.53724
0 -4.57486
0 -4.09277
0 -4.82818
0 -4.42535
0 -4.36493
0 -4.57137
0 -4.30102
0 -4.42145
0 -5.05259
0 -4.74505
0 -4.85589
0 -4.82184
0 -4.41471
0 -4.44549
0 -3.70729
0 -4.18439
0 -4.38855
2 -4.2867
1 -4.36116
0 -4.00463
3 -4.06891
1 -4.1225
0 -4.28837
2 -3.60794
0 -4.02436
1 -4.24222
4 -3.15128
0 -3.88351
1 -3.77002
0 -4.11771
0 -4.16403
5 -4.76551
73 -3.41124
1 -3.78245
1 -4.50398
0 -4.17498
0 -3.98515
1 -3.75101
0 -4.69028
0 -4.28207
2 -4.28283
0 -4.10533
1 -4.26709
21 -3.86579
9 -4.30355
0 -4.61813
11 -3.68226
7 -4.27331
0 -4.04368
8 -3.44702
3 -4.1417
1 -3.93553
3 -4.83353
3 -3.96341
3 -4.34046
10 -3.52163
1 -4.12643
1 -4.51769
0 -4.39704
0 -4.5311
1 -4.19787
0 -4.31876
2 -3.99988
1 -4.22661
1 -4.07276
0 -4.32879
1 -3.61978
0 -4.12691
5 -4.27118
1 -4.14778
0 -4.12578
1 -3.72707
0 -4.13109
1 -3.92642
0 -4.22648
0 -4.02518
0 -3.81959
1 -4.26027
0 -4.51995
0 -4.10598
0 -4.421
0 -3.82223
0 -3.61643
0 -3.96644
0 -4.42581
0 -4.1127
1 -3.54289
0 -4.33964
2 -4.2073
2 -4.26339
0 -4.09565
6 -4.22916
0 -4.43547
0 -4.16511
0 -4.1905
0 -4.52457
0 -4.36575
0 -4.46598
0 -3.85829
0 -4.31062
3 -4.20252
0 -4.21814
0 -3.93899
0 -4.24265
2 -4.19277
1 -4.25063
0 -3.77487
0 -4.05203
0 -4.08842
0 -4.44059
0 -4.61456
1 -4.47489
0 -4.20919
0 -4.30363
0 -3.91429
0 -3.83326
0 -4.32918
1 -4.57755
0 -3.95219
0 -4.27196
0 -3.7691
1 -3.89309
0 -4.38573
0 -4.02885
0 -4.55091
0 -3.58428
0 -4.18475
0 -4.4717
0 -3.96252
2 -4.65549
0 -4.518
0 -3.96936
0 -3.97443
0 -3.90214
8 -4.35081
1 -4.4373
0 -4.63756
0 -4.69321
5 -4.41468
1 -4.77036
0 -4.72862
2 -4.68463
