1 -4.89867
5 -4.79825
0 -4.85469
1 -4.71189
0 -4.57583
1 -4.79549
0 -4.7468
0 -4.51556
1 -4.67098
5 -4.86283
0 -4.80869
0 -4.96467
0 -4.70439
2 -4.64463
0 -4.85029
0 -4.7769
1 -4.80854
0 -4.81571
0 -4.82156
0 -4.4483
0 -4.69076
0 -4.8189
0 -4.76377
2 -4.80177
0 -4.82187
1 -4.74456
1 -4.80519
1 -4.87032
2 -4.5726
6 -4.94245
0 -4.86813
0 -4.69111
0 -4.75642
1 -4.66355
0 -4.84149
0 -4.60455
1 -4.68931
1 -4.87158
48 -4.78578
0 -4.88509
0 -4.87105
1 -4.34102
0 -4.79275
0 -4.79038
0 -4.52041
0 -4.62731
5 -4.91192
0 -4.71673
0 -4.81028
0 -4.6859
2 -4.56403
0 -4.7098
1 -4.68875
5 -4.88341
6 -4.64947
0 -4.6527
4 -4.73609
0 -4.7243
1 -4.76977
1 -4.76794
1 -4.82138
7 -4.91157
0 -4.88559
1 -4.80853
1 -4.80597
4 -4.82753
5 -4.82738
1 -4.68986
0 -4.57416
0 -4.57553
0 -4.40143
3 -4.61136
1 -4.64528
0 -4.39796
10 -4.15938
48 -3.5692
0 -4.80781
1 -4.2626
1 -4.39651
2 -4.47109
4 -3.83465
0 -4.41345
0 -3.89567
0 -4.49984
18 -4.27495
2 -4.57765
2 -4.31723
0 -4.46766
0 -4.43526
0 -4.50136
0 -3.48187
0 -4.7237
0 -4.34366
1 -3.68416
1 -3.40481
1 -4.32309
2 -4.08376
14 -4.04465
0 -4.72969
7 -4.09129
0 -4.59247
0 -4.39176
0 -4.17331
0 -4.29575
16 -3.92821
0 -4.57375
0 -4.38047
0 -4.41517
0 -4.32554
0 -4.27261
4 -4.37465
2 -4.03286
125 -3.18778
1 -3.7707
0 -4.50403
0 -4.76409
0 -3.87732
17 -3.86867
0 -3.80085
24 -3.94015
7 -4.27098
9 -4.12779
10 -4.06919
6 -4.22887
5 -4.33078
11 -4.00924
1 -4.61459
3 -4.38575
3 -4.14258
0 -4.31361
0 -4.41508
0 -4.26442
1 -4.47935
3 -4.1578
0 -4.54168
0 -4.76771
0 -4.69291
1 -4.18999
0 -4.08599
2 -4.22936
0 -4.18813
1 -4.55613
2 -4.3421
9 -4.55213
6 -4.67249
1 -4.43419
0 -4.40648
2 -4.5432
0 -4.54781
0 -4.45596
0 -4.29953
2 -4.50643
6 -4.34975
0 -4.51806
3 -4.50726
0 -4.30308
0 -4.52232
0 -4.15035
58 -4.55478
1 -4.66257
0 -4.34532
14 -4.35134
0 -4.59876
2 -4.70525
9 -4.69281
6 -4.45157
0 -4.26199
10 -4.25534
0 -4.28044
52 -4.55342
1 -4.34766
1 -4.13455
5 -4.7996
0 -4.32026
28 -4.61565
1 -4.49095
0 -4.18363
0 -4.73601
4 -4.48636
0 -4.24381
28 -4.31814
0 -4.42937
0 -4.28859
2 -4.44914
15 -4.58288
0 -4.2982
0 -3.90969
2 -4.55242
1 -4.64082
0 -4.28846
0 -4.11211
3 -4.44188
20 -4.68367
9 -4.64699
7 -4.64769
1 -4.56335
63 -4.32386
2 -4.35357
0 -4.68502
2 -4.3448
6 -4.57223
0 -4.1754
0 -4.39221
57 -4.34509
19 -4.28043
55 -4.32218
1 -4.38441
1 -4.55089
0 -4.65879
0 -4.49638
2 -4.53841
35 -4.60605
6 -4.67957
1 -4.41194
10 -4.547
0 -4.46136
1 -4.225
1 -4.49387
0 -4.29261
1 -4.43453
0 -4.66241
3 -4.49995
0 -4.27943
4 -4.46976
1 -4.60311
6 -4.39611
0 -4.62341
3 -3.9599
1 -4.40387
3 -4.36716
0 -4.57423
0 -4.06293
0 -4.34411
2 -4.55133
0 -4.2613
0 -4.4257
0 -4.23895
0 -4.30018
0 -4.60975
1 -4.54104
5 -4.54356
7 -4.23702
1 -4.5256
18 -4.65006
11 -4.70577
0 -4.63357
7 -4.70492
0 -4.47884
1 -4.58858
7 -4.27389
3 -4.45691
1 -4.56387
0 -4.4347
0 -4.50499
0 -4.46808
0 -4.2346
0 -4.29865
0 -4.57949
6 -4.49767
0 -4.56827
0 -4.35646
0 -4.24921
5 -4.33937
8 -4.13225
0 -4.38202
0 -4.31224
0 -4.33688
0 -4.34758
3 -4.22626
0 -4.32425
0 -4.5259
0 -4.40433
0 -4.38241
0 -4.32687
4 -4.14726
0 -4.36935
0 -4.25228
16 -4.56398
0 -4.26851
0 -4.41812
1 -4.3921
9 -4.35864
3 -4.65734
18 -4.60149
1 -4.19183
0 -4.52263
1 -4.50369
1 -4.23759
0 -4.46518
0 -4.30816
1 -4.41815
9 -4.3908
0 -4.39249
0 -4.61444
0 -4.45403
1 -4.36038
0 -5.82062
0 -5.53832
0 -5.42173
0 -5.60175
0 -5.59086
0 -5.43002
0 -5.63142
0 -5.52311
0 -5.43024
0 -5.29379
0 -5.22547
0 -5.58741
0 -5.5366
0 -5.5121
2 -4.45575
0 -5.00978
0 -5.32069
0 -5.44826
0 -5.61065
0 -5.40887
0 -5.35466
0 -5.61458
0 -5.44189
0 -5.42444
0 -5.6858
0 -5.36551
1 -5.47922
0 -5.9739
0 -5.54891
0 -5.36096
0 -5.58123
0 -5.4478
2 -4.81298
0 -5.60392
0 -5.36299
0 -5.28773
0 -5.48132
0 -5.08379
0 -5.11585
0 -5.38321
0 -5.39891
0 -5.57042
0 -5.31213
1 -5.74594
0 -5.03861
0 -5.44486
2 -5.57269
0 -5.66739
1 -5.69173
0 -5.58222
0 -5.83488
0 -5.48752
0 -5.48111
1 -5.50485
1 -5.47451
0 -5.41027
1 -5.52237
0 -5.45876
74 -5.0743
0 -5.36989
0 -5.37424
1 -5.56679
0 -5.56906
0 -5.49005
26 -5.4052
0 -5.45268
0 -5.4533
2 -5.4434
0 -5.38726
0 -5.62593
0 -5.31205
1 -5.67267
0 -5.15913
0 -5.63279
0 -5.64169
0 -5.27027
0 -5.72237
0 -5.27845
0 -5.71938
0 -5.84943
0 -5.50164
0 -5.2155
0 -5.41911
1 -5.38875
0 -5.57112
0 -5.95215
1 -5.3048
10 -5.43121
3 -5.56052
1 -5.62189
0 -5.73926
8 -5.57423
0 -5.62112
1 -5.3726
0 -5.75054
1 -5.5905
0 -5.60093
0 -5.66705
4 -5.73165
0 -5.64237
2 -5.55056
0 -5.51376
3 -5.51966
0 -5.44975
1 -5.6555
0 -5.617
0 -5.37989
0 -5.61018
1 -5.8109
0 -5.64783
1 -5.41882
0 -5.6599
0 -5.54638
0 -5.75542
0 -5.6987
0 -5.37556
0 -5.6487
0 -5.57268
0 -5.15622
0 -5.00259
0 -5.6397
0 -5.50227
2 -5.42781
1 -5.76022
1 -5.43589
1 -5.33752
1 -5.62574
0 -5.69022
0 -5.51817
0 -5.43289
0 -5.70969
0 -5.91246
1 -5.7098
0 -5.22787
1 -5.49603
0 -5.34632
0 -5.73392
0 -5.48684
0 -5.32221
1 -5.27895
0 -5.79103
15 -5.48011
5 -5.41123
7 -5.63741
0 -5.71698
0 -5.21374
4 -5.35201
0 -5.1588
0 -5.41992
0 -5.1892
1 -5.35976
0 -5.15019
0 -5.28371
1 -5.23874
1 -5.14044
1 -5.28551
0 -5.14672
0 -4.96086
0 -5.13052
0 -5.20257
0 -5.0684
2 -5.42859
0 -5.15709
0 -5.19996
1 -5.31884
1 -5.18312
0 -5.1174
0 -5.3085
1 -5.15285
0 -5.34353
0 -5.26265
1 -5.24755
0 -5.23582
4 -5.38554
1 -5.35345
2 -5.02849
0 -5.37896
0 -5.2051
1 -5.32616
0 -5.34604
0 -5.18839
2 -5.39217
0 -5.14892
0 -5.15637
0 -5.12505
1 -5.28439
0 -5.16691
1 -5.33539
0 -5.31638
9 -5.18079
3 -5.42067
1 -5.18711
1 -5.27227
8 -5.14062
0 -5.35684
0 -5.16662
1 -5.35077
1 -5.16428
0 -5.29961
2 -5.27894
1 -5.22053
0 -5.24144
0 -5.17803
1 -5.06366
0 -5.17178
0 -5.26321
0 -5.07201
0 -5.15009
5 -5.43737
0 -5.19057
0 -5.29463
0 -5.29641
0 -5.14349
2 -5.08525
1 -5.21131
1 -5.39425
0 -5.14036
0 -5.16486
0 -5.08064
0 -5.34421
0 -5.39203
0 -5.19043
0 -4.9893
1 -5.2138
0 -5.32118
0 -5.0979
1 -5.20415
0 -5.34223
0 -5.25093
0 -5.34131
0 -5.341
0 -5.25211
0 -5.11811
1 -5.1756
0 -5.30164
1 -5.29952
1 -5.37536
0 -5.86821
0 -5.89831
0 -5.92425
0 -5.77369
0 -5.99844
0 -6.04564
0 -6.00283
0 -6.03115
0 -6.06988
0 -5.9985
0 -6.03453
0 -5.9653
0 -5.97872
0 -6.03213
0 -5.93352
0 -5.94272
0 -6.08649
0 -5.91746
0 -6.01487
0 -5.82276
0 -6.0064
0 -5.98097
0 -5.97689
0 -5.7277
2 -6.09596
0 -5.80157
0 -5.75725
1 -6.01086
0 -5.81341
0 -6.05353
0 -6.00833
0 -6.01356
0 -5.94831
0 -5.99847
0 -5.94297
0 -5.76431
0 -5.90128
0 -6.0144
0 -5.98891
0 -6.03963
0 -6.04674
0 -5.93944
0 -5.95091
0 -5.79166
0 -6.04731
0 -6.0575
0 -5.93697
0 -5.9765
0 -6.00947
0 -5.94554
0 -5.75934
1 -5.88566
0 -5.98646
0 -5.81427
0 -6.03164
0 -5.80306
1 -6.09177
0 -5.61616
0 -5.81421
0 -5.96917
0 -6.05225
0 -5.87824
0 -5.89621
0 -5.86393
0 -5.8435
0 -6.0283
0 -5.94243
0 -5.85039
0 -5.82513
0 -5.7419
0 -5.96541
0 -5.98794
0 -5.84538
0 -6.00967
0 -5.9859
0 -5.9579
2 -5.96161
1 -5.9064
0 -5.9641
0 -5.75632
0 -5.98523
0 -5.92997
0 -5.97539
0 -6.00021
0 -5.92469
0 -5.9797
0 -5.77556
0 -5.93362
0 -5.74414
0 -5.76912
0 -5.99932
0 -5.87961
0 -5.79288
0 -6.06407
0 -6.01116
0 -6.055
0 -5.86504
0 -6.02976
0 -5.99258
0 -5.49768
0 -5.69097
0 -5.56452
0 -5.31638
0 -5.37634
0 -5.34482
0 -5.57638
0 -5.50734
0 -5.39073
0 -5.36911
0 -5.30503
0 -5.26282
0 -5.05748
0 -5.3631
0 -5.38264
0 -5.45189
0 -5.13876
0 -5.36837
0 -5.30074
0 -5.40432
0 -5.42717
0 -5.55463
0 -5.5455
0 -5.11191
0 -5.47539
0 -5.52822
0 -4.89623
2 -5.36325
0 -4.75681
0 -5.53108
0 -5.39949
0 -5.33814
0 -5.36955
0 -5.697
0 -6.08871
0 -5.03737
0 -5.52038
1 -4.84384
0 -5.39785
0 -5.4707
0 -4.88776
0 -5.3008
0 -5.85452
0 -5.5492
0 -5.56821
2 -5.60436
0 -5.57511
0 -5.40038
0 -5.20175
1 -5.40329
0 -5.36533
0 -5.65713
0 -5.07281
0 -5.4439
0 -5.33753
0 -5.25301
0 -5.61799
0 -5.50124
0 -5.64759
0 -5.9015
0 -5.53647
0 -4.85231
0 -5.52488
0 -5.43262
0 -4.89958
0 -5.61482
0 -5.50622
0 -5.32637
0 -5.48553
0 -5.46364
0 -4.92805
0 -4.73463
0 -5.34151
0 -5.52444
0 -5.60911
0 -5.33514
0 -5.34846
0 -5.40739
0 -5.54027
0 -5.39037
0 -5.37163
0 -5.41896
0 -5.33445
0 -4.80353
0 -4.91645
0 -5.30654
0 -5.33033
1 -5.58942
0 -5.58276
0 -5.22395
0 -5.57701
0 -5.25704
0 -4.79308
0 -5.75287
0 -5.43229
0 -5.39328
0 -5.32714
0 -5.53698
0 -5.0559
0 -5.42512
0 -5.00843
0 -5.43857
0 -5.59832
2 -5.22741
0 -4.59783
1 -4.56655
2 -4.88631
0 -4.94499
1 -4.64209
5 -4.41528
3 -4.42128
1 -5.03777
3 -4.67741
1 -4.93868
1 -4.81615
0 -4.85635
0 -4.47734
1 -4.7733
1 -4.88724
0 -4.71275
0 -4.83881
0 -4.73188
0 -4.99335
0 -4.87183
0 -4.83337
0 -4.7203
0 -4.55792
1 -4.8766
4 -4.82879
0 -4.35134
0 -4.35276
0 -4.78614
0 -4.52942
0 -4.97678
0 -4.82732
0 -4.45334
1 -4.77187
12 -4.76147
1 -4.63199
4 -4.53532
0 -4.95026
0 -4.70266
0 -4.75902
0 -4.62442
1 -4.81052
0 -4.85374
0 -4.72947
0 -4.60092
0 -5.02629
1 -4.80424
8 -4.871
0 -4.307
1 -4.90637
1 -4.56502
0 -4.96308
1 -4.77685
0 -4.92645
0 -4.87579
0 -4.53816
10 -4.84096
2 -4.75124
1 -4.5931
1 -4.98085
0 -4.31405
1 -4.35756
0 -4.80515
1 -4.65483
0 -4.71159
0 -4.58413
1 -4.33623
1 -4.38387
0 -4.58206
0 -4.67779
0 -4.94804
0 -4.72848
0 -4.81898
0 -4.88489
0 -4.4022
1 -4.77936
3 -4.76844
1 -4.34211
1 -4.73954
0 -4.90558
0 -4.50205
0 -4.88536
0 -4.85346
0 -4.79453
0 -4.76198
0 -4.47186
0 -4.41678
0 -4.80311
1 -4.60864
0 -4.75566
10 -4.84257
0 -4.85928
1 -4.7581
1 -5.05047
0 -4.72183
0 -4.44039
0 -4.81519
0 -4.67987
11 -4.48448
0 -4.74729
1 -4.66083
0 -4.76822
1 -4.58477
1 -4.61592
0 -4.57585
7 -4.87341
0 -4.84423
0 -4.73431
0 -4.87346
0 -4.67566
0 -4.61312
0 -4.76888
0 -4.80277
0 -4.90708
8 -4.73731
0 -4.59523
0 -4.57664
2 -4.83236
0 -4.46806
1 -4.39964
1 -4.82265
0 -4.41223
0 -4.47492
2 -4.77085
0 -4.47374
1 -4.39881
0 -4.66766
0 -4.56771
0 -4.72813
0 -4.77528
2 -4.60397
0 -4.57749
0 -4.49926
0 -4.4117
0 -4.69658
1 -4.55992
0 -4.58358
1 -4.56634
0 -4.41899
1 -4.55524
0 -4.29713
0 -4.5065
0 -4.41243
0 -4.50824
0 -4.54161
0 -4.62849
10 -4.22527
0 -4.43587
4 -4.54738
0 -4.61566
0 -4.49247
1 -4.69124
2 -4.70644
0 -4.53964
0 -4.6722
0 -4.45294
0 -4.12642
10 -4.65932
0 -4.25227
0 -4.532
0 -3.78769
0 -4.57262
1 -4.51587
1 -4.60887
1 -4.39091
2 -4.3893
0 -4.43486
0 -4.44833
1 -4.4303
0 -4.35648
0 -4.49348
0 -4.5181
3 -4.72087
2 -4.54197
0 -4.35074
0 -4.52378
0 -4.68469
0 -4.47406
0 -4.72853
0 -4.45885
1 -4.61088
0 -4.65798
0 -4.55118
0 -4.4427
0 -4.50505
0 -5.14113
2 -4.93744
2 -4.86912
1 -5.01431
0 -4.92227
1 -5.00448
1 -4.98326
0 -5.01624
0 -4.81313
0 -5.06949
0 -4.90268
0 -4.99399
0 -4.88425
0 -4.7067
3 -4.67341
0 -4.81952
0 -5.00685
2 -4.96282
0 -4.88581
0 -4.84794
0 -5.04603
0 -4.99014
0 -5.08274
2 -4.58929
0 -5.29593
2 -5.18018
5 -5.13251
0 -5.27059
4 -5.10862
2 -5.23243
2 -4.90617
0 -5.10501
6 -5.10066
2 -5.15106
2 -5.2887
2 -4.62656
5 -5.01066
0 -5.87857
0 -6.27273
0 -5.54245
0 -5.94508
0 -5.86035
0 -5.7936
0 -6.16129
2 -5.50616
0 -5.85756
0 -5.79764
0 -5.49448
0 -5.41728
0 -5.50868
0 -5.50101
0 -5.96555
0 -6.08114
0 -6.34732
0 -5.72895
1 -5.66679
0 -5.77622
0 -6.33724
0 -6.31638
1 -5.58578
0 -6.08897
8 -5.64022
0 -5.84369
0 -6.04625
0 -5.88732
1 -5.69432
0 -5.48382
0 -6.21202
0 -5.7555
2 -5.47606
0 -5.57623
0 -5.93567
0 -6.17568
1 -5.72578
3 -5.55514
0 -5.48661
0 -5.80947
5 -5.57615
0 -6.35864
0 -5.65535
2 -5.63524
1 -5.82882
2 -5.60317
2 -5.73659
0 -6.30178
0 -6.4311
15 -5.74727
0 -5.78395
0 -6.3236
0 -5.79625
0 -5.75088
0 -6.35136
1 -5.81213
0 -5.77488
3 -5.66024
0 -5.68341
0 -5.92598
0 -5.75772
0 -5.6924
15 -5.63111
0 -5.5711
0 -5.85583
1 -6.20961
0 -5.79562
0 -5.78736
0 -5.95585
0 -5.62258
1 -5.99895
0 -5.8272
4 -5.62364
0 -5.74628
0 -5.43998
0 -5.78599
0 -6.30208
0 -5.65364
1 -5.72096
0 -5.45547
3 -5.58032
13 -5.43207
0 -5.85511
0 -6.12522
0 -6.15145
0 -6.1046
0 -6.19773
0 -6.08859
0 -6.06641
1 -5.86539
0 -6.0302
0 -6.33474
1 -6.14854
0 -6.06618
0 -6.01339
1 -6.20807
0 -6.21277
0 -6.08383
0 -6.50098
0 -5.83971
0 -6.19997
0 -6.15114
0 -6.08442
0 -6.08729
0 -5.97205
0 -6.02841
0 -5.95851
0 -6.15042
0 -6.08943
2 -5.95125
0 -6.083
0 -6.08396
0 -6.07998
0 -6.33946
0 -5.90849
0 -6.17532
0 -5.95275
0 -6.4561
0 -6.52935
0 -6.01277
0 -6.51638
0 -6.498
0 -6.05229
0 -5.85791
0 -5.88475
0 -6.09145
0 -6.3423
0 -6.37709
0 -5.95866
0 -6.05384
0 -6.06776
0 -6.09698
1 -6.01399
0 -5.92975
0 -6.1229
0 -5.77004
0 -6.19203
0 -6.05803
0 -6.10111
0 -6.42757
0 -6.16976
0 -5.99391
0 -6.30176
0 -6.04342
0 -5.80889
0 -6.26059
0 -5.97383
0 -5.91809
0 -6.03647
0 -5.98574
0 -6.51868
1 -6.50624
0 -6.12787
0 -6.13726
0 -5.95961
0 -6.06436
0 -6.00812
0 -6.17069
0 -6.08275
0 -6.00504
0 -6.07054
0 -6.12116
0 -5.99
0 -6.00749
0 -6.12509
0 -5.69957
0 -6.18199
0 -6.02786
0 -6.14102
0 -6.27933
0 -4.62369
1 -4.86836
0 -4.48999
33 -2.98405
0 -4.74309
0 -4.50706
0 -4.82094
0 -3.71371
0 -4.84586
0 -3.4882
0 -4.52388
1 -4.57527
1 -4.78194
1 -4.59411
3 -4.57051
0 -4.61537
28 -5.01955
1 -4.62054
0 -4.38479
0 -4.54247
0 -4.60431
0 -4.78873
1 -4.63142
1 -4.51977
7 -4.83291
2 0.782433
0 -4.36649
0 -4.4795
0 -4.92295
4 -4.53487
0 -4.61536
0 -4.32191
1 -4.51332
1 -4.65776
0 -4.32551
0 -4.92723
1 -4.67827
9 -4.56725
0 -4.51002
5 -3.2931
1 -4.92926
1 -4.43473
0 -4.43381
0 -4.85402
2 -4.16452
0 -4.58478
1 -4.77437
0 -4.89972
1 -3.70322
15 -3.63408
13 -4.07808
0 -4.44498
5 -4.70627
0 -4.72598
0 -4.5795
2 -4.56735
1 -4.38515
1 -4.91332
0 -4.91212
0 -4.57868
5 -4.89562
0 -4.65836
0 -4.3851
0 -4.67381
0 -4.67649
1 -4.46479
0 -4.56405
2 -4.53334
1 -4.79379
0 -4.79817
0 -4.78578
0 -4.70029
1 -4.96773
0 -4.48605
0 -4.7993
1 -4.56126
0 -4.61697
2 -4.82916
2 -4.34009
1 -3.67865
0 -4.77027
2 -3.86186
0 -5.48253
0 -5.46502
0 -5.42316
0 -5.29869
0 -4.86476
0 -5.06512
1 -5.18156
0 -5.15495
1 -4.99111
1 -5.26123
1 -5.44366
0 -4.72678
0 -5.54495
0 -5.29529
0 -5.20564
1 -5.13803
0 -5.54759
0 -5.00543
0 -5.36759
0 -5.03337
0 -5.36525
0 -5.16921
0 -5.36151
0 -5.47782
1 -5.74609
0 -5.31277
0 -5.22632
0 -5.24465
0 -4.98571
0 -5.05039
0 -5.58106
1 -5.61007
0 -5.03229
0 -5.04029
0 -4.68927
0 -5.3784
0 -5.35607
0 -5.46519
1 -5.13949
0 -5.7682
0 -5.43798
0 -5.24395
0 -5.05772
0 -5.35204
0 -5.20686
2 -5.00912
0 -5.00576
7 -5.27595
2 -4.98338
0 -5.36642
0 -5.36068
0 -5.33536
0 -5.06767
0 -5.38416
0 -4.92734
0 -5.34889
0 -5.37152
0 -5.49711
0 -5.54015
0 -4.89822
0 -5.42765
1 -5.08406
0 -5.09382
0 -5.41412
0 -5.51218
1 -5.13526
1 -4.84202
0 -5.21573
0 -5.32836
0 -5.24116
0 -5.1196
0 -4.72712
1 -5.02233
0 -5.52455
0 -5.04788
0 -5.2254
0 -4.95872
0 -4.61138
1 -5.11434
0 -5.23708
0 -5.1609
0 -5.30709
1 -5.42405
0 -5.03915
0 -5.21328
0 -5.43741
0 -5.3435
0 -5.28528
0 -5.5793
0 -5.08761
0 -4.84869
2 -5.48139
0 -5.00001
0 -5.19751
1 -5.1948
3 -5.29073
0 -5.2556
0 -5.34119
0 -5.34779
0 -4.99344
0 -5.0575
0 -5.29948
0 -4.90707
0 -5.03762
0 -5.20451
0 -5.142
0 -4.98131
0 -5.13396
0 -5.29106
0 -5.13276
0 -4.99927
0 -5.00051
0 -5.43327
0 -4.92621
2 -4.92837
0 -5.57826
0 -5.58527
0 -5.56464
0 -5.73426
0 -5.73273
0 -5.92213
0 -5.87919
0 -5.73454
0 -6.04152
0 -5.89653
0 -6.08726
0 -5.63994
0 -6.01797
0 -5.92033
1 -5.57377
0 -5.77071
0 -5.93063
0 -5.3023
0 -5.69704
0 -5.55005
0 -5.98256
0 -5.77663
0 -5.68326
0 -5.37927
2 -5.7773
0 -6.14382
0 -5.44977
0 -5.9075
0 -5.58974
1 -5.59216
0 -5.28704
0 -5.57963
0 -5.76924
0 -5.59113
0 -5.89357
0 -5.95605
0 -5.69655
0 -5.92103
0 -5.70471
0 -5.99788
1 -5.53209
0 -6.10152
0 -5.62193
0 -5.71686
0 -5.4099
0 -6.13808
0 -5.69324
0 -5.75567
0 -5.67321
0 -5.81003
0 -6.02863
0 -5.92493
0 -5.90476
0 -5.7224
0 -6.087
0 -5.98936
0 -5.55377
0 -5.66097
0 -5.47137
0 -5.51534
0 -5.57937
0 -5.64555
0 -5.67787
0 -5.75975
0 -5.66544
0 -5.65079
0 -5.78085
0 -5.66971
0 -5.83478
0 -5.75206
0 -5.38973
0 -5.76889
0 -5.57135
0 -5.51259
0 -5.46706
0 -5.73116
0 -5.6329
0 -5.46162
0 -5.7343
0 -5.29256
0 -5.459
0 -5.692
0 -5.78163
1 -5.80707
0 -5.34225
0 -5.59241
0 -5.55892
0 -5.52158
0 -5.49717
0 -5.74994
0 -5.70621
0 -5.6338
0 -5.31575
0 -5.62616
0 -5.54098
0 -5.38435
0 -5.70521
0 -5.61531
0 -5.48464
0 -5.6791
0 -5.59629
0 -5.5975
0 -5.51595
0 -5.58259
0 -5.60709
0 -5.76312
0 -5.58471
0 -5.59499
0 -5.46089
0 -5.58093
0 -5.59278
0 -5.40584
0 -5.60086
0 -5.72604
0 -5.63159
0 -5.79454
0 -5.61853
0 -5.41728
0 -5.57806
0 -5.68038
0 -5.69851
0 -5.63916
0 -5.54466
0 -5.77122
0 -5.61185
0 -5.70621
0 -5.90643
0 -5.81553
0 -5.45046
0 -5.75801
0 -5.70095
0 -5.53262
0 -5.7552
0 -5.76723
0 -5.62034
0 -5.59226
0 -5.32463
0 -5.60539
0 -5.86975
0 -5.74814
0 -5.63465
0 -5.66224
0 -5.59332
11 -4.50578
0 -5.6288
0 -5.44837
0 -5.04466
0 -5.43291
0 -5.51179
0 -5.36457
0 -4.9874
0 -5.55897
0 -5.3466
0 -5.29102
0 -5.36628
0 -5.32101
5 -5.47563
0 -5.32452
0 -5.39809
2 -5.4206
0 -5.46099
0 -5.29785
0 -5.51636
1 -5.48753
2 -5.36083
1 -5.42446
2 -5.4182
1 -5.40825
0 -5.32837
0 -4.61239
9 -4.52194
0 -4.92272
0 -4.53851
0 -4.92768
1 -4.5864
4 -4.44247
3 -4.74833
6 -3.91482
4 -4.8758
0 -4.622
14 -4.29743
17 -4.78346
3 -4.79142
1 -4.91179
2 -4.36227
0 -4.71977
1 -4.68779
0 -4.96019
2 -4.48033
0 -4.86123
8 -4.6358
1 -4.82464
0 -4.24073
0 -4.64508
0 -4.60726
1 -4.74244
0 -4.91977
4 -3.95045
0 -4.4431
0 -4.25645
0 -3.93829
0 -4.56531
0 -4.16309
1 -4.37447
0 -4.58723
0 -4.99677
0 -4.04169
0 -4.52132
0 -4.00873
0 -4.43039
0 -4.43223
0 -4.22914
0 -4.42855
2 -4.81626
3 -4.92163
0 -4.23476
3 -4.56905
0 -4.45577
0 -4.32758
1 -4.54353
3 -4.5834
0 -4.6041
1 -4.57634
1 -5.18198
0 -4.87629
11 -3.50847
0 -5.059
0 -4.88511
1 -5.03321
0 -4.8599
0 -5.1577
0 -4.83634
0 -5.14885
0 -5.13532
0 -4.9747
0 -4.85119
1 -5.03468
0 -4.84145
0 -5.18855
0 -5.12226
0 -5.21923
1 -5.0288
0 -4.90712
0 -5.05894
0 -5.10117
0 -5.11836
25 -3.87376
0 -4.98141
0 -5.05922
0 -5.00434
1 -5.09242
0 -4.95106
36 -4.66696
21 -3.92751
0 -5.0724
0 -5.02708
5 -5.02438
0 -5.1175
2 -4.73647
0 -5.03388
0 -5.08234
0 -4.90081
2 -4.91433
71 -3.86241
1 -5.06594
14 -4.38281
3 -4.63135
0 -5.13072
0 -5.27805
1 -5.18599
0 -4.99938
0 -5.09428
0 -5.07292
0 -5.05902
57 -4.84466
0 -4.73259
1 -5.13326
0 -4.90402
0 -4.84834
0 -5.28008
0 -5.09855
1 -5.07431
9 -4.60786
0 -4.93409
0 -5.07818
0 -4.7761
2 -4.69324
0 -4.80926
0 -4.47037
0 -4.5137
0 -4.55937
0 -4.54315
0 -4.54724
1 -4.62064
0 -4.61536
1 -4.53711
0 -4.6298
1 -4.69024
0 -4.72592
0 -4.9156
0 -4.42941
0 -4.73443
0 -4.6935
0 -4.74329
0 -4.64375
0 -4.69964
0 -4.27465
1 -4.65829
0 -4.458
0 -4.67705
0 -4.86354
0 -4.89753
0 -5.03538
0 -4.70512
0 -4.81276
0 -4.43915
3 -4.75056
0 -4.60617
2 -4.64203
1 -4.79405
0 -4.63253
0 -4.80209
0 -4.23863
0 -4.80854
0 -4.43737
5 -4.64799
0 -4.58189
1 -4.74763
0 -4.42537
1 -4.47352
0 -4.68297
0 -4.59717
0 -4.56529
0 -4.79599
0 -4.42784
0 -4.78571
0 -4.46851
0 -4.74469
0 -4.63174
1 -4.67452
0 -4.61472
0 -4.30318
0 -4.36424
0 -4.5759
3 -4.61428
0 -4.61108
0 -4.29228
0 -4.8237
1 -4.8714
0 -4.62739
0 -4.6408
0 -4.77926
0 -4.78871
0 -4.52018
0 -4.82824
1 -4.62432
0 -4.69403
0 -4.91454
2 -4.68132
0 -4.51991
2 -4.69275
0 -4.67894
0 -4.32845
0 -4.76538
0 -4.74806
0 -4.63088
0 -4.56
1 -4.61936
0 -4.5994
0 -4.81127
0 -4.63814
0 -4.32828
0 -4.38951
0 -4.44745
2 -4.60545
0 -4.71047
6 -4.88246
0 -4.59217
0 -4.5592
1 -4.59668
1 -4.77257
1 -4.64148
0 -4.69901
0 -4.6914
0 -4.3532
0 -6.00281
0 -6.22904
0 -5.84871
0 -6.3925
0 -6.0593
0 -6.1504
1 -6.27457
1 -6.27826
0 -6.37287
0 -5.99885
0 -6.25648
0 -5.98626
0 -6.22215
0 -6.00976
0 -6.22842
0 -6.06009
0 -6.37592
0 -5.96981
0 -6.02937
0 -6.10907
0 -6.10041
0 -6.07243
0 -6.29696
0 -5.97924
0 -5.56228
0 -6.14153
0 -6.31565
0 -6.25189
0 -5.8888
0 -6.2406
0 -6.38815
0 -6.40716
0 -6.35684
0 -6.10457
0 -6.33696
0 -6.12224
0 -5.79511
0 -6.10422
0 -6.03679
0 -5.31369
0 -6.19022
0 -6.21144
0 -6.13513
0 -6.24149
0 -6.2601
0 -6.16307
0 -6.26998
0 -4.93886
0 -5.19687
0 -5.19812
1 -5.18944
1 -4.98029
2 -5.18383
0 -4.96866
0 -5.01579
1 -5.16625
1 -5.00929
0 -5.13875
0 -5.12815
2 -5.06253
2 -5.11264
0 -5.12846
0 -5.13613
3 -5.12497
9 -4.9242
0 -5.13921
1 -5.4191
1 -5.22247
0 -5.22965
0 -5.15714
3 -5.06279
7 -4.99328
0 -5.36119
0 -4.94384
0 -5.19064
0 -5.1663
1 -5.01039
3 -5.05979
0 -5.28472
2 -5.13069
0 -4.95114
0 -5.26972
0 -5.06963
0 -5.08236
0 -5.1006
0 -5.17274
0 -5.05884
0 -4.99682
0 -5.18713
1 -5.2283
1 -5.02508
1 -5.17574
0 -5.11348
3 -5.22921
1 -5.25694
1 -5.17714
6 -5.08813
1 -5.14441
4 -5.20957
0 -4.89161
0 -5.14747
0 -5.12649
0 -4.8991
3 -5.09139
0 -5.12383
0 -5.08681
0 -5.08634
0 -5.11013
1 -5.23307
1 -5.30482
0 -5.04258
0 -5.11499
0 -4.96687
0 -5.14521
2 -5.14072
0 -5.25597
0 -5.18517
0 -5.09244
0 -5.25678
1 -4.99837
0 -5.2305
0 -5.19651
0 -5.12471
5 -5.06716
2 -5.14641
1 -5.10216
1 -5.16629
0 -5.28631
1 -4.81692
1 -5.16155
0 -5.08162
0 -5.15558
1 -5.34806
0 -5.32278
0 -5.20856
0 -4.94167
0 -5.30351
0 -5.0531
0 -4.92526
1 -5.01773
0 -4.40751
1 -5.07732
0 -4.9531
0 -4.96668
1 -5.21219
0 -5.03037
0 -5.16302
0 -4.92911
0 -4.79891
4 -5.19411
0 -5.0667
1 -4.55742
1 -5.08302
0 -4.95844
0 -5.72322
0 -5.3739
0 -5.08704
0 -5.22004
0 -5.1429
0 -5.0985
0 -5.3124
0 -4.99596
0 -4.80966
1 -5.10207
0 -5.26473
0 -4.9151
0 -4.4741
0 -4.95667
0 -5.14767
0 -5.0795
0 -4.88528
0 -4.70675
0 -4.97579
0 -4.45675
0 -5.40388
0 -5.1738
0 -4.85985
0 -5.08582
0 -5.03483
0 -5.18788
2 -5.22846
0 -4.78868
1 -5.10222
0 -4.97141
1 -4.29046
0 -5.14324
0 -5.26479
0 -4.84389
1 -5.37378
0 -4.99587
1 -5.26743
0 -5.44518
0 -5.61617
0 -5.08173
19 -5.01855
1 -4.29955
1 -5.28712
0 -5.53263
0 -5.40134
1 -5.29182
1 -5.26738
0 -4.38346
0 -5.15183
0 -5.0794
1 -5.15644
0 -4.96152
0 -4.89651
20 -4.43843
1 -5.52018
0 -5.0159
1 -5.33485
0 -4.97795
0 -4.7627
0 -4.77133
10 -5.31081
0 -5.34637
8 -5.58916
0 -4.94704
2 -4.67375
0 -5.1522
1 -5.09889
0 -4.63112
0 -4.38415
0 -4.35036
1 -3.77031
0 -4.8478
1 -4.18809
0 -5.64201
0 -5.38384
1 -5.21476
0 -4.88116
0 -5.44487
1 -5.09657
0 -5.68909
0 -4.70518
2 -5.75161
0 -5.24765
0 -5.45055
0 -5.57129
0 -5.7762
0 -4.70093
0 -5.37297
0 -5.23658
0 -5.07882
0 -5.64355
0 -5.77177
0 -5.17882
1 -5.05231
0 -5.18536
1 -5.06398
1 -5.07988
0 -5.27728
1 -5.16719
0 -5.19473
0 -5.28552
0 -4.73369
0 -5.3855
0 -5.54757
0 -5.35302
0 -5.39736
3 -5.24154
0 -5.37457
0 -5.22258
0 -4.81212
2 -4.93219
0 -4.93393
1 -5.00005
0 -4.90006
0 -4.69903
1 -4.94632
0 -5.06305
4 -4.8789
0 -5.07598
0 -4.9119
0 -5.01456
1 -4.87493
0 -4.86181
1 -4.88615
0 -4.93285
0 -4.87082
0 -4.99044
0 -4.96265
0 -4.89556
0 -4.91343
1 -4.83538
4 -4.69512
0 -5.03855
1 -4.95707
1 -4.85376
0 -4.91525
1 -4.89194
0 -5.20661
0 -4.82474
0 -4.84464
0 -4.81034
0 -5.16964
0 -4.89314
0 -5.01946
1 -4.77743
0 -5.00976
0 -4.76107
0 -4.77376
3 -4.93103
0 -5.02258
0 -4.87269
0 -4.94386
0 -4.91674
2 -4.84697
2 -4.73632
0 -4.97934
3 -4.84901
0 -4.96222
0 -4.88194
6 -4.28433
0 -4.93645
0 -4.88277
0 -4.83416
0 -4.97438
0 -4.77469
1 -4.78135
0 -5.03974
0 -5.00682
0 -4.98617
0 -4.9456
0 -4.93661
0 -5.02136
0 -4.98335
3 -4.89803
1 -5.02403
3 -4.84311
0 -5.18201
4 -5.1612
0 -5.20043
2 -4.78539
8 -5.07332
3 -4.71202
2 -4.71162
0 -4.39761
3 -4.74219
0 -4.49099
2 -4.51957
0 -4.57975
1 -4.68546
0 -4.50745
4 -4.56362
0 -4.75994
0 -4.83841
2 -4.6011
1 -4.38472
0 -4.54091
2 -4.5982
0 -4.60566
3 -4.73687
0 -4.64463
0 -4.6581
2 -4.59892
1 -4.55076
12 -4.64573
1 -4.73338
0 -4.45126
7 -4.67458
0 -4.29404
1 -4.75057
1 -4.7016
7 -4.74355
1 -4.45493
7 -4.76595
0 -4.65517
1 -4.46933
2 -4.66887
0 -4.70324
6 -4.54206
1 -4.52139
4 -4.63077
10 -4.75792
0 -4.55228
3 -4.7439
3 -4.63591
0 -4.79961
0 -4.40503
1 -4.83934
0 -5.88029
0 -6.09619
0 -5.60731
0 -5.77128
0 -5.98771
1 -6.19919
0 -5.83585
0 -59.9068
0 -6.06271
0 -6.04389
0 -5.53752
0 -5.94884
0 -5.83483
0 -6.09615
0 -5.37125
0 -5.81998
0 -5.98832
0 -5.88687
0 -5.88609
0 -5.38396
0 -5.83749
0 -6.08206
0 -5.95072
0 -6.04549
0 -6.0638
0 -5.69468
0 -5.96232
0 -5.94922
0 -6.04167
0 -5.94325
0 -6.00731
0 -6.13726
0 -5.84929
0 -5.99925
0 -5.3917
0 -5.83727
0 -5.87734
0 -5.95057
0 -5.96627
0 -5.76865
0 -6.08515
0 -5.66808
0 -5.89722
0 -5.99211
0 -5.98393
0 -6.1801
0 -5.36505
0 -5.90562
0 -6.01214
0 -5.97539
0 -5.9798
0 -5.99197
0 -6.02173
0 -5.82407
0 -5.9037
0 -4.96369
0 -6.13371
0 -6.07726
0 -6.08379
0 -4.98602
0 -5.75027
0 -5.93363
0 -5.92295
0 -5.97896
0 -5.88885
0 -59.773
1 -4.64332
0 -4.52706
0 -4.54291
0 -4.33732
3 -4.53963
1 -4.4114
0 -4.46598
0 -4.57072
2 -4.77493
0 -4.4772
0 -4.77403
2 -4.64752
1 -4.39648
1 -4.45649
2 -4.39636
0 -4.53662
0 -4.48852
0 -4.45116
3 -4.64988
0 -4.62695
0 -4.56381
1 -4.71629
2 -4.71419
0 -4.67684
0 -4.36665
2 -4.51189
1 -4.79742
0 -4.54438
0 -4.65218
1 -4.54012
0 -4.22301
0 -4.70502
11 -4.44221
0 -4.31614
2 -4.53942
2 -4.38168
0 -4.65466
0 -4.50854
0 -4.73189
0 -4.84575
0 -4.57839
0 -4.56527
0 -4.65159
0 -4.51605
1 -4.6099
0 -4.32196
5 -4.6545
0 -4.59049
0 -4.59667
8 -4.39697
0 -4.47572
0 -4.59413
0 -4.55109
0 -4.45657
2 -4.54617
0 -4.35018
2 -4.71807
0 -4.3987
0 -4.64183
1 -4.62659
1 -4.3451
0 -4.29716
0 -4.88636
0 -4.59442
0 -4.4137
2 -4.91407
0 -4.45858
0 -4.58968
0 -4.49596
0 -4.23756
0 -4.53737
0 -4.47077
1 -4.59648
1 -4.70632
2 -4.74977
0 -4.44291
0 -4.27302
1 -4.45196
38 -4.51041
0 -4.52904
1 -4.586
2 -4.60907
0 -4.60758
1 -4.734
1 -4.32321
0 -4.39378
0 -4.47718
0 -4.37067
0 -4.42525
3 -4.66061
1 -4.71476
4 -4.74633
0 -4.46628
4 -4.79452
1 -4.68325
3 -4.60124
0 -4.27227
6 -4.49648
0 -4.26547
0 -5.04408
0 -4.99382
4 -3.92057
0 -4.62457
0 -4.46187
1 -4.56492
1 -4.50877
0 -4.87614
1 -4.02928
1 -4.63889
17 -4.09091
0 -4.53659
0 -4.77331
0 -4.61559
5 -4.88609
14 -4.38893
1 -4.37971
0 -4.28717
0 -4.63312
0 -3.01708
1 -4.61513
1 -4.54611
2 -4.59627
0 -4.34142
1 -3.95219
1 -4.65021
184 -2.32291
0 -4.47472
0 -5.0022
4 -4.74036
0 -4.37559
2 -4.45478
0 -4.47314
0 -4.6551
0 -5.04329
0 -4.1932
0 -4.56593
0 -4.47294
36 -4.72063
0 -4.63829
1 -4.65344
2 -4.55627
0 -4.29898
0 -4.30367
2 -4.73168
1 -4.78688
0 -4.58994
1 -4.34347
0 -4.04537
0 -4.10181
0 -3.84638
0 -4.75403
76 -4.20411
0 -4.22684
0 -4.36045
0 -4.82396
20 -4.69464
4 -4.3533
0 -4.54587
1 -3.38165
0 -4.81132
2 -3.72182
0 -4.61552
0 -4.17358
0 -3.95671
8 -4.56108
10 -3.62512
3 -4.56564
0 -4.45966
1 -4.88447
0 -4.62985
0 -4.5018
0 -4.31831
0 -4.6294
15 -4.2752
0 -4.73932
0 -4.6404
0 -3.71118
0 -4.33064
11 -4.33398
0 -4.25912
0 -4.49507
0 -4.4267
0 -4.32439
0 -4.19053
0 -5.00462
4 -4.86253
3 -4.65825
0 -4.42493
2 -4.44798
0 -4.37514
0 -4.39895
1 -4.49366
0 -4.68109
0 -4.69465
1 -4.64971
81 -4.10117
3 -4.71524
0 -5.00685
0 -4.66891
4 -4.41016
0 -4.94663
3 -4.58492
385 -2.50596
0 -4.52311
0 -4.44386
3 -4.78209
1 -4.88154
0 -4.47505
1 -4.30699
0 -3.68026
2 -4.80126
0 -4.94608
0 -4.54831
0 -4.81104
1 -4.3711
2 -4.55143
0 -4.43781
6 -4.37994
3 -3.38959
8 -3.63425
10 -4.61891
0 -4.53486
0 -4.07529
6 -4.67132
1 -4.59115
0 -3.19073
0 -4.77859
1 -4.62255
1 -4.49467
0 -4.8845
0 -3.8485
1 -3.85216
0 -4.64078
0 -4.91735
0 -4.39603
0 -4.59386
0 -3.46508
0 -4.50277
1 -4.55047
1 -4.6049
2 -4.46741
0 -4.60297
0 -4.84165
1 -4.14743
0 -4.70751
13 -4.50017
0 -4.15194
0 -4.25981
5 -4.48575
0 -4.16391
0 -4.4382
0 -4.57186
0 -4.20794
0 -4.40787
0 -4.17997
1 -3.44343
2 -4.22834
0 -4.22174
4 -4.35014
1 -4.48409
0 -4.4959
1 -4.36306
0 -4.81413
9 -4.62123
0 -4.56672
0 -4.65417
0 -4.72916
0 -4.4578
2 -4.48041
0 -4.3688
0 -4.34011
18 -4.05736
0 -4.7577
0 -4.92561
8 -4.60029
2 -4.60918
0 -4.68566
0 -4.81007
0 -4.32047
0 -4.003
6 -4.53419
3 -4.60095
0 -3.69372
0 -4.74438
2 -5.10637
0 -4.13015
0 -4.27724
1 -4.8801
0 -3.90619
0 -4.2877
0 -5.01424
1 -4.47119
9 -4.82431
0 -4.34269
1 -4.60962
0 -4.44619
0 -4.42091
0 -4.57051
6 -4.09037
0 -4.33664
0 -4.18345
3 -4.45527
0 -4.85703
1 -4.46486
0 -4.76176
18 -4.58286
0 -4.60815
11 -2.69818
0 -4.81233
0 -4.31314
0 -4.75738
0 -4.2439
2 -4.55122
44 -4.44158
11 -4.56934
0 -3.95297
0 -4.23333
0 -4.63726
1 -4.45307
1 -4.46905
25 -4.30798
0 -4.39824
2 -4.4943
3 -4.67237
0 -3.95746
0 -3.96245
0 -3.71594
2 -4.63945
5 -4.2573
8 -4.51404
0 -4.54791
0 -4.39114
0 -4.65059
8 -3.18512
4 -4.3725
0 -4.73476
2 -4.89695
1 -4.68387
9 -2.4615
20 -4.67162
1 -4.34516
0 -4.31365
3 -4.77052
0 -4.71721
0 -4.36795
0 -4.91832
1 -3.38852
0 -3.38334
0 -5.14993
0 -5.38307
0 -5.34222
0 -5.04107
0 -5.37581
0 -5.29882
0 -5.39788
0 -5.05507
0 -5.08579
0 -5.03906
0 -5.28099
0 -5.93456
0 -5.13603
0 -5.19392
0 -5.39659
0 -5.11265
0 -5.44179
2 -5.0813
0 -4.44377
1 -5.07801
0 -5.15977
2 -5.23917
0 -5.26444
1 -5.32266
1 -5.21146
0 -5.34375
1 -4.9125
0 -5.04409
0 -5.19835
0 -5.39514
0 -5.06177
0 -5.43134
0 -5.45105
0 -5.49909
0 -4.5948
0 -5.42126
0 -5.4053
0 -5.42435
0 -5.41398
0 -5.17793
1 -5.54535
0 -5.23728
0 -5.26885
0 -4.6662
0 -5.12814
3 -4.88438
1 -4.96843
0 -4.54559
0 -4.68001
0 -4.749
0 -4.30139
0 -4.72978
0 -4.82967
0 -4.93329
0 -4.65739
0 -4.4208
0 -4.89141
0 -4.92366
0 -4.83154
2 -4.60058
0 -4.74055
0 -4.6212
0 -4.36551
0 -4.5116
1 -4.90826
0 -4.79224
0 -5.03127
0 -4.79712
0 -4.88475
0 -4.9138
0 -4.48788
0 -4.70416
0 -4.67918
0 -4.98773
0 -4.99751
0 -4.70047
0 -4.59569
0 -4.6923
0 -4.23305
0 -4.94423
1 -4.4168
0 -4.49885
0 -4.77723
0 -4.85513
0 -4.81833
0 -4.66455
0 -5.02748
3 -4.6288
1 -4.7037
0 -4.49804
0 -4.61659
0 -4.46205
0 -4.99549
0 -5.23063
0 -5.11915
0 -5.22227
1 -5.03601
0 -4.6918
0 -5.06653
0 -4.84155
1 -5.11741
0 -5.23659
0 -5.1015
0 -5.0644
0 -5.1339
0 -4.94802
2 -4.80794
0 -5.04754
0 -4.74043
1 -5.22628
1 -5.13573
0 -4.81204
0 -5.02706
0 -5.00653
6 -5.35899
0 -5.34597
0 -5.00122
2 -5.30415
0 -5.15118
0 -4.80945
0 -4.7143
0 -5.19628
0 -5.03361
7 -4.91189
0 -5.36264
0 -4.87555
0 -5.37364
1 -5.05151
0 -5.39334
0 -4.36459
0 -5.08268
1 -5.23047
0 -5.33552
0 -4.7998
0 -5.15923
0 -5.05714
0 -5.09978
1 -5.33049
3 -5.2029
0 -5.02683
0 -4.73152
0 -5.15625
0 -5.08068
2 -5.25476
0 -5.03552
1 -5.08763
0 -5.16102
0 -5.27275
1 -4.78577
1 -5.22718
0 -5.18642
0 -4.79271
1 -4.92015
0 -5.21324
0 -5.15051
0 -5.01135
0 -5.01819
0 -4.98838
0 -4.94703
0 -5.18132
0 -4.47438
0 -4.89464
0 -4.98577
2 -5.1742
0 -5.25707
0 -5.21594
0 -4.75909
1 -5.19938
2 -5.38752
0 -5.06981
1 -5.1562
1 -4.86925
3 -5.17858
0 -5.08635
0 -5.30795
0 -4.95953
0 -5.12027
0 -4.8624
0 -5.24436
0 -4.79507
1 -4.79135
0 -4.89714
0 -5.3267
1 -4.95125
0 -4.92616
7 -5.3926
1 -5.46123
0 -4.9499
1 -4.98564
0 -4.94372
0 -5.34649
0 -4.79559
0 -4.92258
0 -5.0313
3 -4.46736
2 -5.00201
1 -5.28694
0 -4.95505
0 -4.70086
0 -4.83175
0 -4.52884
0 -4.76801
0 -4.73866
2 -4.55909
0 -4.96797
0 -4.94485
0 -4.77283
0 -4.8451
4 -4.75824
0 -4.91996
0 -4.54641
0 -4.76841
0 -4.92611
3 -5.17941
1 -4.94038
1 -5.21248
1 -5.11479
0 -5.14888
0 -5.00307
3 -5.15025
3 -5.01064
0 -4.87063
0 -5.02418
1 -5.19982
0 -4.93865
0 -5.07623
1 -5.03033
0 -5.14936
1 -5.0922
3 -5.1858
0 -5.35671
0 -5.73897
0 -5.66699
0 -5.1365
0 -5.17464
1 -5.30738
0 -5.52367
1 -5.173
0 -5.46625
0 -5.48278
0 -5.30449
0 -5.36941
0 -4.91019
0 -5.85122
0 -4.96041
10 -4.97372
1 -5.58731
0 -5.28401
0 -5.43304
0 -5.20386
0 -5.83299
1 -5.00427
0 -5.35999
0 -5.01663
0 -5.42839
5 -5.39819
0 -5.67891
0 -5.04903
0 -4.88322
5 -5.12134
0 -5.84296
0 -5.58349
1 -5.49463
0 -5.03696
0 -5.45893
0 -4.99678
0 -5.48775
0 -5.07503
0 -4.73207
0 -5.07266
0 -4.60059
0 -4.8516
0 -5.01464
1 -5.00052
0 -4.95346
0 -4.59878
0 -4.9666
0 -4.54558
0 -4.81099
0 -4.90895
0 -4.78012
3 -4.89545
0 -5.00701
0 -4.933
1 -4.81063
0 -4.90404
0 -5.05917
0 -4.92406
0 -4.94452
0 -4.65663
1 -4.57703
1 -4.42972
0 -4.86545
0 -4.93963
0 -4.96188
0 -4.77313
1 -4.97535
1 -4.5951
1 -4.9938
1 -4.82064
0 -4.96072
0 -4.42666
0 -4.96985
0 -4.84922
0 -4.99361
0 -4.73142
0 -4.66464
0 -5.05134
0 -4.58542
0 -4.67216
0 -5.04045
0 -4.82445
0 -4.58238
0 -4.81193
0 -4.77173
0 -4.78566
1 -4.65345
0 -4.91666
0 -4.31607
1 -4.98589
0 -4.84547
1 -4.97922
1 -4.51781
0 -5.83063
0 -6.18376
0 -6.06689
0 -6.19426
3 -5.96471
0 -5.99147
0 -6.09393
0 -5.97689
0 -6.09527
0 -6.02485
0 -5.93435
0 -5.9145
1 -5.87894
0 -5.87329
0 -6.17399
0 -6.23156
0 -6.03756
0 -6.00792
0 -6.19797
0 -5.91047
0 -6.00817
0 -5.92959
0 -5.91156
0 -5.901
0 -5.93788
0 -6.09826
0 -6.06682
0 -5.85298
0 -5.93258
0 -5.76737
0 -6.03389
0 -5.94478
0 -5.86744
0 -6.11707
0 -6.18692
0 -5.9865
0 -5.95437
0 -6.25534
0 -5.86668
0 -5.19468
5 -5.57804
0 -5.976
0 -6.20735
0 -5.90851
1 -5.96733
0 -6.04459
0 -6.03424
0 -6.11145
0 -6.06567
0 -5.94609
0 -6.06689
1 -5.66189
0 -5.91099
2 -5.8439
0 -6.09787
0 -6.1569
0 -5.93773
0 -6.00025
0 -6.05691
0 -5.89636
0 -6.10946
0 -6.00352
0 -5.85246
0 -6.00789
0 -5.70733
0 -6.13344
0 -6.01065
0 -5.96007
0 -6.00378
0 -5.81317
0 -5.93973
0 -6.03872
0 -5.61258
0 -5.72677
0 -5.91153
1 -5.32379
0 -5.81668
0 -5.85413
0 -5.6941
0 -5.59764
0 -5.68559
0 -5.80201
1 -5.48752
0 -5.75979
0 -5.7532
0 -5.67919
0 -5.64759
0 -5.58115
0 -5.9302
0 -5.95823
0 -5.82144
0 -5.61903
0 -5.68807
0 -5.73408
0 -5.86924
6 -4.42196
0 -4.91526
0 -5.15103
1 -5.08428
0 -5.20411
1 -4.78307
7 -4.78218
0 -4.60669
3 -5.13476
7 -4.51134
0 -4.90546
0 -5.01837
9 -3.92478
0 -4.9181
9 -4.63633
5 -5.00837
0 -4.83165
2 -5.6314
115 -4.23104
3 -4.66664
1 -4.94876
0 -5.05647
0 -4.74117
13 -4.5012
0 -5.63495
0 -5.13644
11 -4.85084
1 -4.91811
1 -5.2381
26 -4.48879
2 -5.21877
0 -5.26039
14 -4.49409
16 -5.06147
2 -4.79169
7 -4.33756
13 -4.75368
6 -4.70659
5 -5.36418
3 -4.4959
2 -4.84589
21 -4.26181
4 -4.75073
4 -5.23745
0 -5.16913
1 -5.3468
5 -4.95071
3 -4.83912
4 -4.76977
3 -5.08826
1 -5.00805
0 -5.15953
10 -4.46836
0 -4.96223
13 -4.99104
2 -4.98278
0 -5.05991
2 -5.00038
0 -5.11258
5 -5.19194
1 -5.07433
0 -4.82765
0 -4.32609
1 -5.06621
0 -5.09354
0 -5.10632
0 -5.12987
0 -4.48013
0 -4.37715
0 -4.79271
0 -5.03267
0 -5.10809
1 -4.78575
0 -4.96688
5 -5.25589
2 -5.03436
0 -5.26159
1 -5.16519
0 -5.05806
0 -4.97964
0 -5.10807
0 -5.31112
0 -5.22356
0 -5.08786
0 -4.58347
0 -5.31255
3 -5.19512
0 -5.03732
0 -5.27377
0 -4.72518
1 -5.11217
2 -5.23225
0 -4.56477
0 -5.0565
0 -5.31856
0 -5.12042
0 -5.21207
0 -5.54699
0 -5.00589
0 -5.06263
0 -5.13534
0 -4.71398
0 -5.15946
0 -5.20934
0 -5.15233
0 -5.10109
0 -4.58514
0 -4.68801
0 -5.13723
0 -4.94764
0 -5.52888
0 -4.62514
0 -4.773
0 -5.0546
0 -5.17839
0 -5.14362
0 -5.24891
0 -5.20104
3 -5.24989
0 -5.10001
13 -4.90819
5 -4.96253
0 -5.1593
0 -5.17105
12 -4.95931
15 -5.13468
0 -5.14189
0 -4.97528
