1 -4.88334
2 -4.82212
3 -4.92894
1 -4.91769
0 -4.78422
1 -4.93054
0 -4.9212
1 -4.66933
0 -4.85831
1 -5.12023
1 -4.95985
0 -4.92344
0 -4.87614
0 -4.43596
0 -4.90212
0 -4.92625
0 -4.87614
0 -4.99418
1 -5.08912
0 -4.75974
0 -4.91235
0 -4.78603
0 -4.88825
0 -4.95225
0 -4.8681
0 -4.78338
1 -4.84133
4 -5.09213
0 -4.83987
1 -5.00871
0 -5.05433
0 -4.88316
0 -4.75201
0 -4.68829
0 -4.84088
0 -4.72959
1 -4.81725
0 -4.99003
20 -4.95934
0 -5.13
1 -4.90276
3 -5.01668
0 -4.93186
2 -5.01948
0 -4.72767
0 -4.783
2 -5.14772
0 -5.04502
0 -5.06589
1 -4.83887
4 -4.69101
0 -4.97203
3 -4.75037
3 -4.97311
17 -4.96636
0 -4.63373
1 -4.95656
0 -4.85252
0 -4.95844
0 -4.92293
1 -4.98545
4 -5.05174
1 -4.59926
0 -4.97325
0 -4.95046
3 -5.01308
2 -5.00972
0 -4.90106
0 -4.64952
0 -4.87026
2 -4.49579
6 -4.4671
0 -4.60871
0 -4.39078
13 -4.31944
26 -3.89297
0 -4.57804
1 -4.60146
1 -4.59449
1 -4.53687
1 -4.31699
0 -4.56068
0 -4.10272
0 -4.35252
10 -4.28791
3 -4.8259
3 -4.34876
0 -4.46468
0 -4.56956
0 -4.58011
0 -4.29684
0 -4.49644
0 -4.37884
0 -3.93622
1 -3.93663
0 -4.49854
0 -4.31402
14 -4.26323
0 -4.78497
2 -4.22783
0 -4.84835
0 -4.54231
0 -4.32808
4 -4.47369
10 -4.31629
0 -4.73515
0 -4.38744
0 -4.4728
1 -4.45492
0 -4.49497
0 -4.53654
1 -4.20202
134 -3.33327
0 -4.14945
1 -4.50247
0 -4.85879
0 -4.16977
11 -4.06776
1 -3.99007
17 -4.21415
10 -4.47538
3 -4.32983
7 -4.31155
0 -4.29146
5 -4.46291
6 -4.31939
0 -4.82215
1 -4.60894
4 -4.27491
0 -4.4737
0 -4.48206
0 -4.46524
0 -4.46966
2 -4.32008
0 -4.67647
0 -4.80457
0 -4.75405
4 -4.34678
0 -4.22001
2 -4.47711
0 -4.42449
0 -4.68522
0 -4.57516
3 -4.65028
3 -4.80476
0 -4.72499
0 -4.56342
4 -4.61059
0 -4.62779
0 -4.60695
0 -4.29669
0 -4.53522
5 -4.50501
1 -4.50831
0 -4.69466
0 -4.39562
0 -4.57665
0 -4.20848
8 -4.71844
1 -4.8869
0 -4.35763
3 -4.40903
0 -4.70257
1 -4.87048
2 -4.76152
3 -4.49993
0 -4.39239
11 -4.42465
1 -4.40989
21 -4.6597
0 -4.41643
0 -4.25472
3 -5.00165
0 -4.36363
6 -4.79528
0 -4.69665
1 -4.38002
0 -4.78731
0 -4.62078
0 -4.41627
15 -4.45409
0 -4.4647
0 -4.52207
0 -4.43451
4 -4.73813
0 -4.46628
0 -4.02056
1 -4.62649
1 -4.76791
0 -4.34726
1 -4.18624
0 -4.54028
7 -4.78812
4 -4.69763
4 -4.74234
0 -4.67186
27 -4.44962
0 -4.47629
0 -4.65354
3 -4.44785
5 -4.77153
1 -4.3823
2 -4.53852
21 -4.43472
4 -4.55345
5 -4.41976
0 -4.57353
0 -4.73834
0 -4.76314
0 -4.6584
0 -4.67341
9 -4.76148
5 -4.80182
0 -4.44474
2 -4.58464
0 -4.66512
0 -4.36453
1 -4.63554
0 -4.49915
0 -4.48744
0 -4.72596
1 -4.60507
0 -4.44242
4 -4.63826
0 -4.74275
2 -4.51448
0 -4.77097
1 -4.06664
1 -4.45919
0 -4.56436
0 -4.65273
0 -4.36014
0 -4.43206
1 -4.69976
0 -4.35775
0 -4.59013
0 -4.47133
0 -4.46262
0 -4.67626
0 -4.35129
0 -4.74103
1 -4.60032
1 -4.61075
5 -4.73846
0 -4.72745
0 -4.65649
2 -4.84888
1 -4.57284
1 -4.62279
1 -4.51514
1 -4.62984
3 -4.70634
1 -4.62397
0 -4.66315
1 -4.53024
1 -4.47214
0 -4.61789
5 -4.69659
1 -4.64368
1 -4.4739
1 -4.56396
0 -4.37102
2 -4.5874
1 -4.62781
0 -4.48801
2 -4.49738
0 -4.43967
0 -4.53944
3 -4.19692
0 -4.41474
1 -4.53258
0 -4.41495
0 -4.46112
1 -4.43632
1 -3.94539
0 -4.59646
0 -4.52121
1 -4.72293
0 -4.38812
0 -4.53717
0 -4.52669
2 -4.52718
2 -4.77748
1 -4.67215
0 -4.56037
0 -4.53247
0 -4.5678
3 -4.47498
0 -4.49758
0 -4.20552
0 -4.60382
1 -4.55662
0 -4.58956
0 -4.71779
0 -4.53768
0 -4.48675
0 -5.83198
0 -5.61596
0 -5.59692
0 -5.68929
0 -5.46098
0 -5.6388
0 -5.96304
0 -5.62885
0 -5.65032
0 -5.65486
0 -5.49497
0 -5.81568
0 -5.6481
0 -5.65086
1 -5.64957
0 -5.23456
0 -5.58819
0 -5.64511
0 -5.67315
0 -5.5691
0 -5.62201
0 -5.71959
0 -5.54928
0 -5.58421
0 -5.92807
0 -5.74306
0 -5.67516
0 -4.99467
0 -5.71635
0 -5.67108
0 -5.7329
0 -5.70107
2 -6.06102
0 -6.21395
0 -5.72128
0 -5.40476
0 -5.72652
0 -5.53826
0 -5.33052
0 -5.28936
0 -5.73042
0 -5.69246
0 -5.52717
0 -5.64095
0 -5.01191
0 -5.42409
2 -5.71825
0 -5.62682
0 -5.76832
0 -5.50236
0 -5.88819
0 -5.49534
0 -5.5161
0 -5.55886
0 -5.47914
0 -5.40564
0 -5.48298
0 -5.50014
55 -5.14496
0 -5.40686
0 -5.43911
0 -5.73351
0 -5.6386
0 -5.66331
12 -5.51966
0 -5.48025
0 -5.27907
0 -5.54139
0 -5.42231
0 -5.67217
0 -5.3137
1 -5.66726
0 -5.10111
0 -5.48218
0 -5.76678
0 -5.32427
0 -5.6322
0 -5.07818
0 -5.74532
0 -5.89008
0 -5.58343
0 -5.16624
0 -5.44248
0 -5.36685
0 -5.49397
0 -5.97069
0 -5.15728
13 -5.52722
2 -5.56207
2 -5.77282
0 -5.74896
8 -5.6117
1 -5.73197
0 -5.36896
1 -5.86025
0 -5.67064
1 -5.61089
0 -5.61331
3 -5.81827
1 -5.69038
3 -5.61843
0 -5.46253
2 -5.45871
1 -5.40718
0 -5.74717
0 -5.62985
0 -5.1869
0 -5.61653
0 -5.80827
0 -5.55468
0 -5.46504
1 -5.58883
0 -5.61974
1 -5.82186
0 -5.75436
0 -5.31927
0 -5.67749
0 -5.4769
0 -5.0847
0 -4.96136
0 -5.7538
0 -5.42617
1 -5.39973
0 -5.80094
1 -5.37638
0 -5.28723
1 -5.66783
0 -5.65044
0 -5.47421
0 -5.55493
0 -5.73047
0 -5.93741
0 -5.74732
0 -5.19301
1 -5.51556
0 -5.33816
0 -5.72634
0 -5.44317
0 -5.39161
0 -5.29183
0 -5.83573
10 -5.5684
0 -5.25542
4 -5.7592
1 -5.79541
0 -5.39532
4 -5.54501
0 -5.29371
0 -5.49813
0 -5.43315
0 -5.4629
0 -5.24731
0 -5.40244
0 -5.35107
1 -5.26592
0 -5.34464
0 -5.28766
0 -5.02663
0 -5.15096
0 -5.35686
0 -5.25641
0 -5.62676
0 -5.39452
0 -5.21496
1 -5.46422
2 -5.38002
0 -5.21765
0 -5.40849
0 -5.33182
0 -5.42097
0 -5.20037
0 -5.42542
2 -5.25797
3 -5.52323
1 -5.43918
3 -5.11603
3 -5.50265
0 -5.3712
0 -5.44063
0 -5.49386
0 -5.28604
0 -5.44006
1 -5.40036
0 -5.30646
0 -5.29592
1 -5.41242
0 -5.15412
3 -5.4526
2 -5.47061
8 -5.17175
0 -5.42219
0 -5.26114
0 -5.37684
10 -5.28695
0 -5.42969
0 -5.1888
0 -5.44865
0 -5.25123
0 -5.40759
0 -5.40685
0 -5.42642
0 -5.46731
0 -5.21472
0 -5.12928
0 -5.26405
0 -5.34621
0 -5.07649
0 -5.15018
2 -5.42491
0 -5.17558
0 -5.41692
0 -5.38812
0 -5.37317
0 -5.27325
0 -5.27818
0 -5.42068
0 -5.16853
0 -5.28295
0 -5.0472
1 -5.38251
0 -5.55916
0 -5.25777
0 -5.13445
1 -5.31148
1 -5.4149
0 -5.28807
0 -5.14947
1 -5.41689
0 -5.30153
0 -5.4776
0 -5.45364
0 -5.22137
0 -5.16722
0 -5.4098
0 -5.53225
1 -5.40684
1 -5.51879
0 -6.05012
0 -5.78644
0 -6.01377
0 -5.73259
0 -5.87113
0 -6.04868
0 -6.12789
0 -5.99904
0 -6.15663
0 -6.07057
0 -5.75747
0 -6.05452
0 -5.91899
0 -5.92444
0 -5.84726
0 -6.00703
0 -6.18617
0 -6.12635
0 -6.12085
0 -5.83823
0 -6.07783
0 -6.0571
0 -6.00957
0 -5.72024
0 -5.9762
0 -5.75771
0 -5.73572
0 -6.04051
0 -5.76296
0 -6.18478
1 -6.109
0 -6.14983
0 -6.02351
0 -6.09835
0 -6.03661
0 -5.79494
0 -5.91762
0 -6.0957
0 -5.87995
0 -6.03652
0 -6.1603
0 -6.02155
0 -5.89263
0 -5.83021
0 -6.13292
0 -6.10091
0 -5.9071
0 -6.05381
0 -5.99368
0 -5.99157
0 -5.75914
2 -5.86934
0 -5.9991
0 -5.80119
0 -6.14727
0 -5.7912
1 -6.10131
0 -5.62337
0 -5.82443
0 -6.12649
0 -5.9964
0 -5.881
0 -5.91694
0 -5.92749
1 -5.857
0 -6.10786
0 -5.94628
0 -5.84982
0 -5.80168
0 -5.76785
0 -6.07402
0 -6.14137
0 -5.81751
0 -6.10039
0 -6.07293
0 -6.01281
2 -5.94462
0 -5.87043
1 -5.97099
0 -5.70326
0 -5.91945
0 -5.96445
0 -5.89791
0 -6.12265
0 -5.91278
0 -6.02108
0 -5.7026
0 -5.83536
0 -5.69035
0 -5.74526
0 -6.03473
0 -5.83579
0 -5.76738
0 -5.99014
0 -6.08321
0 -6.13097
1 -5.8807
0 -6.14682
0 -6.03555
0 -5.2328
0 -5.17934
0 -5.44685
0 -5.21893
0 -5.2524
0 -5.07085
0 -5.48751
0 -5.28318
0 -5.21699
0 -5.13203
0 -5.15118
0 -5.38853
0 -5.25951
2 -5.47835
0 -5.49172
0 -5.29682
0 -5.26453
0 -5.12265
1 -5.05591
0 -5.49696
0 -5.34844
0 -5.47674
0 -5.45048
0 -5.10011
0 -5.12766
0 -5.52184
0 -5.09884
0 -4.50003
0 -4.84319
0 -5.36643
0 -5.49549
0 -5.47229
0 -5.42494
0 -4.53843
0 -4.5783
0 -5.34576
0 -5.22524
0 -5.20775
0 -5.15587
0 -5.28725
0 -4.41527
0 -5.39587
0 -5.34449
0 -5.43436
0 -5.54525
5 -5.47741
0 -4.63331
0 -5.22252
0 -5.19028
0 -5.16555
0 -5.56907
0 -5.50616
0 -4.82376
0 -5.18561
0 -5.50074
1 -5.10242
0 -5.4002
0 -5.24896
0 -5.62848
0 -4.60154
0 -5.42859
0 -5.21097
0 -5.21261
0 -5.28265
0 -5.23416
0 -5.54112
0 -5.05934
0 -5.43727
0 -5.54173
0 -5.31781
0 -5.20463
0 -5.13802
0 -5.33455
0 -5.55447
0 -5.50915
0 -5.24464
0 -5.46206
0 -5.25169
0 -5.48594
0 -5.25667
0 -5.47422
0 -5.43825
0 -5.35262
0 -5.14835
0 -5.11634
0 -5.54663
0 -5.18653
0 -4.06756
1 -5.41755
0 -5.29613
0 -5.50838
0 -5.11758
0 -5.09854
0 -4.54726
0 -5.18431
0 -5.53054
0 -5.39289
0 -5.43125
0 -5.19375
0 -5.5433
0 -5.23438
0 -5.08815
0 -5.05932
0 -5.11002
0 -4.70071
0 -4.67069
0 -5.00576
0 -4.86773
0 -4.6436
0 -4.71067
0 -4.50351
0 -5.17355
1 -5.05484
3 -5.15231
0 -4.92013
0 -5.03426
0 -4.62421
1 -4.7155
0 -4.95905
0 -4.75895
0 -4.82363
0 -4.77358
0 -5.18675
0 -4.79048
0 -5.00842
0 -4.94578
0 -4.59369
0 -4.91299
1 -4.93508
0 -4.5238
0 -4.5777
0 -4.79148
0 -4.64656
1 -4.94416
0 -4.59941
0 -4.82738
0 -4.72577
15 -4.89802
0 -4.96919
3 -4.5904
0 -5.07226
0 -4.57976
0 -4.9049
0 -4.87798
0 -4.95647
0 -4.77738
0 -4.72155
0 -4.63105
2 -5.17497
0 -4.80978
3 -4.97194
1 -4.17105
0 -4.9847
1 -4.62067
0 -4.91919
0 -4.94222
0 -4.74948
0 -4.84864
0 -4.61147
9 -4.90492
5 -4.95656
0 -4.73883
0 -5.17808
0 -4.58341
0 -4.49103
0 -4.69384
1 -4.71291
2 -4.88555
0 -4.64217
0 -4.32962
2 -4.57772
0 -4.80563
1 -4.66387
0 -4.83804
0 -4.78159
0 -4.8496
0 -4.95787
0 -4.50217
0 -4.8304
1 -4.88548
1 -4.53806
0 -4.77849
1 -4.90043
0 -4.56638
0 -5.0422
0 -4.88898
0 -4.2885
0 -4.90097
0 -4.5913
0 -4.5386
1 -4.76754
1 -4.63516
0 -4.83497
1 -4.86376
0 -4.8688
0 -4.7615
0 -5.13102
0 -4.90836
0 -4.50541
1 -4.99819
0 -4.79791
7 -4.54951
1 -4.51782
0 -4.77825
0 -4.94123
0 -4.65205
1 -4.71688
0 -4.65583
1 -5.07958
0 -4.98238
3 -4.76716
1 -4.98711
0 -4.68753
0 -4.79081
0 -4.85244
0 -4.92925
0 -4.93667
2 -4.816
0 -4.80251
1 -4.66421
0 -4.82853
0 -4.60645
0 -4.54905
1 -5.03598
0 -4.45062
0 -4.53819
2 -4.74297
0 -4.52325
0 -4.5276
1 -4.67328
0 -4.58454
0 -4.82556
2 -4.67381
2 -4.60234
0 -4.77446
0 -4.4724
0 -4.43427
0 -4.66915
0 -4.26744
0 -4.66934
3 -4.70229
0 -4.53382
2 -4.69142
0 -4.45222
0 -4.68464
2 -4.67005
0 -4.41838
0 -4.54596
1 -4.77249
2 -4.43936
1 -4.49816
1 -4.60799
1 -4.51988
0 -4.80349
0 -4.76321
0 -4.85803
0 -4.64292
0 -4.74704
1 -4.71309
1 -4.36902
1 -4.85626
1 -4.46311
0 -4.55581
1 -4.73873
0 -4.60001
1 -4.63079
0 -4.6878
0 -4.59913
0 -4.63325
0 -4.62872
0 -4.53779
0 -4.65466
1 -4.50857
0 -4.42984
0 -4.44877
3 -4.858
0 -4.6586
0 -4.42347
1 -4.55784
0 -4.75991
0 -4.44746
1 -4.85464
0 -4.60011
0 -4.72681
0 -4.67425
0 -4.70508
0 -4.8989
0 -4.77121
0 -5.16915
2 -4.98123
2 -4.95067
0 -4.98037
0 -4.88603
0 -5.09005
0 -5.10983
0 -5.00633
0 -4.77448
0 -5.12834
0 -4.98994
2 -5.01138
1 -4.91701
0 -4.84538
1 -4.73421
1 -4.85585
0 -5.07019
0 -4.88026
0 -4.85816
0 -4.83188
0 -5.19256
0 -4.96571
1 -5.06385
2 -4.66183
0 -5.47927
1 -5.31374
1 -5.39561
1 -5.36275
1 -5.39738
0 -5.45091
1 -5.074
0 -5.34747
4 -5.32832
2 -5.39556
1 -5.51519
3 -4.80539
1 -5.26977
0 -6.09693
0 -6.31038
0 -5.62011
0 -6.44713
0 -5.93797
0 -6.05214
0 -6.47286
1 -5.66915
1 -6.00673
0 -5.7569
0 -5.54712
0 -5.59179
1 -5.66422
0 -5.603
0 -6.05805
0 -6.22172
0 -6.55105
0 -5.8338
0 -5.81608
0 -5.98498
0 -6.37427
0 -6.52823
2 -5.73697
0 -6.22722
7 -5.83029
0 -5.94994
0 -6.34073
0 -5.9131
0 -5.78496
1 -5.65743
0 -6.46631
0 -5.95875
1 -5.65764
0 -5.72245
1 -6.15221
1 -6.31118
0 -5.83035
1 -5.74231
1 -5.6728
0 -5.93085
1 -5.6872
0 -6.42938
0 -5.63896
1 -5.81165
0 -5.84218
2 -5.82788
1 -5.91143
0 -6.35001
0 -6.54187
7 -5.91441
0 -5.76018
1 -6.40008
1 -5.75024
0 -5.84815
1 -6.236
0 -5.9499
0 -5.77511
3 -5.87543
0 -5.78703
0 -6.1402
0 -5.68688
1 -5.79708
13 -5.81127
0 -5.51642
0 -6.06446
0 -6.41111
0 -5.80918
0 -5.99682
0 -6.09549
2 -5.63665
0 -6.18164
1 -5.96468
3 -5.7868
1 -5.90536
0 -5.63828
0 -5.87785
0 -6.34581
1 -5.79566
0 -5.89164
0 -5.568
4 -5.74868
12 -5.64243
0 -5.78615
0 -6.38885
8 -6.30715
0 -6.54031
0 -6.55055
0 -6.35444
0 -6.34973
0 -6.16858
0 -6.27085
0 -6.54277
0 -6.30318
0 -6.44563
0 -6.21554
0 -6.35346
0 -6.55491
0 -6.50409
0 -6.73026
0 -6.09555
0 -6.49439
0 -6.24289
0 -6.10961
0 -6.41856
0 -6.15435
0 -6.0803
0 -6.11272
0 -6.22154
0 -6.41454
4 -6.11355
0 -6.16019
1 -6.51429
0 -6.33653
0 -6.56714
0 -6.13727
0 -6.39132
0 -6.18301
0 -6.75603
0 -6.77054
0 -6.26428
0 -6.73028
0 -6.75218
0 -6.19239
0 -6.09382
0 -6.09473
0 -6.26596
0 -6.68863
0 -6.67536
0 -6.10764
0 -6.23055
0 -6.34417
0 -6.399
0 -6.07462
0 -6.14243
1 -6.27225
0 -5.93118
0 -6.53329
0 -6.16233
0 -6.47154
0 -6.73475
0 -6.37088
0 -6.23845
0 -6.61305
0 -6.30337
1 -6.0361
0 -6.5848
0 -6.15299
0 -6.10222
0 -6.19623
0 -6.1606
0 -6.80871
0 -6.71046
0 -6.27379
0 -6.32695
0 -6.13603
0 -6.30532
0 -6.1132
0 -6.44574
0 -6.32849
0 -6.34819
0 -6.37209
0 -6.18905
0 -6.47604
1 -6.11476
0 -6.31234
0 -5.99065
0 -6.53633
0 -6.09314
0 -6.29747
1 -6.06991
1 -4.37469
1 -4.8073
0 -4.79168
7 -4.58807
0 -4.79354
0 -4.73919
0 -4.89032
0 -4.7356
1 -4.75385
0 -4.60267
0 -4.55692
0 -4.88235
0 -4.84496
0 -4.79151
3 -4.7198
0 -4.80178
6 -5.12798
1 -4.98328
0 -4.51016
0 -4.87586
0 -5.54631
0 -4.88737
1 -4.64529
5 -4.55116
4 -4.79698
1 -3.86147
0 -4.52028
0 -4.55537
0 -5.00361
2 -4.71897
0 -4.86459
1 -4.5415
0 -4.64442
0 -4.96823
0 -4.74918
1 -5.02628
0 -4.91163
2 -4.81956
0 -4.76461
0 -4.56525
0 -4.99891
0 -4.62119
1 -4.78985
0 -4.98286
1 -4.90179
0 -4.71158
1 -4.88583
0 -4.95785
0 -4.73482
3 -4.6672
1 -4.8154
0 -4.73592
0 -4.97628
0 -4.82251
1 -4.66533
0 -4.76414
2 -4.77877
0 -4.925
0 -4.90837
0 -4.66424
1 -5.0636
0 -4.92154
0 -4.6449
0 -4.81976
0 -4.92246
1 -4.83749
0 -4.66524
0 -4.66894
0 -4.92636
0 -4.97031
0 -5.03784
0 -4.83834
1 -4.90724
0 -4.67183
0 -4.82517
0 -4.65476
0 -4.84423
1 -4.77877
0 -4.38022
0 -4.68973
0 -4.88786
0 -4.48544
0 -5.24662
0 -5.3834
0 -5.39678
0 -5.17585
0 -4.79267
0 -4.92981
0 -5.04302
0 -5.01764
0 -4.99946
0 -5.19123
0 -5.18608
1 -4.9278
0 -4.95977
0 -5.18379
0 -5.04839
0 -5.10314
0 -5.10011
0 -5.019
0 -5.28397
0 -4.9243
0 -5.19132
0 -5.12639
0 -5.26884
0 -5.32425
1 -4.97991
0 -5.23283
0 -5.17269
0 -5.02804
0 -4.91871
0 -4.97985
0 -5.02174
0 -5.01171
0 -5.00534
0 -4.96566
0 -4.86841
0 -5.23294
0 -5.13877
0 -5.23872
2 -5.02526
0 -5.27043
0 -5.38677
0 -5.11749
0 -4.97021
0 -5.29334
0 -5.22739
0 -4.9293
0 -4.9089
1 -5.14715
0 -4.86214
1 -5.25109
0 -5.20594
0 -5.25788
0 -4.98338
0 -5.25434
0 -4.86372
0 -5.22135
0 -5.26438
0 -5.35233
0 -4.50611
0 -4.65799
0 -5.26632
0 -5.01697
0 -5.06252
0 -5.32608
0 -5.32981
0 -4.97057
0 -4.72884
0 -5.14818
0 -5.21082
0 -5.11964
0 -5.027
0 -4.76815
0 -4.88516
0 -5.43732
0 -5.00142
0 -5.13252
0 -4.86302
0 -4.58487
0 -5.07684
0 -5.13675
0 -5.03226
0 -5.24842
0 -5.35876
0 -4.97356
0 -5.11548
0 -5.27026
0 -5.27749
0 -5.20388
0 -5.17502
0 -5.01131
0 -4.87609
7 -5.38319
0 -4.93263
1 -5.18821
0 -5.04991
4 -5.18692
2 -5.2292
0 -5.32239
0 -5.29505
0 -4.87432
0 -4.97456
0 -5.16507
0 -4.91636
0 -4.96507
0 -5.49475
1 -5.07995
0 -4.89321
0 -4.91887
0 -5.16814
0 -4.95041
0 -5.00115
0 -4.94505
0 -5.3871
0 -4.84744
1 -4.83237
0 -5.76664
0 -5.38218
0 -5.74184
0 -5.81642
0 -5.60905
0 -5.96255
0 -5.97048
0 -5.89203
0 -6.10505
0 -6.3406
0 -6.19157
0 -5.854
0 -6.11314
0 -6.0116
0 -5.78131
0 -5.82403
0 -6.07583
0 -5.47657
0 -5.77439
0 -5.72798
0 -6.10275
0 -5.91628
0 -5.76766
0 -5.5974
0 -5.89291
0 -6.03108
0 -5.67497
0 -6.22191
0 -5.6923
0 -5.68382
0 -5.50794
0 -5.91725
0 -5.87015
0 -5.70648
0 -6.01606
0 -6.15516
0 -5.85524
0 -5.89827
0 -5.86751
0 -6.07226
0 -5.69527
0 -6.35254
0 -5.98669
0 -5.73145
0 -5.64046
0 -6.47381
1 -5.80007
0 -5.79669
0 -5.73192
0 -5.93355
0 -6.14012
0 -5.82648
0 -6.3392
0 -5.77013
0 -6.2233
0 -5.97041
0 -5.586
0 -5.73735
0 -5.62442
0 -5.57914
0 -5.96374
0 -5.7133
0 -5.73721
0 -5.94212
0 -6.12912
0 -5.67506
0 -5.84341
0 -5.75554
0 -5.84319
0 -5.88762
0 -5.61604
0 -5.8647
0 -5.68195
0 -5.55762
0 -5.56111
0 -5.81336
0 -5.69968
0 -5.58642
0 -5.77463
0 -5.41478
0 -5.61075
0 -5.79262
0 -5.85066
0 -5.76763
0 -5.55013
0 -5.59066
0 -5.52711
0 -5.61456
0 -5.57993
0 -5.70819
0 -5.62549
0 -5.71414
0 -5.43933
0 -5.67812
0 -5.52954
0 -5.51317
0 -5.84846
0 -6.09891
0 -5.60386
0 -5.67383
0 -5.6332
0 -5.60942
0 -5.6726
0 -5.67339
0 -5.75207
0 -5.78789
0 -5.69064
0 -5.67545
0 -5.59579
1 -5.70499
0 -5.67057
0 -5.50679
0 -5.68844
0 -5.7169
0 -5.63515
0 -5.80685
0 -5.6602
0 -5.58066
0 -5.64161
0 -5.76476
0 -5.77299
0 -5.74222
0 -5.64012
0 -5.73481
0 -5.74444
0 -5.49801
1 -5.95704
0 -5.85126
0 -5.50356
0 -5.75941
0 -6.0462
0 -5.66821
0 -5.7794
0 -5.81166
0 -5.57241
0 -6.0378
0 -5.42338
0 -5.692
0 -5.90654
0 -5.82982
0 -5.67285
0 -5.68253
0 -5.7822
13 -4.61989
0 -5.5482
0 -5.76846
0 -5.05968
0 -5.6029
0 -5.74053
0 -5.56698
0 -5.19027
0 -5.5051
0 -5.22197
0 -5.41634
0 -5.47796
0 -5.31464
1 -5.54966
0 -5.33609
0 -5.37361
0 -5.80532
1 -5.76466
1 -5.5471
0 -5.88572
1 -5.74871
5 -5.59054
1 -5.8165
4 -5.70926
1 -5.69269
1 -5.59237
0 -4.72948
5 -4.69607
1 -5.01046
1 -4.64229
0 -5.02024
0 -4.66181
5 -4.46242
1 -4.8444
6 -3.90073
1 -4.96905
6 -4.74429
3 -4.42138
20 -4.94998
5 -4.87887
3 -5.04547
3 -4.41759
0 -4.78107
4 -4.74874
2 -5.04066
4 -4.54698
0 -4.91651
8 -4.84251
0 -4.96273
0 -4.40449
0 -4.74755
0 -4.77976
1 -4.75254
2 -4.63939
1 -4.08572
5 -4.6228
1 -4.35195
0 -4.10249
0 -4.6973
0 -4.22589
0 -4.53244
0 -4.75622
0 -5.21785
0 -4.19489
0 -4.71216
0 -4.19318
2 -4.68016
0 -4.74433
0 -4.49762
0 -4.54491
0 -5.07014
1 -5.15612
1 -4.39707
3 -4.74092
0 -4.60144
0 -4.47773
0 -4.64128
1 -4.83758
0 -4.82858
0 -4.80915
2 -5.23371
0 -5.19252
11 -3.54446
0 -5.11229
0 -5.18986
0 -5.24159
0 -5.18553
0 -5.27886
0 -5.15867
0 -5.55476
0 -5.20245
0 -5.11458
1 -5.18098
3 -5.1354
0 -5.18886
0 -5.50613
0 -5.4908
1 -5.28176
0 -5.3166
1 -5.0748
0 -5.34188
0 -5.36906
0 -5.35814
25 -3.8975
0 -5.32143
0 -5.33975
0 -5.28834
3 -5.35643
0 -5.1888
36 -4.68285
24 -3.92088
1 -5.33789
0 -5.27678
2 -5.27295
0 -5.34475
3 -4.85645
0 -5.32144
0 -5.32491
1 -5.15694
2 -5.03169
56 -3.87068
0 -5.23002
5 -4.41174
2 -4.70901
0 -5.4437
1 -5.41456
0 -5.25505
0 -5.20764
0 -5.23982
0 -5.30778
0 -5.28084
45 -4.94154
1 -4.85814
0 -5.15464
0 -5.26221
1 -4.99775
0 -5.47541
0 -5.32255
1 -5.33039
16 -4.66948
0 -5.23461
0 -5.31459
0 -4.81873
0 -4.96035
0 -4.47999
1 -4.56641
0 -4.66231
0 -4.82887
0 -4.42396
0 -4.41232
0 -4.4362
1 -4.46357
0 -4.92387
0 -4.84855
0 -4.85712
1 -4.92385
0 -4.78892
0 -4.47316
0 -4.76099
0 -4.8789
0 -4.79079
0 -4.38047
0 -4.61018
0 -4.43833
0 -4.80946
1 -4.54347
0 -4.57668
1 -4.74664
0 -4.84674
0 -4.81835
0 -4.89556
0 -5.0493
0 -4.38853
0 -4.8189
0 -4.5751
2 -4.84797
0 -4.7616
2 -4.7682
0 -4.7043
0 -4.28168
0 -4.82177
0 -4.40127
6 -4.75181
0 -4.53976
1 -4.75181
0 -4.71123
0 -4.78683
0 -4.60901
0 -4.56777
0 -4.49607
0 -5.02412
0 -4.46877
0 -4.70209
0 -4.39835
0 -4.72567
0 -4.50256
0 -4.79406
0 -4.92566
0 -4.36223
1 -4.75698
0 -4.42382
8 -4.76249
0 -4.84389
0 -4.52702
0 -4.8089
0 -4.74214
3 -4.41146
1 -4.43271
2 -4.61672
0 -4.80677
0 -4.40773
0 -4.72973
1 -4.52041
0 -4.63581
0 -4.84537
1 -4.52547
0 -4.79113
0 -4.79012
0 -4.5345
0 -4.26773
0 -4.83839
0 -4.9607
0 -4.82375
0 -4.59966
0 -4.4037
0 -4.76213
0 -4.94375
0 -4.77493
0 -4.37118
0 -4.66518
0 -4.41014
1 -4.77017
0 -4.71469
2 -4.9065
0 -4.58347
0 -4.45952
0 -4.89613
1 -4.63979
0 -4.82953
0 -4.55916
1 -4.94042
0 -4.69595
0 -6.20926
0 -6.53722
0 -6.13827
0 -6.70204
0 -6.21159
0 -6.52102
0 -6.55237
0 -6.60691
0 -6.67346
0 -6.32828
0 -6.54788
0 -6.28737
0 -6.51568
0 -6.28991
0 -6.51943
0 -6.23404
0 -6.67195
0 -6.21983
0 -6.26199
0 -6.39196
0 -6.41325
0 -6.36602
0 -6.61048
0 -6.28037
0 -6.27426
0 -6.45603
0 -6.55607
0 -6.51732
0 -6.31478
0 -6.54021
0 -6.68584
0 -6.70254
0 -6.64864
0 -6.44395
0 -6.60261
0 -6.46616
0 -6.11673
0 -6.45979
0 -6.33085
0 -5.57672
0 -6.42036
0 -6.4876
0 -6.44537
0 -6.54313
0 -6.62543
0 -6.44869
0 -6.64461
0 -5.13571
0 -5.36294
0 -5.32759
0 -5.36638
2 -5.19452
2 -5.40239
0 -5.09303
1 -5.11924
1 -5.32231
0 -5.17016
0 -5.30069
2 -5.33726
1 -5.24392
2 -5.26414
1 -5.2523
0 -5.24563
1 -5.35053
9 -5.11368
0 -5.33347
0 -5.46736
1 -5.40395
0 -5.45683
0 -5.37395
0 -5.22893
9 -5.20561
0 -5.52187
0 -5.09602
0 -5.41493
5 -5.35092
1 -5.20686
3 -5.22307
0 -5.48197
0 -5.30156
0 -5.11049
0 -5.46913
0 -5.10677
0 -5.29022
0 -5.21659
1 -5.37894
0 -5.18136
0 -5.12822
0 -5.39198
2 -5.39176
0 -5.12381
2 -5.34775
0 -5.28488
2 -5.35286
2 -5.47904
0 -5.34993
5 -5.23152
0 -5.36935
1 -5.38846
3 -5.09561
2 -5.39354
1 -5.34606
0 -5.06338
4 -5.29655
0 -5.31681
0 -5.27821
0 -5.32253
0 -5.21935
0 -5.44898
0 -5.41685
0 -5.25197
0 -5.29702
0 -5.10457
1 -5.3076
3 -5.31514
0 -5.4253
1 -5.3304
1 -5.24746
0 -5.45964
0 -5.18819
1 -5.43982
1 -5.36914
0 -5.24247
1 -5.22371
0 -5.31235
2 -5.24034
1 -5.33537
1 -5.45978
0 -5.11617
1 -5.3271
0 -5.20852
0 -5.28816
0 -5.5042
0 -5.52298
0 -5.42769
3 -4.98168
0 -5.1514
0 -4.92809
0 -5.19127
1 -5.11171
0 -4.57462
0 -4.90704
0 -4.80409
0 -4.83908
3 -5.05665
1 -4.84102
0 -5.03073
0 -4.77669
0 -4.99849
8 -5.05645
0 -4.84457
0 -4.5833
0 -4.98956
0 -4.97
1 -5.50169
2 -5.18674
1 -5.00032
0 -5.12335
0 -5.12465
0 -5.10567
0 -5.11434
0 -4.81762
0 -4.91944
1 -5.00559
0 -5.26769
0 -4.91114
0 -4.60067
2 -5.14899
0 -4.98416
0 -4.89559
0 -4.94847
0 -4.62729
0 -4.8113
2 -4.594
0 -5.11167
0 -5.06105
0 -4.86943
0 -4.91177
0 -4.85643
0 -5.03893
0 -5.06802
0 -4.63645
0 -4.99853
0 -5.00617
0 -4.40517
0 -4.99576
2 -5.03786
0 -4.68881
0 -5.27445
0 -4.84593
1 -5.09427
0 -5.08327
0 -5.43498
0 -4.89482
17 -4.88322
0 -4.49041
0 -5.09873
0 -5.34181
0 -5.24844
0 -5.11113
0 -5.03962
0 -4.49351
0 -4.92056
0 -4.90175
2 -4.97576
0 -4.78092
0 -5.06263
25 -4.55704
0 -5.42012
0 -4.85929
0 -5.21624
2 -4.87096
0 -5.05163
0 -4.69589
1 -5.19526
0 -5.25383
0 -5.43646
0 -4.97674
0 -4.77336
0 -5.21347
1 -5.18918
0 -4.77237
1 -4.45533
2 -4.45046
0 -3.77381
0 -4.9427
0 -4.32478
0 -5.75487
0 -5.56674
3 -5.41753
0 -5.26291
1 -5.70317
0 -5.61104
0 -5.80507
1 -5.21004
0 -5.92497
0 -5.60284
0 -5.61174
0 -5.58141
0 -5.82261
0 -4.90397
1 -5.73657
0 -5.46172
0 -5.55625
0 -5.80426
0 -5.81287
0 -5.48588
0 -5.5209
0 -5.5226
0 -5.3945
1 -5.39179
0 -5.27345
2 -5.32742
1 -5.55853
0 -5.48684
0 -5.11261
0 -5.40293
0 -5.5639
0 -5.59085
1 -5.56868
2 -5.50709
0 -5.50465
0 -5.55769
0 -4.91398
8 -5.11714
0 -5.10068
0 -5.14293
0 -4.9079
1 -4.7885
0 -5.185
1 -5.14296
2 -4.90017
2 -5.21724
0 -5.06494
0 -5.26376
0 -4.92443
0 -5.0245
2 -4.92196
0 -5.15138
0 -5.15155
1 -5.15047
0 -5.08392
0 -5.09404
0 -5.0333
0 -4.96523
4 -4.73546
0 -5.2754
0 -5.14916
1 -4.87943
0 -5.04541
2 -4.94738
0 -4.79655
0 -5.11192
0 -4.94926
0 -5.00464
0 -5.09357
0 -5.05356
1 -5.00111
3 -4.97613
0 -5.17575
2 -4.92233
0 -4.82196
3 -4.99451
2 -5.12142
0 -5.20885
0 -5.17112
0 -5.06642
3 -4.82992
6 -4.86611
0 -5.11315
1 -4.8742
0 -5.10847
2 -5.0624
2 -4.31432
0 -4.92678
0 -5.13007
0 -4.97749
0 -5.10666
0 -5.00195
0 -4.89409
0 -5.12844
0 -5.16546
0 -5.14337
0 -5.20386
0 -5.26649
2 -5.14307
0 -4.97279
0 -5.09533
1 -5.04229
2 -4.95138
0 -5.31208
3 -5.3222
0 -5.28373
1 -5.00928
12 -5.35516
0 -4.91108
2 -4.91228
0 -4.55705
4 -4.88765
0 -4.60739
0 -4.67223
5 -4.64473
0 -4.76559
0 -4.66201
7 -4.5783
0 -4.93267
1 -4.88843
0 -4.67828
1 -4.54541
1 -4.56715
1 -4.69305
0 -4.59525
2 -4.82741
1 -4.85057
1 -4.80122
4 -4.69891
2 -4.56102
5 -4.83925
2 -4.91692
0 -4.58799
6 -4.72051
0 -4.4198
4 -4.86258
4 -4.8135
3 -4.91675
0 -4.60565
7 -4.93727
0 -4.87344
0 -4.55262
0 -4.67373
0 -4.88066
2 -4.75675
3 -4.64759
1 -4.81878
8 -4.87629
0 -4.72318
3 -4.9356
1 -4.80922
1 -4.96653
0 -4.452
0 -4.96416
0 -6.12802
0 -6.36629
0 -6.01747
0 -5.97803
0 -6.2566
1 -6.53772
0 -6.07279
0 -61.0275
0 -6.10942
0 -6.3215
0 -5.73865
0 -6.26873
0 -5.98008
0 -6.39883
0 -5.61534
0 -5.92349
0 -6.22274
0 -6.24932
0 -6.15577
0 -5.6156
0 -6.05318
0 -6.42903
0 -5.98458
0 -6.37359
0 -6.38366
0 -5.88578
0 -6.06676
0 -6.23731
0 -6.31495
0 -6.17177
0 -6.1228
0 -6.366
0 -6.06312
0 -6.25893
0 -5.44921
0 -6.08506
0 -6.02017
0 -6.22612
0 -6.20746
0 -5.78092
0 -6.2683
0 -5.87989
0 -6.12181
0 -6.32546
0 -6.31774
0 -6.26666
0 -5.47132
0 -6.17296
0 -6.22225
0 -6.22751
0 -6.06735
0 -6.15026
0 -6.3038
0 -6.14933
0 -6.16626
0 -5.2067
0 -6.48424
0 -6.27478
0 -6.33178
0 -5.38476
0 -6.20504
0 -6.14009
0 -6.08093
0 -6.23916
0 -6.08359
0 -60.8399
1 -4.66325
0 -4.58292
0 -4.60608
0 -4.49499
3 -4.63663
2 -4.70165
1 -4.54502
1 -4.64076
0 -4.66477
0 -4.62088
0 -4.85633
0 -4.73579
0 -4.38793
0 -4.57198
0 -4.45503
0 -4.6562
0 -4.57954
1 -4.55637
4 -4.73954
0 -4.45372
0 -4.61954
0 -4.84342
0 -4.72586
0 -4.67701
1 -4.47303
1 -4.65534
0 -4.68636
0 -4.66995
0 -4.58397
1 -4.70949
0 -4.41469
0 -4.656
0 -4.62191
0 -4.4187
0 -4.639
0 -4.63863
0 -4.69762
0 -4.54629
0 -4.62389
1 -4.69614
0 -4.70554
0 -4.72773
0 -4.81949
0 -4.58931
0 -4.62809
0 -4.72326
1 -4.66238
0 -4.54081
0 -4.67415
3 -4.57589
0 -4.57139
0 -4.70056
1 -4.69895
0 -4.64923
2 -4.55783
0 -4.56938
1 -4.73869
0 -4.50775
0 -4.72738
1 -4.74488
1 -4.51785
0 -4.52526
1 -4.98771
0 -4.68608
0 -4.66142
1 -4.74391
1 -4.58235
0 -4.61083
0 -4.6271
0 -4.41356
0 -4.63428
0 -4.54505
0 -4.69484
0 -4.86071
0 -4.80099
0 -4.56031
0 -4.50663
2 -4.5881
20 -4.61769
0 -4.69255
0 -4.73239
2 -4.74627
1 -4.82675
0 -4.82315
2 -4.58557
0 -4.64287
0 -4.55462
0 -4.52129
0 -4.52096
1 -4.74384
0 -4.43755
0 -4.68409
0 -4.56715
1 -4.8776
2 -4.84381
3 -4.42389
0 -4.43343
11 -4.52841
1 -3.99886
0 -4.95227
0 -5.08857
0 -3.94517
0 -4.42487
0 -4.57057
0 -4.51144
1 -4.37689
0 -4.78897
0 -3.82368
3 -4.56688
24 -4.01563
1 -4.50886
0 -4.84123
0 -4.56736
6 -4.91389
8 -4.18042
4 -4.3248
0 -4.40222
0 -4.70336
1 -3.25498
0 -4.52079
0 -4.3926
0 -4.50776
1 -4.20559
1 -3.71872
0 -4.59527
107 -2.58746
0 -4.33748
0 -5.11132
2 -4.77134
0 -4.53427
1 -4.22768
0 -4.37291
0 -4.75513
0 -4.85681
0 -4.315
0 -4.53555
1 -4.44841
28 -4.56657
0 -4.72696
0 -4.30324
4 -4.49827
0 -4.46609
0 -4.17848
2 -4.61291
0 -4.71635
0 -4.61712
0 -4.43927
0 -4.00408
0 -4.18067
0 -3.74648
1 -5.06022
69 -4.0958
0 -4.33566
0 -4.43732
0 -4.5093
18 -4.5807
0 -4.06919
0 -4.58182
0 -3.49661
0 -4.93937
2 -2.97818
0 -4.49304
5 -4.2851
0 -3.75814
4 -4.50802
2 -3.774
5 -4.58544
0 -4.25633
1 -4.54771
0 -4.43224
0 -4.50933
0 -4.34572
0 -4.66469
10 -4.09442
0 -4.39706
1 -4.51488
1 -3.71253
0 -4.43898
9 -4.0746
0 -4.40944
1 -4.51672
0 -4.50746
0 -3.93616
0 -4.02054
0 -5.08143
3 -4.69287
0 -4.54156
0 -4.38328
2 -4.39847
0 -4.41641
0 -4.46809
0 -4.57212
0 -4.8653
0 -4.80481
6 -4.61269
70 -3.88187
0 -4.56449
0 -5.08665
0 -4.63746
3 -4.36246
0 -5.17833
4 -4.45612
146 -2.7092
0 -4.44958
0 -4.50607
0 -4.7235
1 -4.46172
0 -4.44113
1 -4.3544
0 -3.93446
2 -4.50533
0 -5.13382
0 -4.43135
0 -4.70616
0 -4.1189
6 -4.54547
0 -4.46968
6 -4.20013
0 -3.40013
3 -3.55717
7 -4.55327
0 -4.49529
0 -3.90684
5 -4.49408
2 -4.50648
0 -3.27468
0 -4.8362
0 -4.47545
0 -4.38313
0 -4.85543
0 -4.06685
0 -3.62591
0 -4.54245
1 -4.59247
0 -4.49531
0 -4.60711
0 -3.63786
1 -4.3209
0 -4.45191
1 -4.477
2 -4.38887
0 -4.39126
0 -4.99061
1 -3.99155
0 -4.6084
9 -4.61663
0 -4.2998
1 -4.21693
1 -4.30651
0 -4.30896
1 -4.36325
0 -4.46243
0 -4.32296
0 -4.36947
1 -3.96902
2 -3.23817
2 -4.1326
0 -4.12091
4 -4.4606
0 -4.35331
0 -4.41093
0 -4.38979
0 -4.68946
9 -4.49162
0 -4.7202
0 -4.55276
0 -4.74061
1 -4.52932
5 -4.34084
0 -4.48293
0 -4.31395
9 -3.7337
0 -4.95587
0 -5.06083
3 -4.52956
1 -4.56805
0 -4.62559
0 -4.74624
0 -4.5099
1 -3.93765
2 -4.49468
1 -4.74608
0 -3.74243
0 -4.53813
5 -5.22537
1 -4.1844
0 -4.13679
0 -4.60948
0 -4.12515
0 -3.8218
0 -5.22369
0 -4.3558
6 -4.62053
0 -4.30301
1 -4.50544
0 -4.65304
0 -4.46121
0 -4.46072
1 -3.7959
0 -4.46324
0 -4.28468
1 -4.4592
0 -4.79437
0 -4.59593
0 -5.03731
7 -4.50676
1 -4.57613
6 -2.72993
0 -4.72913
0 -4.37734
0 -4.76197
0 -4.12947
0 -4.6756
32 -4.35948
6 -4.5663
0 -3.95647
0 -4.38057
0 -5.27629
2 -4.19557
1 -4.37257
18 -4.29357
3 -4.56811
2 -4.57554
0 -4.55625
0 -4.13256
0 -3.76684
0 -3.59111
0 -4.51925
5 -3.9505
5 -4.47469
1 -4.25888
0 -4.45856
0 -4.50488
4 -3.30312
1 -4.1165
1 -4.8807
6 -4.80434
1 -4.70174
3 -2.66743
6 -4.58428
2 -4.25223
0 -4.41819
3 -4.64852
0 -4.54044
0 -4.42408
0 -4.85366
0 -3.22729
0 -3.31424
0 -5.33067
0 -5.76
0 -5.44629
0 -5.15464
0 -5.4492
0 -5.33142
0 -5.43627
0 -5.17438
0 -5.22867
0 -5.18328
0 -5.21101
0 -4.92565
0 -5.30937
0 -5.11588
0 -5.4015
0 -5.19888
0 -5.5872
3 -5.11897
0 -4.58998
0 -5.00468
0 -5.25639
0 -5.44956
0 -5.31696
0 -5.54618
0 -5.14516
0 -5.48651
0 -5.15805
0 -5.11489
1 -5.27537
1 -5.61459
0 -5.33125
0 -5.69918
0 -5.67531
0 -5.49865
0 -4.70166
0 -5.6865
0 -5.59424
0 -5.61046
0 -5.60056
0 -5.45513
0 -5.71373
0 -5.46096
0 -5.58839
0 -4.68899
0 -5.02817
2 -4.8653
0 -4.86677
0 -4.55264
0 -4.69214
0 -4.68296
0 -4.43791
0 -4.7301
0 -4.85586
0 -4.84359
0 -4.65544
0 -4.62114
0 -4.73847
0 -4.90346
0 -4.81862
0 -4.71163
0 -4.78693
0 -4.62763
1 -4.61459
0 -4.60466
0 -4.9037
0 -4.6891
0 -4.94772
0 -4.74545
1 -4.73613
0 -4.9035
0 -4.69388
0 -4.7358
0 -4.66406
0 -4.89019
0 -4.90677
0 -4.72899
0 -4.61641
0 -4.56069
0 -4.49543
0 -4.86528
0 -4.34836
0 -4.59956
0 -4.91075
0 -4.72953
0 -4.76223
0 -4.61586
0 -4.86583
2 -4.81418
0 -4.74538
0 -4.61909
0 -4.49405
0 -4.59353
0 -4.84418
1 -5.22334
0 -5.63674
0 -5.17169
0 -5.13357
0 -4.58058
0 -5.10824
1 -4.83583
0 -5.27731
0 -5.2631
0 -5.19621
0 -5.13701
0 -5.21625
0 -4.93636
0 -4.88508
0 -5.12139
0 -4.67041
0 -5.24584
2 -5.18843
3 -5.00243
0 -4.96376
0 -4.99679
9 -5.32497
0 -5.3356
0 -5.16975
0 -5.27448
0 -5.14146
0 -4.6944
0 -5.02659
0 -5.11773
0 -5.04949
5 -4.89833
0 -5.30297
1 -5.10261
0 -5.45954
1 -5.14222
1 -5.46091
0 -4.44543
0 -5.24933
2 -5.04146
0 -5.37918
0 -5.10525
0 -5.22741
0 -5.05996
0 -5.06136
2 -5.38943
1 -5.20944
0 -5.07111
0 -4.72609
0 -5.22997
1 -4.998
1 -5.10329
0 -5.00628
0 -5.20056
0 -5.18783
0 -4.98178
0 -4.77209
1 -5.23033
0 -5.2928
0 -4.85529
0 -4.89142
0 -5.1392
0 -4.91543
0 -5.0121
0 -4.9241
1 -5.18746
1 -5.12174
0 -5.12727
0 -4.46977
0 -4.76675
0 -5.22858
1 -4.97009
2 -5.30637
0 -5.2483
0 -5.01398
2 -5.16737
2 -5.3953
0 -5.03977
1 -5.00036
0 -4.74173
1 -5.1882
0 -5.32526
0 -5.26168
0 -4.99689
1 -5.25798
0 -5.08729
0 -5.31588
1 -4.96415
0 -4.943
0 -4.49524
1 -5.40441
0 -5.08272
0 -4.9335
2 -5.42943
1 -5.42492
0 -4.97082
0 -4.96775
0 -5.00484
0 -5.30014
1 -4.7669
0 -5.1238
1 -4.87995
1 -4.72454
0 -5.23265
0 -5.0397
0 -4.92683
0 -4.5181
1 -4.81152
0 -4.40326
0 -4.65318
0 -4.72433
0 -4.61184
0 -4.92043
0 -4.82882
0 -4.69182
0 -4.72962
1 -4.81635
0 -4.79016
0 -4.64065
0 -4.46718
0 -5.05311
3 -5.04415
1 -4.95016
0 -5.22679
2 -4.9207
1 -5.25788
2 -5.03759
0 -5.16299
0 -4.90738
1 -4.71221
1 -4.94525
0 -5.00542
1 -4.78169
2 -5.09234
0 -5.12176
0 -5.26478
1 -5.01774
3 -4.98979
0 -5.17108
0 -5.48794
0 -5.85667
0 -5.39454
0 -5.35687
3 -5.51914
0 -5.33532
1 -5.39784
0 -5.73727
0 -5.82933
0 -5.22538
0 -5.59947
0 -5.20283
0 -6.00792
0 -5.27361
14 -5.15547
1 -5.76615
0 -5.50757
0 -5.59099
0 -5.3562
0 -5.86998
0 -5.30227
0 -5.60538
0 -5.35657
0 -5.75696
2 -5.53235
0 -5.83126
0 -5.22849
0 -5.03278
3 -5.26951
0 -5.84781
0 -5.83996
1 -5.70255
0 -5.41652
0 -5.55266
1 -5.19621
0 -5.58742
0 -5.21122
0 -4.73788
2 -5.14742
0 -4.70621
0 -4.7443
0 -5.17205
0 -5.03257
0 -4.83915
0 -4.66811
0 -4.90353
0 -4.57953
0 -5.45097
0 -4.85123
0 -4.90437
1 -5.14754
0 -5.1623
2 -5.11443
0 -4.9692
0 -5.08068
0 -5.13792
2 -4.98053
0 -4.8729
0 -4.81685
2 -4.59161
0 -4.40913
1 -4.98669
1 -5.07628
0 -5.01172
1 -4.80472
0 -5.21065
0 -4.52989
0 -4.87755
0 -4.83642
0 -5.09506
1 -4.76526
0 -5.10009
0 -4.97736
0 -5.08614
0 -4.79423
0 -4.74052
0 -5.15397
1 -4.83134
0 -4.76421
0 -4.95601
0 -4.91518
0 -4.7322
0 -4.83462
0 -4.74314
0 -4.93209
0 -4.69704
0 -4.83163
0 -4.36509
0 -4.98671
0 -4.95857
0 -5.12663
1 -4.61385
0 -5.93868
1 -6.29195
0 -6.15571
0 -6.39752
3 -6.05349
0 -6.05679
0 -6.27223
0 -6.02061
1 -6.13827
0 -6.08696
0 -6.02413
0 -6.03297
0 -5.96743
0 -5.93533
0 -6.08467
0 -6.404
0 -6.0884
0 -6.15653
0 -6.44585
0 -5.98302
0 -6.20581
0 -6.01517
0 -6.01325
0 -5.97145
0 -6.03818
0 -6.25858
0 -6.13725
0 -5.95359
0 -6.01519
2 -5.83962
0 -6.0562
0 -6.01375
0 -5.96535
0 -6.17934
0 -6.24307
0 -5.97356
0 -6.0753
0 -6.29142
0 -5.97456
0 -5.41804
1 -5.59126
0 -6.04828
0 -6.25633
0 -6.26237
0 -6.08183
0 -6.00665
0 -6.10982
0 -6.21211
0 -6.18289
1 -6.07694
0 -6.17221
0 -5.80599
0 -6.0132
1 -5.9231
0 -6.16455
0 -6.24409
0 -6.02365
0 -6.14133
2 -6.13473
0 -5.87356
0 -6.18159
0 -6.07552
0 -5.94675
0 -6.27759
0 -5.77306
0 -6.27599
1 -6.02819
0 -6.01681
1 -6.1142
0 -5.92048
0 -6.03749
0 -6.14023
0 -5.37578
0 -5.72739
0 -6.00049
0 -5.60184
0 -5.68379
0 -5.98052
0 -5.53129
0 -5.60344
0 -5.75906
0 -5.85223
0 -5.52192
0 -5.86333
0 -5.58541
0 -5.73806
0 -5.52706
0 -5.57072
0 -5.78304
0 -5.99178
0 -5.83271
0 -5.67942
2 -5.8184
0 -5.83978
0 -5.98027
11 -4.66172
0 -4.98943
0 -5.31807
2 -5.36956
0 -5.31447
0 -5.08243
4 -5.12286
1 -5.08336
1 -5.30813
7 -4.62881
1 -5.14706
1 -5.36656
10 -4.00492
1 -4.95156
12 -4.7217
6 -5.11058
1 -5.21706
4 -5.66788
103 -4.20942
4 -4.76274
0 -5.22171
0 -5.17565
0 -5.18151
11 -4.75704
0 -5.62222
0 -5.15166
16 -4.88538
2 -5.25275
0 -5.39929
32 -4.60236
6 -5.36532
2 -5.41046
8 -4.59276
12 -5.33838
1 -4.96922
22 -4.42857
14 -4.87842
6 -4.99664
3 -5.41909
3 -4.60902
2 -4.86138
18 -4.41949
3 -4.91623
0 -5.50348
0 -5.3148
0 -5.63812
4 -5.26589
4 -5.22653
7 -5.00333
1 -5.27105
0 -5.29253
0 -5.53267
7 -4.56509
2 -5.10089
13 -5.00754
1 -5.24347
0 -5.32219
3 -5.15707
0 -5.30336
5 -5.34491
0 -5.30914
0 -5.2107
0 -5.00571
1 -5.12383
0 -5.15253
0 -5.22004
0 -5.26799
0 -4.66481
0 -4.52854
0 -5.10569
0 -5.11509
0 -5.24124
4 -4.88885
0 -5.10671
2 -5.35933
4 -5.19719
0 -5.43988
2 -5.34278
0 -5.12434
0 -5.12937
0 -5.20467
0 -5.45285
0 -5.4151
0 -5.28877
0 -4.73871
0 -5.15745
2 -5.29026
0 -5.37277
0 -5.09445
0 -4.86449
1 -5.39647
0 -5.31396
0 -4.80556
0 -5.21518
0 -5.49748
1 -5.31481
0 -5.96893
0 -5.44675
0 -5.18609
0 -5.21924
0 -5.30711
0 -5.00406
0 -5.3172
0 -5.32186
0 -5.36746
0 -5.30555
0 -4.99175
0 -4.89844
0 -5.25975
0 -5.20019
0 -5.53146
0 -4.7788
0 -4.9399
0 -5.19678
0 -5.32644
0 -5.29212
0 -5.32142
0 -5.34679
2 -5.40003
0 -5.18654
8 -5.09881
14 -5.09842
6 -5.26066
3 -5.27952
5 -5.05133
29 -5.32042
2 -5.30727
0 -5.27651
