0 -5.07971
7 -5.0695
0 -5.03924
4 -4.99561
0 -4.81821
0 -5.11555
0 -5.11792
3 -4.81015
0 -4.95922
0 -5.19398
1 -5.22634
1 -5.13072
0 -5.01607
2 -4.8953
2 -5.08072
0 -5.20672
0 -5.0559
0 -5.15196
1 -5.1582
0 -4.86437
0 -5.243
1 -4.87386
0 -4.78951
0 -5.24202
0 -4.88085
0 -4.92295
1 -5.04484
6 -5.11208
1 -4.93423
1 -5.14583
0 -5.33913
0 -5.10779
0 -4.84194
1 -5.13567
0 -5.22601
0 -4.59516
4 -4.93027
0 -5.2155
12 -5.148
0 -5.32498
0 -5.14645
0 -5.29236
2 -5.20473
1 -5.13613
0 -4.69684
0 -5.04354
6 -5.18558
0 -5.13952
0 -5.2522
2 -5.03412
5 -4.78714
1 -5.06676
11 -5.09539
15 -5.02197
2 -5.17022
0 -5.25376
0 -5.24785
2 -4.97297
0 -5.20035
0 -5.10974
2 -5.19366
3 -5.22759
0 -4.96666
0 -5.16002
0 -5.17479
5 -5.2554
0 -5.25651
0 -4.90665
2 -4.89667
1 -5.15584
11 -4.5815
0 -4.781
0 -4.93039
2 -4.67118
24 -4.16326
28 -4.30439
0 -4.94989
2 -4.49725
0 -4.59345
0 -4.76562
12 -4.36794
2 -4.66431
0 -4.25037
3 -4.30667
34 -4.41496
1 -4.5768
4 -4.27625
0 -4.88386
0 -4.81394
2 -4.61075
0 -4.16492
0 -4.75455
1 -4.63199
1 -3.82788
0 -3.86833
3 -4.47368
2 -4.25963
61 -4.03642
0 -4.99145
5 -4.38066
0 -4.95888
0 -4.88481
0 -4.3376
10 -4.43801
19 -4.18985
2 -5.02614
0 -4.42873
0 -4.77255
0 -4.69592
8 -4.0197
1 -4.61765
1 -4.46021
92 -3.69775
0 -4.43217
2 -4.79966
4 -4.99633
0 -4.24048
60 -3.93836
11 -4.01511
38 -4.38231
12 -4.31445
29 -3.90445
41 -4.13118
2 -4.45723
10 -4.50007
7 -3.98279
5 -4.9548
10 -4.0777
15 -4.26249
0 -4.39207
0 -4.81667
0 -4.88321
1 -4.75876
22 -4.26989
0 -4.85285
1 -4.98407
0 -5.06722
0 -4.61882
0 -4.37809
0 -4.68227
0 -4.44967
1 -4.97702
0 -4.79503
0 -4.83053
3 -4.83936
6 -4.6979
1 -4.66031
2 -4.68838
1 -4.83979
0 -4.80011
1 -4.45207
1 -4.85782
0 -4.75198
0 -4.86122
0 -4.9866
0 -4.38414
1 -4.72853
2 -4.57224
7 -4.80966
0 -4.98758
0 -4.7779
6 -4.72185
0 -4.90769
0 -4.89388
9 -4.8537
0 -4.80414
0 -4.19931
1 -4.5535
0 -4.64946
12 -4.66401
1 -4.57103
2 -4.21356
1 -5.22719
2 -4.44137
1 -4.97189
0 -4.64474
5 -4.53972
0 -4.88038
0 -4.69542
3 -4.6443
11 -4.52463
1 -4.81503
4 -4.61644
2 -4.44871
2 -4.79937
4 -4.40741
0 -4.16124
2 -4.94347
2 -4.99188
0 -4.63898
0 -4.57261
0 -4.70202
3 -5.01384
9 -4.88946
2 -4.89087
0 -4.87131
12 -4.53817
0 -4.57097
0 -4.99864
1 -4.65413
2 -4.77645
2 -4.45305
0 -4.85487
8 -4.54961
1 -4.59361
2 -4.60934
1 -4.91448
0 -4.91638
0 -4.98139
0 -4.88486
0 -4.87017
6 -4.94377
4 -5.04518
0 -4.68722
2 -4.8349
0 -4.98274
0 -4.59468
0 -4.82731
0 -4.74143
0 -4.6945
0 -4.85486
1 -4.98526
0 -4.77216
0 -4.90901
1 -4.81658
0 -4.83324
0 -5.02899
0 -4.67523
5 -4.67298
0 -4.66053
0 -4.93815
1 -4.61165
0 -4.43776
1 -4.93567
0 -4.60123
0 -4.80077
0 -4.60312
0 -4.54182
0 -4.80171
0 -4.58546
0 -4.93149
0 -4.64972
1 -4.80241
3 -4.86497
0 -5.01025
0 -5.01157
2 -4.92491
0 -4.52732
0 -4.70077
1 -4.70574
0 -4.9284
1 -4.79885
0 -4.80049
0 -5.01075
0 -4.48951
0 -4.69289
0 -4.75241
0 -4.99107
1 -4.79143
0 -4.67733
1 -4.80645
0 -4.56189
0 -4.87146
2 -4.43704
0 -4.68022
1 -4.67786
0 -4.64925
0 -4.85303
0 -4.53538
0 -4.63119
0 -4.73169
1 -4.64258
6 -4.58382
6 -4.53854
0 -4.33186
0 -4.70229
0 -4.68352
0 -4.95875
0 -4.42102
0 -4.61338
0 -4.79945
0 -4.74098
0 -4.84386
1 -4.87829
0 -4.72663
0 -4.84339
0 -4.87782
1 -4.81324
1 -4.7269
0 -4.5418
1 -4.7944
0 -4.64296
0 -4.5582
0 -4.99121
1 -4.88087
0 -4.51072
0 -5.9334
0 -5.82585
0 -6.37263
0 -5.93692
0 -5.76468
0 -6.31505
0 -6.34566
0 -5.60015
0 -5.74557
0 -5.45485
0 -5.50638
0 -6.11605
0 -6.07374
0 -5.82785
2 -6.12379
0 -5.9621
0 -5.78202
0 -6.17799
0 -5.68152
0 -6.78951
0 -5.4827
0 -6.07017
0 -5.62087
0 -5.71866
0 -6.74916
0 -5.88018
0 -5.88352
0 -5.97252
0 -6.31644
0 -5.96244
0 -5.98935
0 -5.71928
0 -6.32192
0 -6.05634
0 -5.78277
0 -5.4605
0 -6.20542
0 -5.70522
0 -5.39751
0 -5.51086
0 -5.77101
0 -5.74586
0 -6.05407
0 -5.87259
0 -5.18461
0 -5.71022
0 -5.93908
0 -5.86793
0 -5.9325
0 -5.702
0 -6.07946
0 -5.7213
1 -5.79675
0 -5.79319
2 -5.81684
0 -5.61195
0 -5.75293
0 -5.7393
56 -5.46574
0 -5.67017
0 -5.77287
1 -5.91163
0 -5.8842
0 -5.83057
21 -5.7721
0 -5.82933
0 -5.54431
1 -5.80941
1 -5.66302
1 -5.98899
0 -5.53743
0 -5.88741
0 -5.36188
0 -5.80903
0 -6.04244
0 -5.5772
0 -5.87112
0 -5.4529
0 -5.84482
0 -6.01858
0 -5.8661
1 -5.39349
0 -5.76966
0 -5.64143
0 -5.78678
0 -6.18194
0 -5.3663
5 -5.79311
0 -5.86659
3 -6.02165
0 -5.922
16 -5.83178
1 -5.95735
0 -5.56084
1 -6.00162
0 -5.94646
1 -5.91265
0 -5.8222
5 -6.1177
3 -5.9421
2 -5.8737
0 -5.76382
3 -5.70997
0 -5.73078
0 -5.97797
0 -5.83229
0 -5.47758
0 -5.8363
0 -6.01044
0 -5.77904
0 -5.68793
0 -5.84429
0 -5.93405
0 -5.99346
0 -5.93681
1 -5.5753
0 -5.95397
0 -5.73629
0 -5.38247
0 -5.14001
0 -5.95618
0 -5.63952
1 -5.55507
0 -5.90599
0 -5.67045
0 -5.53565
6 -5.8695
0 -5.84045
0 -5.85521
0 -5.72595
0 -5.93263
0 -6.15505
1 -5.98781
0 -5.35889
0 -5.82058
0 -5.60995
0 -5.87074
0 -5.69255
1 -5.61188
0 -5.63512
0 -6.00884
6 -5.8751
0 -5.51015
0 -5.95657
0 -6.02547
0 -5.59996
3 -5.75873
0 -5.48908
0 -5.74418
0 -5.67491
0 -5.63581
0 -5.41176
0 -5.59271
0 -5.54338
0 -5.49833
2 -5.50601
0 -5.46884
0 -5.13999
0 -5.22528
0 -5.56302
0 -5.43674
0 -5.88705
0 -5.57698
0 -5.38165
0 -5.71885
0 -5.5661
0 -5.39366
0 -5.62068
0 -5.49051
0 -5.54409
1 -5.36936
0 -5.6386
0 -5.42888
5 -5.6891
0 -5.67826
0 -5.24691
0 -5.62247
0 -5.57521
1 -5.66029
0 -5.72106
0 -5.49347
0 -5.69923
0 -5.57084
0 -5.41437
0 -5.45613
2 -5.58346
0 -5.33812
0 -5.65588
0 -5.71896
4 -5.46362
0 -5.71974
0 -5.42675
0 -5.59574
1 -5.43257
0 -5.64885
0 -5.37995
0 -5.67957
0 -5.43533
1 -5.58635
0 -5.53883
0 -5.66168
0 -5.68827
0 -5.40736
0 -5.26815
0 -5.4326
0 -5.51289
0 -5.29844
0 -5.35656
1 -5.71877
0 -5.35303
0 -5.65306
1 -5.5471
0 -5.58647
0 -5.42279
0 -5.56057
0 -5.68052
0 -5.41561
1 -5.43535
0 -5.1039
0 -5.65456
0 -5.82059
0 -5.44203
0 -4.86127
1 -5.52307
0 -5.67429
0 -5.52505
1 -5.3401
0 -5.68153
1 -5.50398
0 -5.69957
0 -5.70534
0 -5.38762
0 -5.34627
0 -5.56304
1 -5.72516
0 -5.62268
1 -5.73303
0 -6.09287
0 -6.01819
0 -6.14482
0 -5.90987
0 -6.14148
0 -6.24577
1 -6.27187
0 -6.30481
0 -6.29282
0 -6.24598
0 -6.10213
0 -6.16923
0 -6.23935
0 -6.25481
0 -6.09187
0 -6.13094
0 -6.3182
0 -6.36469
0 -6.26163
0 -6.05122
0 -6.39174
0 -6.24674
0 -6.09337
1 -5.97286
0 -6.33251
0 -5.90543
0 -5.94817
1 -6.3206
2 -5.90744
1 -6.45064
0 -6.26037
1 -6.35816
0 -6.17074
0 -6.20278
0 -6.17409
0 -6.15676
0 -6.28978
0 -6.26628
0 -6.19875
0 -6.28431
0 -6.29386
0 -6.20307
0 -6.19455
1 -5.92903
0 -6.34742
0 -6.42663
0 -6.24779
1 -6.19028
0 -6.17388
0 -6.24739
0 -5.93459
2 -6.02823
1 -6.18019
0 -6.01619
0 -6.39686
0 -5.85393
3 -6.26959
0 -5.76781
0 -6.0266
0 -6.47543
0 -6.241
0 -6.09212
1 -6.1628
0 -6.1862
0 -6.24175
0 -6.27636
0 -6.23587
0 -6.03523
0 -6.06873
2 -5.87555
0 -6.41197
0 -6.40787
0 -6.08383
0 -6.44249
0 -6.43919
0 -6.27986
4 -6.2575
0 -6.14135
0 -6.21867
0 -5.91265
0 -6.19747
7 -6.02884
0 -6.16482
1 -6.48508
1 -6.21805
0 -6.24726
0 -5.90807
0 -6.07318
0 -5.84957
0 -5.91308
0 -6.28245
0 -6.06114
0 -6.06231
0 -6.32995
0 -6.3214
0 -6.31037
0 -6.21766
0 -6.34872
0 -6.2501
0 -5.34944
0 -5.39428
0 -5.6982
0 -5.75344
0 -5.73716
1 -5.19667
0 -5.83537
0 -5.5654
0 -5.48333
0 -5.43836
0 -5.36015
0 -5.76973
0 -4.26096
0 -5.86033
0 -5.87941
0 -5.5075
0 -4.7396
0 -5.49939
0 -5.23543
0 -6.19291
0 -5.90559
0 -5.76575
0 -5.63171
0 -5.61578
0 -5.46866
0 -5.26287
0 -5.81617
0 -5.55939
0 -4.50006
0 -5.56221
0 -5.78688
0 -5.59
0 -5.91932
0 -6.42311
1 -6.77619
0 -5.83554
0 -5.50063
0 -5.77746
0 -5.6406
0 -5.63433
0 -5.69462
0 -5.22319
0 -5.80584
0 -5.7356
0 -5.97721
7 -5.60158
0 -6.29749
0 -5.69257
0 -4.85935
0 -5.40344
0 -5.01495
0 -5.69935
0 -5.88714
2 -5.35918
0 -6.06858
0 -5.35769
0 -5.74486
0 -5.5507
0 -5.9012
0 -5.75768
0 -5.57147
0 -6.01609
1 -5.46095
0 -5.60314
0 -5.66775
0 -5.83204
0 -5.27331
0 -8.97937
0 -6.0676
0 -5.59996
0 -5.98071
0 -5.80559
0 -5.10307
0 -6.05922
0 -5.82746
0 -5.74378
0 -6.02547
0 -5.68889
0 -5.85082
0 -5.6949
0 -5.84093
0 -5.96466
0 -5.08759
0 -5.94855
0 -5.78913
0 -5.99599
1 -5.55956
0 -6.2704
0 -5.71546
0 -7.24563
0 -5.98079
0 -5.60797
0 -5.6016
0 -6.47511
0 -5.6149
0 -5.94809
0 -5.1353
0 -5.71959
0 -5.66523
0 -5.86967
0 -5.72292
0 -5.39733
0 -5.30911
2 -5.23904
0 -4.91883
0 -4.85878
0 -5.28276
0 -5.00087
0 -4.9016
0 -5.11816
0 -4.66321
1 -5.40088
0 -5.1878
0 -5.30075
0 -5.15202
0 -5.29383
0 -4.90124
1 -4.99755
2 -5.22333
0 -4.91323
0 -4.87673
0 -4.80406
0 -5.42927
0 -4.8927
0 -5.0371
0 -5.12742
0 -4.83839
0 -4.9335
0 -5.25288
0 -4.79939
0 -4.62966
0 -5.0221
0 -4.82102
1 -5.03048
0 -4.85287
0 -4.97026
0 -5.05518
0 -5.14892
0 -5.10858
0 -4.98012
0 -5.33255
0 -4.69032
0 -5.08523
0 -5.10931
0 -5.22672
0 -4.87192
0 -4.87685
0 -4.84738
1 -5.40769
0 -4.87831
0 -5.1678
0 -4.62041
0 -5.27497
0 -4.73961
0 -5.10311
0 -5.08064
0 -4.83108
1 -4.97846
0 -4.87976
2 -5.14788
0 -5.16371
0 -5.18641
1 -5.4047
0 -4.82777
1 -4.74777
0 -4.8877
0 -4.99309
0 -5.12853
0 -4.94707
0 -4.74518
0 -4.82915
0 -4.91319
0 -4.96767
0 -4.98177
0 -4.93264
0 -4.9954
0 -5.10245
0 -4.78701
0 -4.85424
1 -5.17725
0 -4.8968
0 -4.9153
0 -5.06551
0 -4.87264
0 -5.24029
0 -5.08957
0 -4.89956
0 -5.17795
0 -4.674
0 -4.70313
1 -5.2561
0 -5.01442
0 -4.84474
0 -5.11609
0 -5.23374
0 -4.97883
2 -5.36638
0 -5.03553
0 -4.82033
0 -5.21877
2 -4.86455
0 -4.98046
0 -5.02968
0 -5.02934
0 -5.17601
0 -4.92029
0 -5.32218
1 -4.92577
2 -5.31043
0 -5.2272
0 -4.93879
0 -5.2348
0 -4.9243
0 -4.69398
0 -4.96723
0 -5.07326
0 -5.05699
1 -5.04859
0 -4.95876
0 -4.82045
0 -4.89308
0 -4.80177
0 -4.84984
1 -5.25326
0 -4.71174
0 -4.81278
1 -4.8271
0 -4.55498
0 -4.92934
0 -4.94354
0 -4.4647
1 -4.55392
4 -4.73077
8 -4.88437
0 -4.69691
0 -4.7136
1 -4.66346
0 -4.98239
0 -4.75357
0 -4.51977
10 -4.86287
1 -4.99375
0 -4.83173
1 -4.64035
0 -4.84727
0 -5.10649
2 -4.64027
0 -4.69381
0 -4.86035
4 -4.11064
1 -4.69951
5 -4.81868
1 -4.41877
2 -4.89583
0 -5.18145
0 -4.95222
0 -4.92049
0 -5.05109
0 -4.59055
0 -3.78621
1 -4.94083
0 -4.018
0 -4.82393
1 -5.03162
0 -3.93684
1 -4.91124
0 -4.96934
0 -4.25564
2 -4.51124
0 -4.82164
0 -4.89756
0 -4.51563
0 -4.69728
0 -4.62411
0 -4.62957
8 -4.90352
1 -4.76344
0 -4.84482
4 -4.44511
0 -5.099
1 -4.646
0 -5.16947
0 -4.68864
0 -5.10594
1 -4.88311
0 -5.06949
0 -4.88355
0 -4.79361
1 -5.2731
29 -5.30976
34 -5.17562
1 -5.42951
1 -5.17876
5 -5.29397
0 -5.36382
5 -5.45765
1 -5.1477
3 -5.39847
0 -5.18343
9 -5.27517
10 -5.22238
0 -5.18333
55 -5.06364
19 -5.22131
1 -5.38828
2 -5.40717
0 -5.18884
2 -5.29744
0 -5.30339
2 -5.29572
1 -5.29023
20 -4.91592
0 -5.56056
1 -5.75733
0 -5.62098
0 -5.58963
3 -5.52662
0 -5.68425
0 -5.42826
0 -5.68489
5 -5.66909
4 -5.79196
1 -5.82374
7 -5.09034
1 -5.54537
0 -6.1623
0 -6.07909
0 -5.79604
0 -6.19582
0 -6.06713
0 -6.18721
0 -6.33918
1 -6.01975
0 -6.21422
0 -5.94169
1 -5.72364
0 -5.96885
0 -5.9406
0 -5.82021
0 -6.04674
0 -6.10863
0 -6.4014
0 -6.28842
0 -6.15205
0 -6.37266
0 -6.35343
0 -6.5296
3 -6.09416
0 -6.12306
3 -6.09067
0 -6.2334
0 -6.34772
1 -6.17208
0 -6.21779
0 -5.91304
0 -6.28723
0 -5.97098
0 -5.9342
0 -6.12177
0 -6.17287
1 -6.81097
0 -6.2583
1 -6.00219
2 -5.93014
0 -6.22796
1 -6.11584
0 -6.18713
0 -5.95072
0 -6.0651
0 -5.93959
1 -6.03061
2 -6.16697
0 -6.18023
0 -6.40873
9 -6.08818
0 -5.89259
1 -6.23724
0 -6.06482
0 -6.28426
0 -6.36499
0 -6.26031
0 -6.2134
1 -5.99422
0 -6.23269
0 -6.22885
0 -5.908
0 -6.13885
13 -6.02264
0 -5.75429
0 -6.26259
0 -6.31176
0 -6.24622
0 -6.19118
0 -6.203
2 -6.04439
0 -6.0551
0 -6.25686
0 -6.08066
6 -6.15567
0 -5.86993
1 -5.92032
0 -6.26031
0 -6.09342
0 -6.0621
1 -5.73603
4 -6.04107
15 -5.80506
0 -6.09962
0 -6.56027
2 -6.72672
0 -6.78756
0 -6.8167
0 -6.78403
0 -6.72055
0 -6.41097
0 -6.55093
0 -6.61598
0 -6.66353
0 -6.64557
0 -7.14802
0 -6.74251
0 -6.84171
0 -6.73475
0 -6.85499
0 -6.33166
0 -6.58962
0 -6.68674
0 -6.4342
0 -6.72327
0 -6.25975
0 -6.38797
0 -6.25349
0 -6.63239
0 -6.72243
3 -6.58938
0 -6.38893
0 -6.75069
0 -6.7177
0 -6.68418
0 -6.32077
0 -6.5763
0 -6.53967
1 -7.09205
0 -7.08159
0 -6.68865
0 -6.84529
0 -6.98928
0 -6.50956
0 -6.52896
0 -6.5136
0 -6.59508
0 -6.93666
0 -6.9505
0 -6.28221
0 -6.57903
0 -6.60035
0 -6.70594
0 -6.33562
0 -6.39171
0 -6.59336
0 -6.17745
0 -6.86395
0 -6.43822
0 -6.72817
0 -7.00868
0 -6.62775
0 -6.5541
0 -6.94941
0 -6.65927
1 -6.4429
0 -6.88073
0 -6.5532
0 -6.49832
0 -6.47311
0 -6.4717
0 -7.06175
0 -6.91644
0 -6.657
0 -6.77477
0 -6.46736
0 -6.69449
0 -6.33897
0 -6.81007
0 -6.6923
0 -6.62775
0 -6.74065
0 -6.62721
0 -6.73845
1 -6.36759
2 -6.80716
0 -6.19823
0 -6.85516
0 -6.43807
0 -6.67349
0 -6.605
0 -4.86883
2 -5.04569
0 -4.88242
0 -4.76258
0 -4.95561
0 -4.83572
1 -5.19354
0 -5.11324
0 -5.06563
0 -5.18416
0 -4.78872
3 -4.59478
0 -5.31789
0 -4.98074
2 -5.00727
1 -4.93754
0 -5.17114
3 -4.66323
0 -4.71851
1 -4.74805
0 -4.37329
0 -5.16448
1 -4.74055
3 -4.70736
9 -5.09989
1 -4.75612
0 -4.67706
0 -4.84067
0 -5.33609
2 -4.86371
0 -5.04917
0 -4.30665
0 -4.83617
4 -4.82361
0 -4.91904
3 -5.16606
0 -4.84989
1 -5.08217
1 -4.86942
2 -5.19804
1 -5.34309
0 -4.7732
0 -4.71474
0 -5.28733
4 -5.20054
0 -4.69886
0 -5.00422
0 -5.39583
0 -5.10048
1 -5.08012
1 -5.07236
0 -5.00994
2 -5.13321
0 -4.90015
1 -4.74627
3 -4.82133
0 -4.83786
0 -5.2901
0 -5.19383
0 -4.78659
4 -5.34803
1 -5.11623
0 -4.75869
0 -4.92938
0 -5.12265
0 -4.52652
0 -4.92519
0 -4.83389
0 -4.9979
0 -5.17101
0 -5.434
0 -4.87946
0 -5.14783
0 -4.61434
3 -5.29439
0 -4.9094
0 -4.65131
0 -5.20357
0 -4.66297
1 -4.99405
2 -4.98355
0 -4.83834
0 -5.39016
0 -5.63566
0 -5.71352
0 -5.34291
0 -4.90182
0 -5.03343
0 -5.10689
0 -5.15689
0 -5.07541
0 -5.29846
1 -5.55374
1 -4.6162
0 -5.40294
2 -5.31893
1 -5.14179
0 -5.16506
1 -5.38503
0 -4.88336
0 -5.37928
0 -5.02786
0 -5.35941
0 -5.10873
0 -5.46657
0 -5.52994
0 -5.50779
7 -5.3166
0 -5.38263
0 -5.22428
0 -5.03788
0 -5.31292
0 -5.422
0 -5.51681
0 -5.01324
1 -4.88626
0 -4.58752
1 -5.42747
0 -5.29174
0 -5.55122
0 -5.03572
0 -5.41962
0 -5.57689
0 -5.25561
0 -5.0925
0 -5.57251
0 -5.36087
0 -4.88477
1 -4.97349
6 -5.28037
0 -5.02839
1 -5.42556
0 -5.37541
0 -5.43832
0 -4.96261
0 -5.3964
0 -4.95885
0 -5.42735
0 -5.41453
0 -5.32588
0 -5.46825
0 -4.95561
0 -5.40321
0 -5.15457
0 -5.00865
0 -5.51865
0 -5.51027
0 -5.0684
0 -4.90396
1 -5.22159
0 -5.37539
0 -5.27345
0 -5.18406
0 -4.75832
0 -5.12446
0 -5.68644
0 -4.86374
2 -5.21937
0 -4.8724
0 -4.41561
0 -5.2195
0 -5.33627
0 -5.1108
0 -5.38833
0 -5.60375
1 -5.0201
0 -5.07458
0 -5.42421
0 -5.46098
1 -5.46349
0 -5.56357
0 -5.09888
0 -4.69195
5 -5.55972
0 -5.03781
0 -5.2652
0 -5.19263
6 -5.39402
0 -5.34218
0 -5.51801
0 -5.51048
1 -4.97216
0 -4.95997
0 -5.18703
1 -4.96741
0 -5.01759
0 -5.18434
2 -5.10274
0 -4.82392
0 -5.03737
0 -5.40502
0 -5.12392
0 -5.02729
0 -4.87157
0 -5.58827
0 -5.02294
0 -5.01369
0 -5.85214
0 -5.63994
0 -6.02769
0 -5.84961
0 -5.84704
0 -6.07518
3 -5.92839
0 -6.18636
0 -6.41924
0 -6.7053
0 -6.53419
0 -5.7957
0 -6.27664
0 -6.01486
0 -5.61959
0 -5.9103
0 -6.26805
0 -5.313
0 -5.90955
1 -5.82188
0 -6.56691
0 -6.0332
0 -5.69482
0 -5.63684
2 -5.82533
0 -6.41292
0 -5.68728
0 -6.53779
0 -5.72299
0 -5.48089
1 -5.60129
1 -5.82495
0 -6.07767
0 -5.72667
0 -6.1621
0 -6.48376
0 -6.01574
0 -6.09433
0 -5.95536
0 -6.41775
0 -5.77084
0 -6.68952
0 -6.43979
0 -5.97086
0 -5.72011
0 -6.79257
0 -5.94951
0 -5.90484
0 -5.71481
0 -5.94688
0 -6.35582
0 -6.23601
0 -6.68532
0 -5.66041
0 -6.50931
0 -6.2729
1 -6.0045
0 -5.88827
0 -5.63166
0 -5.66427
0 -5.91219
0 -5.96343
0 -5.89135
0 -6.11549
0 -5.92736
2 -6.0675
0 -6.07695
0 -6.0364
0 -6.12318
0 -6.1208
0 -5.87453
0 -5.99825
0 -5.87091
0 -6.09071
0 -5.83933
0 -6.05969
0 -6.03093
0 -5.81512
0 -5.90593
3 -5.81093
0 -5.68064
0 -6.04128
0 -6.13312
2 -6.04373
0 -5.84907
0 -5.99539
0 -5.92416
0 -6.14585
0 -6.02168
0 -6.09442
0 -5.6704
0 -6.05871
1 -5.93443
0 -6.08853
0 -5.95394
0 -5.94349
0 -5.98152
0 -5.92573
0 -6.05979
0 -6.02424
0 -5.91124
0 -6.08921
0 -5.87674
0 -5.69914
0 -5.87889
3 -6.20402
0 -5.89399
0 -6.17058
0 -5.84147
0 -5.8823
0 -6.04932
0 -5.66871
0 -6.09629
0 -6.02122
0 -6.01958
0 -6.1358
0 -5.89315
0 -5.9137
0 -6.03668
0 -5.94827
0 -6.06087
0 -6.66749
0 -6.12601
0 -5.94759
0 -5.95063
2 -5.93196
0 -6.30645
0 -6.18695
1 -5.68572
0 -6.11685
0 -5.94767
0 -6.15406
0 -5.89702
0 -6.09912
0 -5.94694
0 -5.88169
0 -5.65707
0 -6.04497
0 -6.15421
0 -6.11503
0 -6.19514
0 -6.0648
0 -6.10624
20 -5.16489
5 -5.71828
5 -5.88729
0 -5.69742
0 -5.8467
0 -5.85137
0 -5.69719
0 -6.66917
2 -5.98123
0 -5.6937
0 -5.82371
0 -5.85359
0 -5.78557
3 -5.83377
0 -6.46666
8 -5.52142
1 -5.80229
0 -5.80106
0 -5.81849
0 -5.85487
0 -5.7971
0 -5.81194
0 -5.94715
0 -5.71728
0 -5.68975
0 -5.76433
0 -5.00385
4 -5.08533
2 -5.33046
4 -5.02366
1 -5.23199
1 -4.9975
1 -4.8574
1 -5.17757
3 -4.23615
4 -5.42727
2 -5.13902
9 -4.76029
6 -5.51357
6 -5.23161
2 -5.27651
0 -4.86168
0 -5.12885
4 -5.16716
1 -5.38941
4 -4.8623
0 -5.33371
9 -4.96365
0 -5.05376
1 -4.9947
0 -4.96537
0 -4.98631
0 -5.16166
0 -5.02373
4 -4.60145
1 -4.78075
0 -4.65055
0 -4.49278
0 -5.00534
0 -4.8558
0 -5.02222
0 -4.82888
1 -5.21131
0 -4.6285
1 -4.91667
0 -4.35984
0 -4.68127
0 -5.02683
0 -4.60931
0 -5.09073
1 -5.161
3 -5.16837
0 -4.37217
2 -4.76471
0 -4.95815
0 -4.65495
0 -4.71652
0 -4.64513
0 -5.1815
0 -4.92139
0 -5.66515
0 -5.56931
2 -3.88095
0 -5.60723
0 -5.6201
0 -5.59106
0 -5.51075
1 -5.51819
0 -5.39217
0 -5.7415
0 -5.57047
0 -5.52409
0 -5.40123
0 -5.59482
0 -5.67346
0 -5.85532
0 -5.85166
0 -5.69152
0 -5.74993
0 -5.29849
0 -5.75106
0 -5.74509
0 -5.93899
15 -4.06539
0 -5.8176
0 -5.76144
0 -5.74373
4 -5.70934
0 -5.61641
11 -4.96197
11 -4.24821
0 -5.76179
0 -5.69716
1 -5.53987
0 -5.74961
5 -5.21609
0 -5.74687
1 -5.54937
0 -5.57493
0 -5.48132
17 -4.03131
0 -5.70415
10 -4.68491
2 -5.13793
0 -6.00321
1 -5.91966
0 -5.72283
0 -5.43166
0 -5.48894
0 -5.61002
0 -5.56574
18 -5.11685
0 -5.22848
1 -5.63364
0 -5.42192
3 -5.35251
0 -5.97637
0 -5.90877
0 -5.64196
8 -5.11295
0 -5.72505
0 -5.52169
2 -4.97031
0 -4.88181
0 -4.85906
0 -4.68883
0 -4.78883
0 -4.6878
0 -4.883
0 -4.49089
0 -4.93777
1 -5.05074
1 -4.83686
0 -4.69677
1 -4.99294
0 -4.87354
0 -5.15719
1 -4.84537
0 -5.44622
0 -4.84449
1 -4.79549
0 -4.74435
0 -5.02499
0 -4.7359
0 -4.96719
0 -4.97659
0 -5.00351
4 -5.13136
0 -5.00248
0 -5.14681
3 -5.01222
0 -5.19162
2 -4.68318
4 -4.97272
1 -5.06501
2 -5.06391
1 -5.04134
1 -5.01182
0 -4.91995
0 -4.51295
0 -5.14819
0 -4.82128
4 -5.00363
1 -4.86224
2 -4.67878
0 -4.62506
1 -4.72643
0 -4.79268
1 -4.6991
0 -4.90869
1 -5.21142
0 -4.50468
1 -5.08148
0 -4.94254
5 -4.48948
0 -4.89489
0 -4.98604
0 -4.70025
1 -4.58608
0 -4.68276
0 -4.88243
12 -4.9396
0 -4.78341
1 -4.70592
1 -4.74563
1 -5.10798
0 -4.99716
0 -4.68358
3 -5.12329
1 -4.97802
0 -4.84577
0 -5.00862
0 -5.02347
0 -5.0829
0 -5.34795
3 -5.05443
0 -4.79844
0 -4.76504
1 -4.78657
1 -4.71905
1 -5.21877
0 -5.02174
1 -4.82015
1 -4.88776
0 -4.77821
0 -4.9435
1 -5.23274
0 -4.98266
1 -4.49516
2 -4.61515
0 -4.8225
0 -5.03415
0 -4.96898
23 -5.132
0 -4.85187
0 -4.8964
0 -4.80125
0 -4.85899
1 -4.9106
1 -5.138
0 -5.0619
0 -4.64546
0 -6.47251
0 -6.81614
0 -6.38626
0 -7.01296
0 -6.42683
0 -6.88711
0 -6.86368
0 -6.89538
0 -6.92954
0 -6.57445
0 -6.88526
0 -6.58734
0 -6.74908
0 -6.55999
0 -6.76455
0 -6.55167
0 -6.91274
0 -6.4708
0 -6.53599
0 -6.68551
0 -6.69451
0 -6.62472
0 -6.961
0 -6.49605
0 -6.61661
0 -6.79236
0 -6.84766
0 -6.80526
0 -6.63906
0 -6.7565
0 -6.97943
0 -6.97097
0 -6.87965
0 -6.75368
0 -6.94907
0 -6.73183
0 -6.35501
0 -6.73243
0 -6.62576
0 -5.83752
0 -6.67879
0 -6.75823
0 -6.72536
0 -6.79484
0 -6.98833
0 -6.7363
0 -7.07422
0 -5.27615
0 -5.55442
0 -5.50715
0 -5.50977
0 -5.4884
0 -5.53087
0 -5.44013
1 -5.44775
2 -5.61225
0 -5.47208
0 -5.49214
0 -5.52249
0 -5.46973
0 -5.48118
0 -5.58363
0 -5.577
0 -5.41924
8 -5.34288
0 -5.4261
0 -5.69047
2 -5.62116
1 -5.56872
1 -5.61224
0 -5.44798
7 -5.44903
0 -5.71899
0 -5.40349
0 -5.63853
0 -5.55101
0 -5.49558
5 -5.50812
0 -5.62809
0 -5.47681
0 -5.37153
0 -5.6339
0 -5.46636
0 -5.55684
0 -5.59497
0 -5.61618
0 -5.37009
0 -5.48317
0 -5.61492
0 -5.48417
0 -5.36015
1 -5.61706
1 -5.53466
3 -5.49581
2 -5.5961
1 -5.58026
0 -5.45621
0 -5.533
0 -5.63251
0 -5.35413
0 -5.54464
0 -5.50635
0 -5.48487
3 -5.5207
0 -5.6722
1 -5.44441
1 -5.59635
0 -5.58379
0 -5.4804
0 -5.70155
0 -5.50426
0 -5.5343
0 -5.36396
0 -5.60779
0 -5.52923
0 -5.65637
3 -5.50867
1 -5.4403
0 -5.594
0 -5.37948
0 -5.62418
0 -5.45087
1 -5.57356
1 -5.54755
0 -5.48423
0 -5.57167
0 -5.54885
0 -5.72086
0 -5.18872
0 -5.63195
0 -5.52267
0 -5.5624
0 -5.72678
0 -5.69892
1 -5.59217
0 -5.22655
0 -5.73959
0 -5.33844
0 -5.09783
0 -5.54364
0 -4.88341
0 -5.52451
1 -5.20499
0 -5.47314
4 -5.63366
0 -5.42833
0 -5.33661
0 -5.24741
0 -5.50157
5 -5.58401
0 -5.23679
0 -5.23915
2 -5.64861
0 -5.5548
0 -5.84815
1 -5.56835
0 -5.5813
1 -5.42767
0 -5.7042
0 -5.73689
0 -5.69272
0 -5.40448
1 -4.50663
2 -5.62965
0 -5.6285
1 -5.41192
0 -5.06161
0 -4.80734
0 -5.45856
0 -5.4598
0 -5.45985
0 -5.26226
0 -5.24383
0 -5.17445
0 -5.59106
2 -5.62228
0 -5.45755
0 -5.26085
0 -5.23225
0 -5.5184
0 -5.60894
0 -5.25793
1 -5.57584
0 -5.30124
0 -5.07843
0 -5.49391
0 -5.68837
0 -5.18437
0 -5.56134
0 -5.33592
1 -5.50228
0 -5.69998
0 -5.71629
0 -5.33333
17 -5.42511
0 -4.91
0 -5.49116
0 -5.70654
0 -5.58243
0 -5.51898
1 -5.50229
0 -5.20803
0 -5.4189
1 -5.3746
0 -5.51257
0 -5.23363
1 -5.68564
15 -5.28111
0 -5.72943
0 -5.31378
2 -5.54969
1 -5.49437
1 -5.64992
0 -5.30913
14 -5.48806
1 -5.59574
2 -5.70706
0 -5.49361
3 -5.35923
0 -5.7968
0 -5.75566
0 -5.13795
0 -5.20075
0 -5.11308
0 -4.37528
0 -5.52739
0 -5.05171
0 -6.2201
0 -5.61175
2 -5.49631
1 -5.05661
0 -5.87273
0 -5.40275
0 -6.12009
0 -4.9816
2 -6.16272
0 -5.64875
1 -6.28817
0 -5.95701
0 -6.41721
0 -5.3583
0 -5.84641
0 -5.8214
0 -5.57096
0 -5.91018
0 -5.90149
0 -5.42127
0 -5.15957
0 -5.20335
0 -5.73122
4 -5.34008
0 -5.90316
3 -5.68193
0 -5.26905
0 -6.19697
0 -4.77997
2 -5.86733
0 -5.87999
0 -6.11517
0 -6.04229
7 -5.63678
0 -5.95691
1 -5.45685
0 -5.09119
1 -5.46025
0 -5.40707
0 -5.47813
0 -5.13149
4 -4.96781
0 -5.38875
0 -5.49787
4 -5.27747
0 -5.62185
0 -5.18611
0 -5.51879
1 -5.31918
0 -5.15734
4 -5.22303
0 -5.41787
0 -5.20117
0 -5.37685
0 -5.37728
0 -5.41793
0 -5.23325
0 -5.30886
0 -5.14305
0 -5.49548
1 -5.4537
0 -5.15181
0 -5.45541
1 -5.23559
0 -5.13538
0 -5.38501
0 -5.12962
0 -5.16737
0 -5.37584
0 -5.1824
0 -5.42883
0 -5.2642
0 -5.46776
3 -5.1304
1 -5.1484
0 -5.37187
0 -5.55561
0 -5.47396
0 -5.39595
0 -5.1168
0 -5.24532
9 -5.24429
0 -5.41217
0 -5.29039
0 -5.37894
0 -5.19073
3 -4.66715
1 -5.33556
0 -5.48095
0 -5.19653
0 -5.23692
0 -5.12942
1 -5.22893
0 -5.47352
0 -5.48619
0 -5.31876
0 -5.53717
0 -5.56002
0 -5.52968
0 -5.41992
2 -5.37152
0 -5.42505
0 -5.15643
0 -5.50872
1 -5.57974
0 -5.48558
1 -5.37843
0 -5.58938
0 -5.0713
5 -5.22037
1 -4.61875
4 -5.10699
1 -5.11934
0 -5.08041
2 -4.83024
9 -5.26007
1 -5.16676
26 -4.84177
2 -5.17148
0 -5.25189
2 -5.00481
1 -5.03828
3 -4.972
1 -5.10747
0 -5.05475
2 -5.22943
1 -5.08613
2 -5.14661
5 -5.2705
5 -5.01822
12 -5.00922
3 -5.07743
0 -5.07611
9 -5.1668
1 -4.69898
5 -5.21378
3 -5.14665
0 -5.18272
0 -5.03756
14 -5.24033
1 -5.05968
1 -5.05081
1 -4.98415
0 -5.15863
1 -4.78604
2 -5.05605
3 -4.90841
17 -5.18553
1 -5.03552
9 -5.1939
1 -5.16736
0 -5.3073
1 -5.00144
12 -5.27752
0 -6.30325
0 -6.55373
0 -5.69897
0 -6.15628
0 -6.45165
0 -6.74811
0 -6.23672
0 -5.58619
0 -6.2626
0 -6.5612
1 -5.81012
0 -6.42986
1 -6.21097
0 -6.58731
0 -5.87616
0 -5.90784
0 -6.4045
0 -6.44785
0 -6.47601
0 -5.86266
0 -5.98423
0 -6.65226
0 -6.13339
0 -6.58434
0 -6.58475
0 -6.01195
0 -6.23029
0 -6.5315
0 -6.48877
0 -6.34018
0 -6.3077
0 -6.6036
0 -6.16695
0 -6.46036
0 -5.58506
0 -6.23669
0 -6.19715
0 -6.39279
0 -6.41662
0 -5.63658
0 -6.48277
0 -6.0599
0 -6.29329
0 -6.55663
0 -6.53512
0 -6.3695
0 -5.5756
0 -6.36433
1 -6.38728
0 -6.46729
1 -6.07398
0 -6.42908
0 -6.52699
0 -6.361
0 -6.35183
0 -5.08858
0 -6.67787
0 -6.46977
0 -6.52571
0 -5.15877
0 -6.06191
1 -6.3196
0 -6.31452
0 -6.45358
0 -6.21999
0 -5.43142
1 -5.00396
0 -4.80052
0 -4.66832
0 -4.83206
0 -4.93129
0 -4.87954
0 -4.73451
0 -4.86987
0 -4.75217
2 -4.80826
0 -4.97936
0 -4.95026
0 -4.82697
0 -4.64845
0 -4.72765
3 -4.79641
0 -4.59776
0 -4.75756
6 -4.94213
0 -4.74579
4 -4.8325
2 -4.90526
0 -4.70619
0 -4.84466
0 -4.52685
0 -4.80641
0 -4.79083
1 -4.76936
0 -4.96057
1 -4.95758
0 -4.47826
0 -4.95966
2 -4.88698
0 -4.72059
0 -4.87255
0 -4.92025
0 -5.01182
0 -4.67486
0 -4.86786
2 -4.83448
0 -4.85227
0 -4.74156
0 -4.83416
0 -4.8015
0 -4.99548
0 -4.43205
5 -5.04326
0 -4.48532
0 -4.54669
0 -4.84351
0 -4.90497
0 -4.87799
0 -5.04915
0 -4.9768
2 -4.99063
0 -4.71774
0 -4.88834
0 -4.67033
1 -4.95727
0 -5.00242
0 -4.86877
0 -4.74892
0 -5.06549
0 -4.88527
0 -4.7325
0 -4.78927
0 -4.54856
0 -4.80788
0 -4.53823
0 -4.70673
2 -4.79261
0 -4.88071
1 -5.00945
1 -5.00031
4 -4.97917
0 -4.59307
0 -4.68912
0 -4.84437
13 -4.72357
0 -4.87037
0 -4.77403
1 -4.98864
1 -5.01359
0 -4.82236
0 -4.76046
1 -4.73796
0 -4.78007
0 -4.73317
0 -4.71242
2 -4.92642
0 -4.79263
0 -4.79862
1 -4.76313
5 -5.03682
4 -5.08661
1 -4.97769
0 -5.01676
13 -5.01593
0 -4.33435
0 -5.38134
0 -5.64882
0 -4.61509
0 -5.15969
0 -5.02583
0 -5.02849
3 -5.09998
0 -5.22139
3 -4.69671
13 -5.1879
54 -4.54322
0 -5.03316
0 -5.32823
0 -5.15368
1 -5.23714
21 -4.76207
3 -4.96355
0 -4.66277
0 -5.2865
0 -4.2115
2 -5.09077
0 -5.09022
2 -5.14231
0 -4.8069
0 -4.42466
0 -5.13516
20 -4.16914
1 -4.92082
0 -5.64939
0 -5.18525
0 -5.02477
1 -4.8673
0 -4.91196
0 -5.20753
0 -5.42851
0 -4.79634
0 -5.1659
0 -5.04505
44 -5.04145
0 -5.14734
0 -5.02331
9 -5.01976
2 -4.95176
1 -4.86225
1 -5.08271
3 -5.28727
0 -5.22616
0 -5.06705
0 -4.74997
0 -4.87069
1 -4.05307
0 -5.41088
103 -4.57375
0 -4.91581
1 -4.87283
0 -5.03733
35 -5.03832
0 -5.02156
0 -5.02091
2 -4.05891
0 -5.45897
0 -4.43867
1 -5.03348
5 -4.8232
0 -4.27461
3 -4.9654
5 -4.0645
0 -5.09826
0 -4.96265
2 -5.06809
0 -5.08896
0 -5.00701
0 -4.94761
0 -5.18691
34 -4.78748
1 -4.95938
1 -4.9407
1 -4.29968
0 -4.94037
14 -4.59336
0 -4.84821
0 -4.94494
0 -5.16074
0 -4.9182
2 -4.75424
0 -5.60331
3 -5.13896
5 -5.08408
0 -5.0813
5 -4.95173
0 -4.96167
0 -5.05016
0 -5.19576
0 -5.38218
0 -5.30265
6 -5.16206
162 -4.58386
3 -5.06645
0 -5.65109
0 -5.02129
13 -4.90928
0 -5.64238
2 -5.00132
28 -4.23676
0 -4.8818
0 -5.00447
0 -5.24164
0 -4.99245
0 -5.09782
1 -4.93603
0 -3.80272
8 -5.03112
0 -5.82726
0 -5.22442
0 -5.2357
0 -4.92964
5 -4.92624
0 -4.32297
5 -4.76805
0 -4.32912
9 -4.27747
10 -5.04346
0 -5.03773
0 -4.73013
8 -5.01093
1 -5.02274
0 -4.50031
0 -5.39985
5 -4.86985
1 -4.58672
0 -5.44415
0 -4.43903
6 -4.54051
0 -4.93649
1 -5.10657
0 -4.95921
1 -5.10396
1 -4.31899
1 -5.11546
0 -5.10341
1 -5.13338
2 -5.00295
2 -4.95556
0 -5.48993
0 -4.82684
1 -5.17726
4 -5.09977
0 -4.78017
0 -4.77795
16 -4.88393
0 -5.02611
1 -5.02214
0 -5.04529
0 -4.90585
0 -4.77589
2 -4.50867
3 -3.96296
3 -4.70045
0 -4.66366
3 -5.08402
1 -4.94367
0 -5.07935
0 -5.18424
0 -5.25517
32 -5.1854
0 -5.28144
0 -5.07842
0 -5.3199
1 -4.91166
0 -4.83697
1 -4.8753
0 -4.88794
98 -4.46127
0 -5.6413
0 -5.51381
8 -4.97151
0 -5.09608
1 -5.19609
1 -5.28099
0 -4.92899
1 -4.58921
1 -5.12722
1 -5.2641
0 -3.9984
0 -5.07363
1 -5.72277
0 -4.89806
0 -4.62751
1 -5.10888
2 -4.24568
3 -4.69325
0 -5.85371
0 -5.00904
2 -5.16051
0 -4.91671
1 -5.00585
1 -5.01533
1 -4.86792
1 -5.07108
12 -4.5596
0 -4.89371
0 -4.65446
0 -4.92732
0 -5.22048
1 -5.03619
0 -5.46484
8 -5.03275
0 -5.19906
0 -4.08507
0 -5.08228
0 -5.00708
0 -5.37738
0 -4.6853
1 -5.20579
61 -4.85519
4 -5.12192
0 -4.62846
0 -4.86466
0 -5.28457
3 -4.78042
1 -5.07234
64 -4.873
1 -5.02601
0 -4.89675
2 -5.09244
0 -4.79382
3 -4.36348
0 -4.33731
0 -5.02854
6 -4.79854
8 -5.12147
1 -5.01456
1 -5.07565
3 -5.21887
11 -4.10245
1 -4.78897
0 -5.40043
7 -5.40902
0 -5.26507
2 -4.18804
25 -5.18485
0 -4.94836
0 -4.99479
1 -5.13915
3 -5.06057
0 -4.86073
0 -5.24407
0 -4.30094
0 -4.13189
0 -6.27222
0 -6.0321
0 -5.95994
0 -5.71865
0 -5.77544
1 -5.96835
0 -6.18855
0 -5.5841
0 -6.05621
0 -5.44543
0 -6.34467
0 -6.82565
0 -5.51321
0 -6.51962
0 -6.63119
0 -6.61854
0 -5.90341
7 -5.76414
0 -4.66888
0 -6.31431
0 -7.35943
0 -6.08027
0 -5.90065
0 -6.50651
2 -5.86727
0 -6.05937
0 -5.35118
0 -5.35673
0 -6.26757
0 -5.95132
0 -5.6879
0 -5.87618
1 -5.87522
0 -5.92945
0 -5.16718
0 -5.95615
0 -5.87144
0 -5.79275
0 -5.79218
0 -5.78776
0 -5.97097
0 -5.87163
0 -5.71441
0 -4.66913
0 -4.92193
2 -4.96028
0 -4.76633
0 -4.25461
0 -4.63989
0 -4.67718
0 -4.65404
0 -4.66526
0 -4.56772
0 -4.70555
0 -4.71941
0 -4.70454
0 -4.83365
1 -4.59473
0 -4.99214
0 -4.6316
0 -4.51963
3 -4.71985
0 -4.62905
0 -4.37221
2 -4.8019
0 -4.86571
0 -4.79062
1 -4.723
0 -4.93479
0 -4.60613
0 -4.82772
0 -4.75156
0 -4.77222
0 -4.70012
0 -4.81298
0 -4.52339
0 -4.72218
0 -4.66641
0 -4.81445
0 -4.62284
0 -4.57233
0 -4.75404
0 -5.02435
0 -4.84826
1 -4.82345
0 -4.44121
0 -4.81024
1 -5.03818
0 -4.53972
1 -4.63866
0 -4.50454
0 -4.69383
3 -5.35927
0 -5.50013
0 -5.66002
0 -5.82344
0 -5.45706
0 -4.52726
0 -5.54603
11 -5.2857
0 -5.6372
0 -5.72609
0 -5.56332
0 -5.41
0 -5.58097
0 -5.40127
0 -5.14597
0 -5.48597
0 -4.80274
0 -5.68347
0 -5.5368
0 -5.31648
0 -5.78545
0 -5.48724
6 -5.72718
0 -5.46361
0 -5.48343
2 -5.67408
0 -5.50922
0 -4.8098
1 -5.18667
0 -5.692
0 -5.43326
35 -5.23976
3 -5.62136
0 -5.37601
0 -5.5516
0 -5.47371
1 -5.57108
0 -4.54141
0 -5.46226
0 -5.41766
0 -5.63702
0 -5.22467
0 -5.52622
0 -5.4109
0 -5.51647
2 -5.65726
8 -5.5684
0 -5.49663
0 -4.72289
0 -5.57493
1 -5.47295
0 -5.49263
0 -5.93441
0 -5.55859
0 -5.70705
0 -5.37822
0 -5.14671
7 -5.53543
0 -5.47037
0 -4.47134
0 -5.44865
0 -5.57228
0 -5.46543
0 -5.42144
0 -5.43002
0 -5.41548
0 -5.4532
0 -5.62506
0 -4.62298
0 -5.23995
1 -5.38934
0 -5.61062
1 -5.53554
0 -5.49751
0 -5.08567
1 -5.66459
0 -5.70785
0 -5.72894
0 -5.37402
0 -4.76298
14 -5.62735
0 -5.52502
1 -5.64906
0 -5.29493
1 -5.57531
0 -5.65374
1 -5.45615
1 -5.14092
1 -5.22096
0 -4.67775
0 -5.5572
0 -5.23876
0 -5.24855
1 -5.66849
2 -5.81946
0 -5.3409
0 -5.36474
0 -5.23315
0 -5.51413
4 -4.81389
0 -5.8153
0 -5.44259
0 -5.12599
0 -5.42571
3 -5.42031
0 -4.60106
0 -4.52469
0 -4.79116
1 -4.62566
0 -4.53167
5 -4.8025
0 -4.69047
0 -4.78106
0 -4.67261
0 -4.72311
0 -4.62905
5 -4.93429
0 -4.819
0 -4.48314
0 -4.70865
0 -5.2512
2 -5.54608
0 -5.54148
0 -5.63328
1 -5.36822
1 -5.51484
0 -5.43339
3 -5.52148
3 -5.28364
0 -5.36807
0 -5.52217
1 -5.89916
1 -5.30065
2 -5.46468
0 -5.45466
0 -5.58431
2 -5.39892
4 -5.65579
0 -5.71645
0 -5.92025
1 -6.16945
0 -5.67942
0 -5.26507
1 -5.60251
0 -5.85787
0 -5.47934
0 -6.07372
0 -5.74154
0 -5.70196
0 -6.07586
0 -5.18299
0 -6.00094
0 -5.17888
6 -5.36233
4 -5.83177
0 -6.03147
0 -6.20605
0 -5.29166
0 -6.18177
0 -5.20304
0 -5.69504
0 -5.25985
0 -5.71926
4 -5.56181
0 -5.79807
0 -5.08463
0 -5.18978
1 -5.3057
0 -6.17914
0 -5.86286
1 -5.90225
0 -5.27989
0 -5.89826
1 -5.23276
0 -6.0391
0 -5.68354
0 -5.00908
0 -5.3449
0 -5.04938
0 -5.33993
0 -5.50621
0 -5.37375
0 -5.30797
0 -5.14314
0 -5.33939
1 -5.2551
0 -5.3179
0 -5.22196
0 -5.29582
0 -5.12091
0 -5.52644
1 -5.20098
0 -5.41775
0 -5.39672
0 -5.31379
4 -5.35871
0 -5.36488
0 -5.18042
0 -5.00397
0 -4.74727
0 -5.3626
0 -5.50208
1 -5.35209
0 -5.05402
0 -5.24614
1 -4.92297
1 -5.39228
0 -6.06045
0 -5.20375
0 -5.0766
0 -5.53616
0 -5.13804
0 -5.4476
0 -5.18356
0 -5.10502
1 -5.4795
0 -5.13028
0 -5.16417
0 -5.34486
0 -5.28967
0 -5.13037
0 -5.16239
0 -5.05435
0 -5.43926
0 -5.09208
0 -5.22085
0 -5.63184
0 -5.41829
0 -5.31833
0 -5.51879
0 -4.94656
0 -6.34273
0 -6.57708
0 -6.7056
0 -6.64946
0 -6.45512
0 -6.48192
0 -6.6677
0 -6.44935
0 -6.58464
0 -6.63029
0 -6.36301
0 -6.16252
0 -6.27001
0 -6.29671
0 -6.08566
1 -6.732
0 -6.5979
0 -6.72922
0 -6.51859
0 -6.40837
0 -6.38313
0 -6.17705
0 -6.20787
0 -6.38696
1 -6.15627
0 -6.54326
0 -6.54579
0 -6.21447
0 -6.35465
0 -6.16652
0 -6.16928
0 -6.32135
0 -6.13381
1 -6.5248
0 -6.60617
0 -6.22955
0 -6.58228
0 -6.54025
0 -6.38345
0 -5.8604
3 -5.86456
0 -6.37867
0 -6.53354
0 -6.58177
0 -6.47853
2 -6.24292
0 -6.57245
0 -6.65458
0 -6.60569
0 -6.50708
0 -6.57335
0 -6.20043
0 -6.26648
1 -6.11497
0 -6.61623
0 -6.73364
0 -6.31344
0 -6.48798
0 -6.56435
0 -6.25524
0 -6.58335
0 -6.51175
0 -6.1237
0 -6.46047
0 -6.06266
0 -6.70724
0 -6.40917
2 -6.33376
0 -6.58908
0 -6.33658
0 -6.45901
0 -6.62021
0 -5.36578
0 -6.20122
0 -6.0496
0 -5.42458
0 -5.76136
0 -5.90921
0 -5.94318
0 -5.71404
0 -6.20494
0 -5.96366
2 -5.45589
0 -6.67052
0 -5.76672
0 -5.81387
0 -5.78387
0 -5.56215
0 -5.91099
0 -6.3143
0 -6.05075
0 -5.89908
0 -6.25056
0 -6.19567
0 -6.0455
22 -5.2017
0 -5.33752
1 -5.51341
3 -5.39469
2 -5.41325
1 -5.05977
24 -5.74384
1 -4.89465
11 -5.47529
7 -4.99
0 -5.28233
4 -5.30724
3 -4.53516
0 -5.42343
2 -5.16431
3 -5.5394
0 -5.41895
0 -5.84626
105 -4.61595
2 -5.16697
4 -5.50399
1 -5.49724
3 -5.35659
9 -5.28217
0 -5.87037
0 -5.62503
26 -5.22213
3 -5.57633
4 -5.40579
48 -4.90591
10 -5.438
0 -5.4484
7 -5.11644
64 -5.77283
1 -5.38163
9 -4.93959
31 -5.19752
12 -5.45373
13 -5.72124
12 -4.90418
3 -5.08288
19 -4.78279
8 -5.15574
2 -5.63744
0 -5.36097
1 -5.62907
8 -5.97564
5 -5.53969
6 -5.4759
5 -5.34189
0 -5.31524
0 -5.46395
6 -4.96002
0 -5.47546
13 -5.29748
17 -5.53785
2 -5.38486
1 -5.32984
0 -5.43871
2 -5.46775
0 -5.37849
0 -5.46979
0 -5.29928
1 -5.15999
0 -5.29836
0 -5.61211
0 -5.29239
0 -4.66602
0 -4.53972
0 -5.42545
0 -5.19107
0 -5.47519
3 -5.00676
0 -4.91949
7 -5.42202
0 -5.37789
0 -5.54735
2 -5.46187
0 -5.26703
0 -5.40639
0 -5.22521
0 -5.50913
0 -5.50107
0 -5.42419
0 -4.85821
0 -5.44454
0 -5.36369
0 -5.74158
0 -5.3844
0 -4.96307
0 -5.41357
1 -5.38678
0 -4.95871
0 -5.44506
0 -5.67384
1 -5.42764
0 -5.48472
1 -5.85184
0 -5.0665
0 -5.28203
0 -5.50144
0 -5.26239
0 -5.51824
0 -5.48826
0 -5.62309
0 -5.54073
0 -5.40161
0 -5.12451
0 -5.53754
0 -5.29578
0 -5.83134
0 -4.88743
0 -5.05267
0 -5.12428
0 -5.58499
0 -5.42049
0 -5.42224
0 -5.58576
1 -5.56243
0 -5.56289
12 -5.44848
4 -5.48758
2 -5.64865
1 -5.51196
2 -5.46823
1 -5.55263
0 -5.62768
0 -5.5661
